fragments version 0 31

    fragment  -0.5773503000 0.5773503000 0.5773503000 2 11
        endpoint  1,2  -2428.08943248 -98.75273358 -2313.73994142 -2
        endpoint  4,44  -521.84431587 -1938.70202843 -4159.92972440 -2
        interior  0,24  -2179.18588319 -283.64203424 -2644.50473021
        interior  0,26  -1938.43446331 -414.20703283 -2977.79212962
        interior  0,14  -1793.15442558 -472.70016889 -3253.53423255
        interior  0,20  -1627.68617143 -468.34931211 -3513.87692516
        interior  0,6  -1519.90147054 -441.58766816 -3642.60563865
        interior  0,124  -1454.31678485 -385.09842474 -3703.51305027
        interior  0,23  -1426.73347892 -498.14332399 -3663.67087980
        interior  0,9  -1249.65941387 -832.06022920 -3688.50934478
        interior  0,8  -1137.17130977 -999.93674056 -3711.47153727
        interior  0,0  -973.67689244 -1274.02425510 -3790.13703430
        interior  0,18  -768.56040883 -1595.04757833 -3939.61976362

    fragment  -0.5773503000 -0.5773503000 0.5773503000 2 13
        endpoint  1,29  -2656.31535281 -1807.12642279 -2495.85254235 -2
        endpoint  1,24  -1012.05157069 67.31492919 4355.56538511 -2
        interior  0,12  -2407.32947238 -1471.05712606 -2695.01637167
        interior  0,7  -2280.73628948 -1158.95888024 -2673.08679183
        interior  0,3  -2290.91098282 -1081.97717825 -2636.56522245
        interior  0,1  -2363.13786518 -1069.03377925 -2827.37943010
        interior  0,16  -2196.26274914 -981.01695666 -3183.85440601
        interior  0,17  -2008.82428455 -759.49322156 -3296.82677082
        interior  0,21  -1939.60505926 -720.33366600 -3280.26908978
        interior  0,10  -1905.96297394 -743.68145511 -3358.17469319
        interior  0,22  -1832.11965136 -693.95440769 -3603.09092420
        interior  0,4  -1732.19316246 -630.57455446 -3801.21330909
        interior  0,13  -1558.80354259 -466.83891616 -4106.93177841
        interior  0,19  -1397.59597563 -302.37455175 -4353.35725865
        interior  0,15  -1249.93909242 -162.39900189 -4551.11082528

    fragment  0.5773503000 -0.5773503000 0.5773503000 2 2
        endpoint  2,29  -1820.97427883 244.91579911 -3121.43233186 -2
        endpoint  1,0  -1107.59437264 -380.10957264 -2336.79489962 -2
        interior  0,11  -1589.67631192 -12.88625153 -2924.57864382
        interior  0,5  -1363.13471993 -212.67816145 -2663.26258321

    fragment  -0.5773503000 0.5773503000 -0.5773503000 2 7
        endpoint  6,25  -696.08507306 -727.13569042 -1613.22159361 -2
        endpoint  0,5  -1363.13471993 -212.67816145 -2663.26258321 -2
        interior  1,18  -777.31433970 -701.08078187 -1684.49831151
        interior  1,27  -880.50645651 -592.36065675 -1787.74575408
        interior  1,1  -921.95917189 -361.05722652 -1801.63318190
        interior  1,11  -898.62251616 -388.78900636 -1893.29927518
        interior  1,25  -918.74186887 -409.80230584 -1978.31967263
        interior  1,3  -991.56194294 -425.63670524 -2119.91522227
        interior  1,0  -1107.59437264 -380.10957264 -2336.79489962

    fragment  0.5773503000 -0.5773503000 -0.5773503000 2 2
        endpoint  0,24  -2179.18588319 -283.64203424 -2644.50473021 -2
        endpoint  2,10  -2802.77118758 257.13113762 -1908.33034328 -2
        interior  1,2  -2428.08943248 -98.75273358 -2313.73994142
        interior  1,9  -2567.52568604 25.21317978 -2151.68508602

    fragment  -0.5773503000 -0.5773503000 0.5773503000 2 19
        endpoint  4,33  4581.88306620 -3638.78134004 -934.07949430 -2
        endpoint  0,12  -2407.32947238 -1471.05712606 -2695.01637167 -2
        interior  1,13  -4381.11890527 -3381.86003480 -969.24603923
        interior  1,19  -4231.45232812 -3218.89513288 -915.55343334
        interior  1,12  -4180.21603844 -3123.98692803 -851.20661155
        interior  1,16  -4170.18812776 -3059.31996466 -791.85015483
        interior  1,14  -4151.98546395 -3060.08104260 -711.24264456
        interior  1,15  -4145.92403648 -3163.50068738 -808.59340650
        interior  1,5  -4120.51787046 -3195.98623079 -888.97009183
        interior  1,22  -3989.73603101 -3238.90453905 -1000.74414789
        interior  1,20  -3775.59795992 -3204.39783926 -1219.66154625
        interior  1,4  -3514.01627516 -3043.58499672 -1475.49922913
        interior  1,30  -3288.72246343 -2799.14603177 -1699.11699397
        interior  1,28  -3116.24330794 -2539.81672331 -1882.52513099
        interior  1,10  -2980.20133988 -2241.25031965 -2009.35552818
        interior  1,23  -2952.31492555 -2029.37445933 -2059.07512294
        interior  1,8  -2924.24056260 -1915.10907776 -2005.74858846
        interior  1,17  -2918.40149402 -1842.02637432 -1919.75554895
        interior  1,6  -2978.77533194 -1842.36845278 -1958.15263060
        interior  1,26  -2898.07281446 -1930.01744543 -2181.08888011
        interior  1,29  -2656.31535281 -1807.12642279 -2495.85254235

    fragment  0.5773503000 0.5773503000 0.5773503000 2 3
        endpoint  6,2  4478.74114843 -680.06891998 598.12893786 -2
        endpoint  3,19  -4260.13084999 292.95392693 879.15539513 -2
        interior  1,21  -4493.24656305 -397.64667709 779.61686557
        interior  1,31  -4318.87949228 -57.52581349 894.81828109
        interior  1,7  -4277.38951463 142.74621560 912.97200963

    fragment  -0.5773503000 -0.5773503000 0.5773503000 2 1
        endpoint  0,15  -1249.93909242 -162.39900189 -4551.11082528 -2
        endpoint  3,43  -852.12248881 233.41765625 4224.07783604 -2
        interior  1,24  -1012.05157069 67.31492919 4355.56538511

    fragment  0.5773503000 -0.5773503000 -0.5773503000 2 19
        endpoint  1,9  -2567.52568604 25.21317978 -2151.68508602 -2
        endpoint  6,22  4459.42280477 2554.30684410 -336.90603049 -2
        interior  2,10  -2802.77118758 257.13113762 -1908.33034328
        interior  2,30  -2959.79648105 428.99276098 -1774.11752536
        interior  2,15  -3204.46286409 730.88135380 -1605.42246615
        interior  2,23  -3297.63730574 870.76929851 -1551.60904275
        interior  2,25  -3429.68516570 1087.44109123 -1501.45005516
        interior  2,22  -3529.58319523 1251.43626341 -1500.04607600
        interior  2,14  -3579.17050665 1379.03168417 -1514.41766759
        interior  2,7  -3594.95016452 1568.26906000 -1552.06985159
        interior  2,5  -3567.26027051 1687.22360664 -1597.75697613
        interior  2,4  -3550.51136864 1678.37237845 -1515.09984604
        interior  2,20  -3578.28159076 1676.97942118 -1415.75881105
        interior  2,6  -3608.67782997 1710.73500966 -1330.25421088
        interior  2,9  -3692.06493142 1816.49313735 -1189.82041518
        interior  2,2  -3794.10949535 1911.39712756 -1110.21341841
        interior  2,0  -3894.45386692 1979.58382470 -1083.72533916
        interior  2,11  -4056.94500244 2006.25074539 -958.25448122
        interior  2,8  -4215.76031348 2059.34296074 -836.95480889
        interior  2,24  -4386.90856331 2165.93627938 -650.36433963
        interior  2,26  -4545.99976744 2288.83116470 -482.62411825

    fragment  -0.5773503000 0.5773503000 -0.5773503000 2 12
        endpoint  0,11  -1589.67631192 -12.88625153 -2924.57864382 -2
        endpoint  3,13  -3197.23101357 1973.36921353 4466.37869907 -2
        interior  2,29  -1820.97427883 244.91579911 -3121.43233186
        interior  2,18  -2033.67866954 547.44560851 -3262.77186297
        interior  2,3  -2137.79205953 718.20676693 -3271.91647551
        interior  2,19  -2167.57847331 824.62894366 -3245.90008911
        interior  2,21  -2141.51513310 847.79648382 -3308.26618782
        interior  2,12  -2145.11959354 869.84486546 -3411.60191769
        interior  2,16  -2181.75637843 910.40520135 -3530.98617477
        interior  2,13  -2325.07804411 1096.68986989 -3792.10050459
        interior  2,27  -2404.52957862 1190.45973624 -3903.13278902
        interior  2,1  -2632.00582729 1421.96131841 -4159.67522906
        interior  2,31  -2836.85133331 1604.72263211 -4348.44749098
        interior  2,17  -3062.09312057 1793.79437774 -4574.74666084

    fragment  0.5773503000 -0.5773503000 0.5773503000 2 9
        endpoint  7,6  4402.08542892 3549.17374280 2931.85146159 -2
        endpoint  2,17  -3062.09312057 1793.79437774 -4574.74666084 -2
        interior  3,0  -4479.50004926 3286.94015535 3089.78779650
        interior  3,16  -4259.31344880 3075.35715201 3245.87473642
        interior  3,2  -4067.09866128 2889.35679465 3413.32063499
        interior  3,22  -3908.30666548 2727.95167041 3590.68079633
        interior  3,7  -3684.86280262 2481.36325284 3914.69718902
        interior  3,34  -3639.87178810 2444.36828552 3994.38090382
        interior  3,15  -3482.23065107 2325.18316921 4091.78805566
        interior  3,1  -3326.68069138 2151.73819632 4277.90514844
        interior  3,13  -3197.23101357 1973.36921353 4466.37869907

    fragment  -0.5773503000 -0.5773503000 -0.5773503000 2 31
        endpoint  6,45  -687.22664889 3688.64192191 -4472.54134239 -2
        endpoint  1,7  -4277.38951463 142.74621560 912.97200963 -2
        interior  3,38  -775.44362840 3647.27647979 4549.34142828
        interior  3,35  -898.11183342 3639.08800925 4352.67606203
        interior  3,41  -898.73132612 3676.10469249 4302.68554641
        interior  3,14  -969.87035431 3433.93434562 4294.25019541
        interior  3,32  -1091.51073291 3221.53172103 4194.90890548
        interior  3,39  -1272.94304474 2976.45954939 4015.71503417
        interior  3,42  -1435.53922736 2798.14178705 3861.47946207
        interior  3,30  -1592.32326900 2635.44248614 3704.18019466
        interior  3,23  -1849.37188950 2465.66975292 3433.80881406
        interior  3,10  -2031.96491900 2408.77473537 3225.73630597
        interior  3,29  -2236.74786941 2425.37988661 2971.70402684
        interior  3,12  -2278.32285649 2458.09117439 2891.23575155
        interior  3,27  -2353.05377875 2454.22782819 2897.56706717
        interior  3,24  -2443.83847444 2390.19253681 2904.29576174
        interior  3,9  -2654.60319288 2246.35414547 2815.90100157
        interior  3,5  -2815.51922633 2079.89367576 2645.82293810
        interior  3,4  -2867.84035680 1977.61125524 2505.46516000
        interior  3,25  -2864.19198709 1941.92103794 2419.48518820
        interior  3,3  -2873.36470752 1861.49587203 2423.62863952
        interior  3,20  -2988.67724891 1731.34117591 2446.87163553
        interior  3,33  -3152.57870754 1522.42396660 2428.15714432
        interior  3,26  -3367.08994966 1292.18142071 2349.43594395
        interior  3,17  -3665.87608355 955.00930838 2162.28680017
        interior  3,21  -3853.80633239 762.06703449 1999.01055557
        interior  3,40  -4018.99242320 603.72751349 1804.43910238
        interior  3,28  -4227.46942720 433.70379658 1479.15752920
        interior  3,18  -4311.55855260 363.74571932 1257.46536222
        interior  3,31  -4359.43964017 360.80635453 1071.47850041
        interior  3,8  -4349.68182759 392.21379244 905.42144155
        interior  3,11  -4332.69657497 474.57133271 804.37879425
        interior  3,19  -4260.13084999 292.95392693 879.15539513

    fragment  0.5773503000 0.5773503000 -0.5773503000 2 1
        endpoint  7,26  -657.31564776 438.63745965 4077.94696346 -2
        endpoint  1,24  -1012.05157069 67.31492919 4355.56538511 -2
        interior  3,43  -852.12248881 233.41765625 4224.07783604

    fragment  0.5773503000 -0.5773503000 0.5773503000 2 6
        endpoint  5,14  946.55707974 -2148.33417185 115.04208896 -2
        endpoint  5,36  1550.19747718 -3188.34768246 347.87725737 -2
        interior  4,21  997.20290932 -2172.85553215 29.96601843
        interior  4,5  1022.53086515 -2240.56770764 -26.62493769
        interior  4,18  1044.44703994 -2340.49730815 -65.09515997
        interior  4,30  1097.75446507 -2561.32910603 -51.88828403
        interior  4,12  1237.48769265 -2805.47571335 45.21998090
        interior  4,0  1298.12057531 -2869.38434975 89.62735874

    fragment  0.5773503000 0.5773503000 0.5773503000 2 22
        endpoint  6,51  328.71950058 4471.35527031 -3294.76157348 -2
        endpoint  6,54  2623.46679279 -1778.38490261 -1339.13627521 -2
        interior  4,4  512.90116683 -4487.87793962 -3132.03412991
        interior  4,46  660.55419530 -4281.63050659 -3024.96032686
        interior  4,25  838.05643493 -3988.01180778 -2927.04979632
        interior  4,32  937.05395979 -3805.82896939 -2914.03762839
        interior  4,19  981.33192096 -3677.20273009 -2922.71343774
        interior  4,13  1028.83978800 -3530.43277099 -2966.49785681
        interior  4,16  1036.56648214 -3431.52273541 -3014.14194169
        interior  4,7  1002.02263876 -3343.77930170 -3075.94701226
        interior  4,24  919.44626784 -3345.87253594 -3005.23704060
        interior  4,34  883.11069765 -3355.10618948 -2863.96936434
        interior  4,1  959.00464672 -3282.54992961 -2524.20339984
        interior  4,10  1077.64991097 -3175.85096589 -2328.80704924
        interior  4,22  1227.88497737 -3022.24658624 -2172.07760818
        interior  4,39  1380.43892166 -2869.42641109 -2019.68913933
        interior  4,43  1565.39103752 -2677.61861386 -1928.65696240
        interior  4,27  1773.70191935 -2461.99276808 -1950.78022102
        interior  4,31  1869.12464677 -2388.73983078 -2029.00244166
        interior  4,28  1935.76224736 -2408.87562944 -2063.18296738
        interior  4,6  2038.20812226 -2484.07326325 -1820.71190413
        interior  4,47  2220.58810896 -2391.32037496 -1545.81358583
        interior  4,40  2438.58614285 -2161.43561122 -1345.16825234
        interior  4,48  2564.58559285 -1957.40100785 -1289.17126125

    fragment  0.5773503000 0.5773503000 0.5773503000 2 2
        endpoint  6,54  2623.46679279 -1778.38490261 -1339.13627521 -2
        endpoint  6,40  3238.32631088 -1734.68849735 -800.22389574 -2
        interior  4,17  2760.38114091 -1850.19642649 -1298.98306582
        interior  4,2  3012.01581356 -1850.95084485 -1043.63281969

    fragment  -0.5773503000 0.5773503000 -0.5773503000 2 6
        endpoint  5,14  946.55707974 -2148.33417185 115.04208896 -2
        endpoint  6,50  310.89423638 -1764.68587978 -1013.33042186 -2
        interior  4,14  895.88836450 -2253.45729268 42.47972459
        interior  4,36  877.06373881 -2298.89651133 -52.18110264
        interior  4,3  846.45692246 -2316.23407029 -191.81496774
        interior  4,15  742.99955936 -2272.96526741 -389.02537787
        interior  4,9  667.67751929 -2158.65622888 -533.50133519
        interior  4,23  465.01890714 -1923.80860354 -840.54503767

    fragment  -0.5773503000 -0.5773503000 0.5773503000 2 4
        endpoint  6,9  3569.43482022 4517.83643687 -33.50721859 -2
        endpoint  1,13  -4381.11890527 -3381.86003480 -969.24603923 -2
        interior  4,11  3810.59684913 -4430.93447279 -341.12187910
        interior  4,35  4006.43990116 -4238.52873621 -543.39350032
        interior  4,8  4299.49339709 -3926.66649224 -770.03853724
        interior  4,33  4581.88306620 -3638.78134004 -934.07949430

    fragment  -0.5773503000 0.5773503000 0.5773503000 2 3
        endpoint  0,18  -768.56040883 -1595.04757833 -3939.61976362 -2
        endpoint  5,32  24.24489642 -2473.11697939 4466.30688734 -2
        interior  4,44  -521.84431587 -1938.70202843 -4159.92972440
        interior  4,29  -301.92689995 -2202.62642500 -4376.30892772
        interior  4,20  -146.23381050 -2336.30980531 -4534.23589608

    fragment  0.5773503000 -0.5773503000 0.5773503000 2 15
        endpoint  4,0  1298.12057531 -2869.38434975 89.62735874 -2
        endpoint  7,39  3129.52002226 4423.52572507 1797.62541355 -2
        interior  5,36  1550.19747718 -3188.34768246 347.87725737
        interior  5,35  1735.18029068 -3388.39712723 530.58741300
        interior  5,9  1889.66199001 -3520.79936655 685.01532271
        interior  5,20  2096.19518312 -3680.43859890 889.11906839
        interior  5,7  2244.16546030 -3801.26441250 1061.01285853
        interior  5,2  2341.99540979 -3851.49543426 1166.98903796
        interior  5,1  2492.90743615 -3887.04346755 1363.89922658
        interior  5,18  2586.75845016 -3855.51810677 1493.47865865
        interior  5,16  2611.02565076 -3808.58253379 1593.61222357
        interior  5,12  2566.80636205 -3752.96271297 1718.03161317
        interior  5,11  2534.17932860 -3811.60933342 1677.29680886
        interior  5,3  2568.71412731 -3927.32137671 1584.19300504
        interior  5,10  2600.04540532 -4031.95829741 1546.86838309
        interior  5,29  2694.71585621 -4182.56985922 1533.91209587
        interior  5,19  2849.10435449 -4422.89411303 1603.94914038

    fragment  -0.5773503000 0.5773503000 0.5773503000 2 17
        endpoint  4,20  -146.23381050 -2336.30980531 -4534.23589608 -2
        endpoint  7,40  1855.92462243 4561.11233581 2495.42736919 -2
        interior  5,32  24.24489642 -2473.11697939 4466.30688734
        interior  5,4  238.61722295 -2603.68351479 4227.52123211
        interior  5,27  456.70563668 -2683.07644388 3940.25467469
        interior  5,28  537.03496527 -2671.05555605 3781.90046663
        interior  5,24  564.17055585 -2638.25316221 3658.08699908
        interior  5,23  587.25653923 -2547.35941225 3517.26985244
        interior  5,22  537.68216653 -2501.88117505 3479.48737837
        interior  5,5  498.76161733 -2576.01497863 3554.57671597
        interior  5,6  516.13062118 -2710.32201795 3609.02347540
        interior  5,26  536.06825893 -2833.03921570 3624.15474789
        interior  5,21  609.85686744 -3082.09408463 3567.02274254
        interior  5,30  776.27682898 -3349.93199433 3461.93675743
        interior  5,8  981.14357221 -3632.32597334 3279.54865813
        interior  5,13  1223.91196856 -3940.95375783 3087.52805791
        interior  5,15  1370.85148279 -4111.01494112 2963.21660813
        interior  5,25  1512.68863000 -4274.34125643 2842.00166513
        interior  5,17  1672.14907350 -4448.15199724 2692.64123737

    fragment  0.5773503000 -0.5773503000 0.5773503000 2 1
        endpoint  4,14  895.88836450 -2253.45729268 42.47972459 -2
        endpoint  4,21  997.20290932 -2172.85553215 29.96601843 -2
        interior  5,14  946.55707974 -2148.33417185 115.04208896

    fragment  0.5773503000 0.5773503000 0.5773503000 2 9
        endpoint  4,2  3012.01581356 -1850.95084485 -1043.63281969 -2
        endpoint  1,21  -4493.24656305 -397.64667709 779.61686557 -2
        interior  6,40  3238.32631088 -1734.68849735 -800.22389574
        interior  6,17  3446.76763155 -1546.30347195 -589.62467314
        interior  6,23  3657.18301816 -1190.41087391 -399.03364840
        interior  6,35  3643.59265493 -1009.61845120 -398.03345810
        interior  6,33  3694.44348859 -1082.21534030 -286.61044573
        interior  6,42  3845.05912497 -1080.12773776 -113.27879197
        interior  6,0  4071.08171594 -986.35970225 163.82978867
        interior  6,20  4237.13502431 -882.83411288 348.21894073
        interior  6,2  4478.74114843 -680.06891998 598.12893786

    fragment  0.5773503000 0.5773503000 -0.5773503000 2 12
        endpoint  4,11  3810.59684913 -4430.93447279 -341.12187910 -2
        endpoint  7,30  1805.41070683 2704.05510104 1926.43721204 -2
        interior  6,9  3569.43482022 4517.83643687 -33.50721859
        interior  6,19  3343.09022629 4295.68998736 307.00172613
        interior  6,30  3215.05914398 4200.88950326 538.25259887
        interior  6,44  3172.70595336 4173.24380887 687.60054350
        interior  6,39  3201.91755156 4164.42731142 803.23228304
        interior  6,49  3120.91332322 4037.86242300 757.65132014
        interior  6,18  3008.31081504 3910.30001312 779.18817211
        interior  6,1  2857.46411058 3756.88054292 845.95907902
        interior  6,32  2636.47581713 3544.16232441 981.22888717
        interior  6,27  2474.79394876 3385.43881449 1098.63678212
        interior  6,10  2274.11782782 3185.46654852 1282.59072383
        interior  6,13  2020.10302008 2926.23912127 1586.11518132

    fragment  0.5773503000 -0.5773503000 -0.5773503000 2 20
        endpoint  2,26  -4545.99976744 2288.83116470 -482.62411825 -2
        endpoint  7,9  2499.27320596 4154.20655998 1712.79275693 -2
        interior  6,22  4459.42280477 2554.30684410 -336.90603049
        interior  6,43  4470.41994927 2761.24912568 -279.38411783
        interior  6,28  4499.08158808 2773.48087881 -201.93987609
        interior  6,3  4444.24461983 2767.44937122 17.03950069
        interior  6,46  4328.62655793 2803.15071418 237.30853631
        interior  6,52  4144.21966767 2900.15853898 487.47715721
        interior  6,41  3915.97910621 3076.57676977 769.39587940
        interior  6,53  3769.69269024 3217.30597322 918.17074613
        interior  6,38  3623.40627428 3358.03517667 1066.94561286
        interior  6,6  3455.29196176 3558.62436546 1207.41056641
        interior  6,48  3255.62393123 3851.88325681 1330.53225336
        interior  6,37  3140.05585409 4047.02128962 1352.66542152
        interior  6,11  3083.15071238 4144.11088943 1337.22826747
        interior  6,12  3006.33607732 4262.75740721 1288.92362875
        interior  6,15  2955.66511372 4380.57500841 1205.95921314
        interior  6,8  2901.51163384 4390.85571563 1098.65525056
        interior  6,34  2859.89625661 4258.11010777 1180.04559770
        interior  6,7  2814.13585028 4192.91165194 1294.02163707
        interior  6,4  2732.76257748 4153.33772641 1422.00021590
        interior  6,16  2548.40414024 4142.34415952 1624.98233149

    fragment  0.5773503000 -0.5773503000 0.5773503000 2 7
        endpoint  1,18  -777.31433970 -701.08078187 -1684.49831151 -2
        endpoint  4,23  465.01890714 -1923.80860354 -840.54503767 -2
        interior  6,25  -696.08507306 -727.13569042 -1613.22159361
        interior  6,5  -583.73442048 -874.40340347 -1610.30221680
        interior  6,24  -464.42340806 -1056.03409544 -1565.80270468
        interior  6,47  -397.35604935 -1130.09042871 -1531.31822509
        interior  6,14  -137.40341147 -1345.25799365 -1357.93430013
        interior  6,31  146.77067465 -1605.20290566 -1161.88536629
        interior  6,50  310.89423638 -1764.68587978 -1013.33042186

    fragment  -0.5773503000 -0.5773503000 -0.5773503000 2 6
        endpoint  4,4  512.90116683 -4487.87793962 -3132.03412991 -2
        endpoint  3,38  -775.44362840 3647.27647979 4549.34142828 -2
        interior  6,51  328.71950058 4471.35527031 -3294.76157348
        interior  6,21  54.32490457 4201.55023615 -3574.39449676
        interior  6,29  -160.96364233 4024.21902667 -3811.93486501
        interior  6,36  -300.09744490 3918.60815106 -3975.85119463
        interior  6,26  -439.99974919 3824.61875433 -4149.57600891
        interior  6,45  -687.22664889 3688.64192191 -4472.54134239

    fragment  -0.5773503000 -0.5773503000 -0.5773503000 2 1
        endpoint  4,17  2760.38114091 -1850.19642649 -1298.98306582 -2
        endpoint  4,48  2564.58559285 -1957.40100785 -1289.17126125 -2
        interior  6,54  2623.46679279 -1778.38490261 -1339.13627521

    fragment  -0.5773503000 -0.5773503000 0.5773503000 2 23
        endpoint  3,43  -852.12248881 233.41765625 4224.07783604 -2
        endpoint  6,13  2020.10302008 2926.23912127 1586.11518132 -2
        interior  7,26  -657.31564776 438.63745965 4077.94696346
        interior  7,18  -470.21636605 621.22662233 3954.55800221
        interior  7,38  -185.40965292 915.29975026 3817.03827739
        interior  7,10  -66.86512745 1069.75827340 3797.86353639
        interior  7,0  81.89505684 1244.54695481 3823.11077417
        interior  7,28  151.42758797 1416.54216986 3897.42581658
        interior  7,24  229.31531051 1457.89248153 3989.83494222
        interior  7,19  268.64334702 1442.37884943 4057.16765474
        interior  7,3  268.02995275 1362.21576279 3982.41628607
        interior  7,27  372.38888863 1280.16463317 3856.56848340
        interior  7,2  474.36899398 1251.04236564 3715.57168223
        interior  7,25  622.63380881 1264.90574583 3553.67933043
        interior  7,31  843.55807486 1368.45831935 3299.22781210
        interior  7,22  1061.42614902 1533.33582476 3073.38330547
        interior  7,12  1199.13803517 1696.47071444 2937.79103457
        interior  7,7  1336.84992132 1859.60560412 2802.19876366
        interior  7,37  1537.33653487 2179.80941820 2640.80217906
        interior  7,36  1595.30733894 2373.24933189 2591.95117076
        interior  7,29  1620.50489002 2532.30658020 2608.21895400
        interior  7,33  1556.28711133 2640.96650668 2611.38969920
        interior  7,34  1605.11375881 2557.42168603 2399.80650583
        interior  7,13  1681.33628092 2591.67748580 2177.32719669
        interior  7,30  1805.41070683 2704.05510104 1926.43721204

    fragment  0.5773503000 -0.5773503000 -0.5773503000 2 4
        endpoint  6,16  2548.40414024 4142.34415952 1624.98233149 -2
        endpoint  5,17  1672.14907350 -4448.15199724 2692.64123737 -2
        interior  7,9  2499.27320596 4154.20655998 1712.79275693
        interior  7,1  2307.37881508 4228.62210041 1949.77738744
        interior  7,11  2117.80980221 4351.81576084 2178.11895005
        interior  7,40  1855.92462243 4561.11233581 2495.42736919

    fragment  -0.5773503000 0.5773503000 -0.5773503000 2 14
        endpoint  3,0  -4479.50004926 3286.94015535 3089.78779650 -2
        endpoint  5,19  2849.10435449 -4422.89411303 1603.94914038 -2
        interior  7,6  4402.08542892 3549.17374280 2931.85146159
        interior  7,8  4264.53845644 3648.31400516 2887.91181387
        interior  7,20  4105.60241405 3784.96601240 2866.38225514
        interior  7,5  3995.56376269 3892.03217793 2902.17928667
        interior  7,35  3969.11563059 3954.93086457 2944.02416836
        interior  7,23  3911.69654622 4038.92579367 3052.85023329
        interior  7,21  3892.45660093 3969.81057312 2995.10143205
        interior  7,17  3896.73175772 3921.76104022 2918.34004560
        interior  7,4  3868.01278557 3875.53392505 2818.22880246
        interior  7,16  3814.98057053 3870.48895502 2657.57344944
        interior  7,14  3669.74814179 3929.27750712 2421.22121489
        interior  7,41  3493.43004850 4064.62922239 2173.07860849
        interior  7,32  3340.87621868 4200.72220448 1995.26221552
        interior  7,39  3129.52002226 4423.52572507 1797.62541355

