fragments version 0 50

    fragment  -0.5773503000 0.5773503000 0.5773503000 2 8
        endpoint  2,39  -1583.36252628 -431.15372534 -3422.63208120 -2
        endpoint  2,37  -1485.27889253 -406.10732872 -3654.21231689 -2
        interior  0,8  -1626.78599294 -513.84910683 -3218.28098357
        interior  0,0  -1633.40957041 -628.43914671 -3121.18201385
        interior  0,18  -1606.03065167 -790.67285356 -3089.39609902
        interior  0,37  -1537.67058406 -1028.36469376 -3136.84644252
        interior  0,24  -1434.89510294 -1044.26819271 -3373.26378784
        interior  0,26  -1375.62507924 -983.49299025 -3535.61345545
        interior  0,14  -1383.68304727 -883.26231606 -3661.72291889
        interior  0,20  -1427.71066799 -671.72043178 -3711.58469070

    fragment  -0.5773503000 -0.5773503000 0.5773503000 2 17
        endpoint  1,0  -2907.17981800 -2266.88920377 -2362.94809379 -2
        endpoint  1,11  -1787.87232724 -974.97944774 4431.40614933 -2
        interior  0,9  -2619.74579930 -2180.91622414 -2740.98159688
        interior  0,35  -2357.54947275 -1945.81679243 -3012.00393626
        interior  0,27  -2160.30286469 -1615.39154844 -3154.61034119
        interior  0,34  -2081.71063915 -1416.34337831 -3172.71608669
        interior  0,12  -2025.54117184 -1129.70936383 -3106.99970275
        interior  0,7  -2079.74343291 -970.65529064 -2886.13114727
        interior  0,13  -2176.98437036 -969.56002421 -2768.56795221
        interior  0,1  -2411.47536250 -1122.38723863 -2776.47834143
        interior  0,10  -2437.05469936 -1275.65708853 -2829.43584339
        interior  0,22  -2480.87930405 -1346.09636039 -2958.05880045
        interior  0,4  -2484.50288531 -1386.37612581 -3059.45871669
        interior  0,19  -2485.83004758 -1396.53327813 -3293.97350339
        interior  0,15  -2451.85836683 -1403.49432523 -3473.70144485
        interior  0,28  -2364.42594416 -1391.16581336 -3728.05990689
        interior  0,16  -2192.72495280 -1286.25741516 -4112.78106337
        interior  0,6  -2063.49076081 -1198.31781226 -4339.57069327
        interior  0,11  -1949.65473428 -1115.03475688 -4507.42838962

    fragment  -0.5773503000 0.5773503000 -0.5773503000 2 4
        endpoint  1,41  -745.70685211 -1068.61380164 -2310.76278915 -2
        endpoint  2,51  -1704.41685210 -349.61184083 -3549.70429692 -2
        interior  0,25  -845.99728410 -1041.49049577 -2513.82855198
        interior  0,2  -1029.07509281 -951.69896719 -2781.53479486
        interior  0,5  -1250.11175525 -774.40237648 -3066.00859642
        interior  0,43  -1464.13839628 -578.51469707 -3291.38665582

    fragment  0.5773503000 -0.5773503000 -0.5773503000 2 12
        endpoint  4,29  -351.95462906 -2830.88198367 -3815.10948028 -2
        endpoint  1,40  -1989.23114049 -953.51132276 -2237.81170087 -2
        interior  0,38  -641.46549951 -2523.74971386 -3561.49411544
        interior  0,23  -830.74406273 -2316.42646724 -3395.94926694
        interior  0,36  -1043.36941014 -2052.99603653 -3232.99626177
        interior  0,32  -1245.91474297 -1809.34698927 -3110.07444050
        interior  0,33  -1361.73346818 -1649.10557468 -3060.60611842
        interior  0,29  -1530.85100726 -1362.76593373 -3005.85475027
        interior  0,21  -1568.55311626 -1224.93314399 -3031.01364721
        interior  0,17  -1545.03214174 -1041.19606851 -3114.68887969
        interior  0,31  -1514.61152199 -1119.45567242 -3023.98281709
        interior  0,3  -1540.65804880 -1164.38716128 -2912.49169134
        interior  0,30  -1641.42601918 -1171.82735931 -2732.92215146
        interior  0,41  -1788.19716580 -1105.74265752 -2509.51433974

    fragment  -0.5773503000 -0.5773503000 0.5773503000 2 33
        endpoint  4,66  4431.45418127 -4146.63359435 -1594.36999807 -2
        endpoint  0,9  -2619.74579930 -2180.91622414 -2740.98159688 -2
        interior  1,47  -4529.55636594 -3874.92433326 -1685.83556496
        interior  1,1  -4437.50667641 -3725.46655130 -1700.90165401
        interior  1,31  -4311.46563350 -3520.87219259 -1696.60807907
        interior  1,42  -4209.61089572 -3370.87424430 -1660.54698363
        interior  1,39  -4157.20085836 -3256.20419084 -1620.28091120
        interior  1,38  -4102.99217013 -3158.78882900 -1560.70311932
        interior  1,32  -4044.41326661 -3091.72240748 -1490.37238564
        interior  1,13  -3994.01183670 -2995.48925885 -1362.66981238
        interior  1,19  -3965.07933477 -2951.91579651 -1186.41460520
        interior  1,12  -3996.86265611 -2939.55351103 -1035.27309854
        interior  1,16  -4065.70117767 -2959.30538317 -896.50153104
        interior  1,14  -4124.82538605 -3044.75248181 -764.22534657
        interior  1,15  -4218.82408589 -3225.75501813 -727.31728784
        interior  1,5  -4258.76611123 -3338.16166355 -748.13314792
        interior  1,22  -4215.82652502 -3484.46128454 -773.94966473
        interior  1,20  -4121.07569089 -3609.75751495 -873.77333731
        interior  1,4  -4046.50612963 -3662.09620786 -942.46225549
        interior  1,37  -3918.15764683 -3708.81012185 -1099.61660668
        interior  1,25  -3744.76796176 -3697.72655721 -1306.81033182
        interior  1,29  -3582.45435094 -3618.33892755 -1499.66124763
        interior  1,34  -3429.97685289 -3503.41777545 -1652.99008234
        interior  1,21  -3151.25787593 -3241.51584524 -1965.83371762
        interior  1,18  -2860.15430923 -2945.51911826 -2231.00256584
        interior  1,9  -2665.11695640 -2593.76375719 -2382.87922434
        interior  1,30  -2588.70302363 -2167.17104463 -2400.98252501
        interior  1,28  -2627.47405751 -2065.56088240 -2373.14732554
        interior  1,10  -2679.22935950 -1948.15107051 -2312.56567278
        interior  1,23  -2771.76332372 -1849.10463126 -2240.01009380
        interior  1,8  -2820.58453719 -1806.91344935 -2109.32628769
        interior  1,17  -2882.97283833 -1806.84553630 -1983.13081718
        interior  1,6  -2973.45281061 -1848.47268510 -1964.66378956
        interior  1,26  -3049.09665875 -2114.48703929 -2050.52395428
        interior  1,0  -2907.17981800 -2266.88920377 -2362.94809379

    fragment  -0.5773503000 -0.5773503000 -0.5773503000 2 3
        endpoint  3,58  -4034.67919432 -481.11074363 1351.55408502 -2
        endpoint  5,60  4421.09192336 -1471.99626287 660.36839822 -2
        interior  1,2  -4190.11384679 -827.51328480 1222.15012412
        interior  1,43  -4429.10669678 -1178.38179073 991.28478420
        interior  1,44  -4584.86704246 -1324.64249817 834.78587181

    fragment  0.5773503000 -0.5773503000 -0.5773503000 2 3
        endpoint  0,41  -1788.19716580 -1105.74265752 -2509.51433974 -2
        endpoint  2,14  -2671.52090816 -377.02470300 -1449.56584756 -2
        interior  1,40  -1989.23114049 -953.51132276 -2237.81170087
        interior  1,3  -2153.27263704 -824.06263397 -2043.08117597
        interior  1,35  -2416.22607626 -589.29482226 -1732.35549826

    fragment  0.5773503000 -0.5773503000 0.5773503000 0 6
        interior  1,33  -799.10921460 -507.22888895 -1703.38848202
        interior  1,24  -870.57385237 -540.43469433 -1777.43460914
        interior  1,27  -856.80431638 -601.05981555 -1889.09475587
        interior  1,46  -812.18075265 -708.32842922 -1950.68748627
        interior  1,49  -744.56952166 -736.39772292 -1957.30675556
        interior  1,7  -709.28733748 -625.11568574 -1767.61866476

    fragment  -0.5773503000 -0.5773503000 0.5773503000 2 3
        endpoint  0,11  -1949.65473428 -1115.03475688 -4507.42838962 -2
        endpoint  3,31  -1117.90718445 -341.74040783 3621.82876994 -2
        interior  1,11  -1787.87232724 -974.97944774 4431.40614933
        interior  1,48  -1554.15032513 -766.68808258 4122.51173136
        interior  1,45  -1363.46108214 -582.91120384 3886.90360266

    fragment  -0.5773503000 0.5773503000 -0.5773503000 2 4
        endpoint  6,23  -591.33466560 -846.20513058 -2004.73523820 -2
        endpoint  0,25  -845.99728410 -1041.49049577 -2513.82855198 -2
        interior  1,50  -647.48934416 -853.16779497 -1897.71630098
        interior  1,52  -639.88167151 -959.87308173 -1964.51485465
        interior  1,51  -662.55231617 -1028.35736280 -2110.87356720
        interior  1,41  -745.70685211 -1068.61380164 -2310.76278915

    fragment  0.5773503000 0.5773503000 0.5773503000 2 3
        endpoint  3,9  -1019.33082255 3065.06567948 4569.27103025 -2
        endpoint  6,67  -546.32837698 3095.68663889 -3925.71175334 -2
        interior  2,17  -941.64478595 3024.75668854 -4470.58769294
        interior  2,0  -817.04468330 3009.97699998 -4302.59707316
        interior  2,38  -615.02924049 3065.45180439 -4023.44976934

    fragment  -0.5773503000 0.5773503000 0.5773503000 2 5
        endpoint  6,17  4474.20189864 2197.16423050 317.47543533 -2
        endpoint  6,43  4550.37131877 2674.76576222 -357.20119790 -2
        interior  2,20  -4494.18597977 2177.75727976 148.95911815
        interior  2,21  -4397.73910130 2208.27563791 -94.89675241
        interior  2,26  -4354.48207079 2302.28241528 -246.52761866
        interior  2,13  -4376.56784883 2411.93513355 -337.03398338
        interior  2,1  -4488.68477208 2582.86485060 -386.75274075

    fragment  -0.5773503000 0.5773503000 -0.5773503000 2 17
        endpoint  0,43  -1464.13839628 -578.51469707 -3291.38665582 -2
        endpoint  3,14  -3186.51583796 1159.78803314 4357.58738540 -2
        interior  2,51  -1704.41685210 -349.61184083 -3549.70429692
        interior  2,48  -1953.69941887 -59.17101756 -3745.10332802
        interior  2,45  -2174.31512333 275.07445959 -3855.14691788
        interior  2,42  -2292.11522292 482.83307095 -3852.15122157
        interior  2,28  -2344.64926585 651.69520043 -3799.48283357
        interior  2,29  -2388.35327527 791.72010835 -3712.97881062
        interior  2,18  -2379.76176347 888.95109184 -3616.21489520
        interior  2,3  -2352.32327238 930.76906504 -3495.03647203
        interior  2,19  -2288.34272492 943.48831524 -3392.99055440
        interior  2,12  -2137.27647087 858.86639916 -3406.02389314
        interior  2,31  -2008.65167700 760.22825197 -3518.55792338
        interior  2,2  -2136.32839061 639.85947671 -3677.84848748
        interior  2,43  -2217.42746003 596.65074663 -3802.81602161
        interior  2,23  -2396.94627519 590.02813112 -4009.85620425
        interior  2,46  -2543.53143648 638.79611020 -4160.92777010
        interior  2,36  -2677.53708224 721.95908448 -4307.95557438
        interior  2,8  -2935.72860251 924.50518118 -4561.38963084

    fragment  -0.5773503000 0.5773503000 0.5773503000 0 5
        interior  2,5  -3730.84602624 1834.52296393 -1419.01724684
        interior  2,7  -3822.44474585 1789.11847889 -1319.30781740
        interior  2,40  -3818.19127017 1600.89091543 -1233.38064045
        interior  2,9  -3609.91114539 1702.96457976 -1341.81750043
        interior  2,4  -3659.39241960 1781.34357226 -1402.78541590

    fragment  0.5773503000 0.5773503000 0.5773503000 2 3
        endpoint  3,40  -4084.24897182 470.84505876 1057.72751577 -2
        endpoint  6,71  4524.83054667 24.39834385 920.69820368 -2
        interior  2,6  -4319.42351474 460.48325836 828.52127408
        interior  2,11  -4456.64912540 283.50106303 798.25182566
        interior  2,41  -4585.91458371 132.12152711 843.70461563

    fragment  0.5773503000 -0.5773503000 -0.5773503000 2 17
        endpoint  1,35  -2416.22607626 -589.29482226 -1732.35549826 -2
        endpoint  6,20  4540.65901070 1729.43359560 -213.41409447 -2
        interior  2,14  -2671.52090816 -377.02470300 -1449.56584756
        interior  2,10  -2874.13970327 -187.52281660 -1232.21359099
        interior  2,50  -3020.51542992 -12.58592838 -1109.46072508
        interior  2,44  -3166.89115657 162.35095984 -986.70785917
        interior  2,16  -3352.60725513 393.64408130 -864.11952315
        interior  2,49  -3590.76699925 735.67040871 -742.39620908
        interior  2,32  -3740.30601673 1012.35577995 -691.55145830
        interior  2,35  -3846.57352165 1222.97450496 -701.56592688
        interior  2,30  -3919.76882868 1346.66342555 -745.07026254
        interior  2,15  -3969.45485202 1479.07529268 -819.58989491
        interior  2,25  -3955.48801596 1598.44665579 -959.38844408
        interior  2,22  -3932.93624153 1625.53002006 -1072.27170214
        interior  2,33  -3942.41148060 1468.20684937 -1030.54977232
        interior  2,27  -4019.79940892 1376.83304999 -901.12551957
        interior  2,34  -4139.09445182 1363.92811938 -734.30227416
        interior  2,47  -4324.85241556 1437.89530323 -525.47940713
        interior  2,24  -4487.61684864 1552.42341563 -352.28214292

    fragment  -0.5773503000 0.5773503000 0.5773503000 2 2
        endpoint  0,20  -1427.71066799 -671.72043178 -3711.58469070 -2
        endpoint  0,8  -1626.78599294 -513.84910683 -3218.28098357 -2
        interior  2,37  -1485.27889253 -406.10732872 -3654.21231689
        interior  2,39  -1583.36252628 -431.15372534 -3422.63208120

    fragment  -0.5773503000 -0.5773503000 -0.5773503000 2 34
        endpoint  2,17  -941.64478595 3024.75668854 -4470.58769294 -2
        endpoint  6,56  4572.80295224 -70.24152433 1620.49576716 -2
        interior  3,9  -1019.33082255 3065.06567948 4569.27103025
        interior  3,32  -1060.23693373 3122.58740569 4459.95044228
        interior  3,0  -1076.29138137 3278.01906852 4326.80778733
        interior  3,41  -1007.09074989 3442.07863412 4266.77303349
        interior  3,22  -918.26819029 3359.34138702 4377.93795020
        interior  3,28  -888.88576325 3262.13518528 4418.02943799
        interior  3,4  -894.19098315 3175.99388898 4428.17389511
        interior  3,44  -902.60648128 3010.79068559 4370.94892672
        interior  3,24  -968.98196544 2783.94649236 4273.64971407
        interior  3,50  -1095.52182957 2543.75368582 4138.38259396
        interior  3,25  -1356.31030157 2217.44740961 3880.22388816
        interior  3,37  -1532.20769603 2080.90750974 3703.96283420
        interior  3,34  -1763.09235052 1944.73440224 3473.96143245
        interior  3,45  -2051.54628798 1834.09046056 3213.58137117
        interior  3,30  -2238.16339204 1805.05130606 3079.22602548
        interior  3,23  -2316.46344306 1808.06413090 2997.18455360
        interior  3,10  -2448.35739136 1865.88906842 2834.96846302
        interior  3,29  -2526.61632346 2119.80585907 2685.32049139
        interior  3,27  -2511.87452900 2267.31186260 2740.17739595
        interior  3,3  -2467.81680959 2268.68339379 2832.81361408
        interior  3,20  -2458.71609189 2259.33535673 2986.37023545
        interior  3,33  -2483.30956339 2190.14666289 3108.21527295
        interior  3,26  -2546.73650607 2108.14382606 3189.15976963
        interior  3,6  -2633.25970510 1973.35871214 3251.35657650
        interior  3,17  -2787.47384467 1790.39550129 3287.35319855
        interior  3,1  -2917.35925525 1617.22825007 3284.96576810
        interior  3,48  -3167.90648084 1338.80916580 3205.68256232
        interior  3,12  -3350.07409983 1158.96992012 3099.79540049
        interior  3,52  -3517.82381382 981.77230223 2958.84358446
        interior  3,54  -3810.81797925 698.14364597 2720.55384886
        interior  3,60  -4000.22092254 502.41361444 2563.55793326
        interior  3,21  -4156.59781896 345.46991406 2420.69275217
        interior  3,57  -4302.49096830 202.10731269 2224.87177905
        interior  3,5  -4451.56612302 53.40440836 1970.24862929

    fragment  -0.5773503000 0.5773503000 -0.5773503000 2 16
        endpoint  2,8  -2935.72860251 924.50518118 -4561.38963084 -2
        endpoint  7,1  4455.86704769 3607.80366195 2500.25127906 -2
        interior  3,14  -3186.51583796 1159.78803314 4357.58738540
        interior  3,47  -3415.03874203 1525.80730059 4136.50668501
        interior  3,46  -3541.45017267 1931.14233449 4048.16050158
        interior  3,43  -3554.58484948 2072.23158634 4080.95792690
        interior  3,19  -3538.74071209 2150.70705379 4113.44460818
        interior  3,13  -3467.06856670 2231.77964378 4185.93156600
        interior  3,7  -3403.04063742 2206.56536244 4152.78415645
        interior  3,18  -3363.84690751 2198.57566060 4042.43975108
        interior  3,36  -3362.70503305 2226.74087104 3921.20985086
        interior  3,38  -3402.53302362 2360.18918196 3692.31856396
        interior  3,35  -3551.38616337 2561.23895641 3401.98172130
        interior  3,2  -3745.35695698 2779.32334378 3166.11895891
        interior  3,55  -3914.83040316 2939.99538793 3013.49942477
        interior  3,51  -4150.78400256 3157.29185637 2802.65352435
        interior  3,11  -4314.09015299 3311.69053460 2672.96989650
        interior  3,49  -4518.17105066 3475.91808324 2572.30375444

    fragment  0.5773503000 0.5773503000 -0.5773503000 2 3
        endpoint  7,15  -549.38586246 274.37595465 3225.72355130 -2
        endpoint  1,45  -1363.46108214 -582.91120384 3886.90360266 -2
        interior  3,8  -758.98373319 34.63256899 3343.78036643
        interior  3,59  -961.00566440 -179.20213019 3489.61290121
        interior  3,31  -1117.90718445 -341.74040783 3621.82876994

    fragment  -0.5773503000 -0.5773503000 -0.5773503000 2 6
        endpoint  2,6  -4319.42351474 460.48325836 828.52127408 -2
        endpoint  1,2  -4190.11384679 -827.51328480 1222.15012412 -2
        interior  3,40  -4084.24897182 470.84505876 1057.72751577
        interior  3,42  -4003.94172882 415.54606169 1188.08118234
        interior  3,53  -3936.69600300 311.16600601 1282.94609882
        interior  3,16  -3917.22697937 109.17257716 1378.08096909
        interior  3,15  -3967.05701482 -248.45551929 1391.07462919
        interior  3,58  -4034.67919432 -481.11074363 1351.55408502

    fragment  -0.5773503000 -0.5773503000 -0.5773503000 2 40
        endpoint  5,57  3642.75565864 -1451.31965026 -378.06512770 -2
        endpoint  6,62  958.62506075 4507.34906545 -2391.35137861 -2
        interior  4,45  3613.30717765 -1742.80527582 -431.87538726
        interior  4,11  3392.58879311 -2067.39800272 -576.79289750
        interior  4,55  3239.49770416 -2179.38844375 -760.50146063
        interior  4,46  3083.28445237 -2271.66939106 -964.40228236
        interior  4,2  2823.43889578 -2274.70508082 -1197.92896295
        interior  4,12  2709.26220628 -2181.59859701 -1344.20652430
        interior  4,14  2656.95066460 -1957.20596083 -1401.77214139
        interior  4,21  2651.84881260 -1765.86031454 -1309.24675239
        interior  4,48  2723.00914922 -1828.85780448 -1102.86462998
        interior  4,40  2696.81749165 -1976.13081777 -1007.56163755
        interior  4,68  2565.59950310 -2197.02025853 -983.57764547
        interior  4,52  2492.77552769 -2303.36718461 -1001.14677908
        interior  4,69  2238.29460356 -2645.61045593 -1207.94372536
        interior  4,0  1951.68227448 -2833.72635509 -1551.79410414
        interior  4,47  1857.98382759 -2871.02340579 -1764.45453428
        interior  4,53  1813.46702830 -2851.40280490 -1894.36218864
        interior  4,6  1779.55181612 -2760.19947434 -2064.28170220
        interior  4,28  1846.27842367 -2501.74897224 -2144.78153979
        interior  4,31  1855.17535519 -2404.26619480 -2039.37713844
        interior  4,27  1854.42976893 -2380.94208279 -1856.88457438
        interior  4,43  1789.26678559 -2452.24122694 -1737.00395404
        interior  4,39  1688.05428162 -2561.13186423 -1696.57115515
        interior  4,33  1415.06156381 -2730.88534100 -1753.02308180
        interior  4,26  1228.53072678 -2887.19281602 -1856.90779905
        interior  4,22  1053.02700898 -3043.87930415 -1981.42319293
        interior  4,30  839.62112000 -3314.06984481 -2340.57610719
        interior  4,10  786.83041290 -3468.32948001 -2609.41659629
        interior  4,1  769.22070128 -3473.48993228 -2742.06141563
        interior  4,34  827.85281929 -3411.75684490 -2903.94106456
        interior  4,24  974.62749664 -3292.71512557 -2948.33680614
        interior  4,7  1177.48906999 -3169.85360713 -2890.96590540
        interior  4,16  1319.53881034 -3145.93352506 -2728.62993445
        interior  4,13  1388.65259001 -3171.95523238 -2602.42796076
        interior  4,19  1426.78806384 -3229.89322073 -2476.92951935
        interior  4,32  1447.86705878 -3297.43745616 -2398.33618049
        interior  4,25  1442.37806614 -3405.23767061 -2304.07954489
        interior  4,17  1383.98295839 -3688.62705330 -2211.47353122
        interior  4,4  1351.99199825 -3813.88436603 -2191.99112613
        interior  4,50  1238.97943294 -4151.68397619 -2223.62460495
        interior  4,60  1085.60003948 -4453.66160105 -2292.19656605

    fragment  -0.5773503000 0.5773503000 -0.5773503000 2 11
        endpoint  5,62  973.97377702 -2419.25135582 -399.86147561 -2
        endpoint  6,23  -591.33466560 -846.20513058 -2004.73523820 -2
        interior  4,44  1015.98799277 -2446.79079033 -529.96540963
        interior  4,42  1017.12960604 -2455.52641450 -669.95847268
        interior  4,3  1008.39988791 -2435.46558598 -818.20192916
        interior  4,51  905.14322414 -2349.07393167 -1106.27738418
        interior  4,18  743.03376167 -2210.88905105 -1378.97782695
        interior  4,5  597.89059989 -2069.65580821 -1562.86176202
        interior  4,15  320.57942345 -1794.21044579 -1818.69697076
        interior  4,49  167.34232855 -1632.50826416 -1946.99290178
        interior  4,64  -117.48315532 -1321.18360648 -2099.43550898
        interior  4,38  -335.59550741 -1089.61743782 -2137.92327835
        interior  4,54  -492.24572749 -937.91572141 -2078.76762992

    fragment  0.5773503000 -0.5773503000 0.5773503000 2 5
        endpoint  5,56  791.92239297 -2383.76362973 -409.28308655 -2
        endpoint  5,65  1377.07677786 -3656.34555384 -329.16489569 -2
        interior  4,9  744.46179971 -2486.95529280 -480.52009145
        interior  4,8  746.90037294 -2602.93669455 -530.56366173
        interior  4,58  859.86332095 -2938.26497797 -569.66399373
        interior  4,37  1010.92662505 -3197.93490454 -534.10466955
        interior  4,57  1179.34568316 -3426.81598065 -453.98654824

    fragment  0.5773503000 0.5773503000 0.5773503000 2 4
        endpoint  5,57  3642.75565864 -1451.31965026 -378.06512770 -2
        endpoint  5,51  3523.77936583 -1624.37839821 -356.80231799 -2
        interior  4,41  3588.03768163 -1287.46234877 -462.15674345
        interior  4,63  3515.58941252 -1236.16828795 -511.59608392
        interior  4,56  3497.03950527 -1294.46672123 -486.23412892
        interior  4,20  3503.96094915 -1435.18461518 -452.87509802

    fragment  0.5773503000 -0.5773503000 -0.5773503000 2 3
        endpoint  5,61  267.96326258 -3321.43931457 4542.99987691 -2
        endpoint  0,38  -641.46549951 -2523.74971386 -3561.49411544 -2
        interior  4,36  136.48932826 -3229.48128745 -4420.46283141
        interior  4,23  -123.41895375 -3035.10713263 -4087.78897970
        interior  4,29  -351.95462906 -2830.88198367 -3815.10948028

    fragment  -0.5773503000 -0.5773503000 0.5773503000 2 2
        endpoint  6,72  3984.18794054 4499.06675558 -1267.37765982 -2
        endpoint  1,47  -4529.55636594 -3874.92433326 -1685.83556496 -2
        interior  4,35  4177.14143593 -4461.14452606 -1424.90164943
        interior  4,66  4431.45418127 -4146.63359435 -1594.36999807

    fragment  0.5773503000 -0.5773503000 0.5773503000 0 8
        interior  5,38  916.08669871 -2136.47799369 -132.67140651
        interior  5,46  908.61835225 -2208.84494227 -201.32572128
        interior  5,32  946.00796488 -2443.61061692 -212.57190297
        interior  5,42  984.50251875 -2455.08507602 -53.29755836
        interior  5,17  993.99331692 -2416.38452798 61.86866858
        interior  5,34  976.26592910 -2331.39891929 120.94794354
        interior  5,14  948.76930702 -2158.34985807 107.44166280
        interior  5,1  934.90580270 -2113.70854577 -30.48746111

    fragment  0.5773503000 -0.5773503000 -0.5773503000 2 23
        endpoint  7,59  1244.60369319 4468.62192636 3545.77725904 -2
        endpoint  4,36  136.48932826 -3229.48128745 -4420.46283141 -2
        interior  5,15  1021.05194783 -4449.57574248 3749.98864435
        interior  5,58  809.66017186 -4190.47645736 3928.71802388
        interior  5,68  601.72159975 -3923.17393595 4063.33452763
        interior  5,39  397.56020801 -3634.05880486 4152.12213595
        interior  5,25  314.57984186 -3434.52145991 4176.88480155
        interior  5,33  286.51224518 -3289.38405081 4181.50389091
        interior  5,40  233.83320572 -3037.64544032 4152.95246411
        interior  5,8  184.41402473 -2849.72579958 4087.50706984
        interior  5,21  188.92857667 -2662.36211942 3991.31839785
        interior  5,26  252.07023228 -2553.42733194 3910.37729707
        interior  5,6  306.26260476 -2496.36780107 3818.58382284
        interior  5,5  391.24101392 -2471.68310484 3667.11883478
        interior  5,22  538.33990409 -2519.20548082 3498.49010955
        interior  5,23  672.80233986 -2639.71672736 3432.73121057
        interior  5,24  780.01874407 -2850.42506601 3434.53624851
        interior  5,28  827.95029357 -2965.26407785 3490.15165713
        interior  5,27  830.64584346 -3066.94227784 3569.72443178
        interior  5,4  783.62626464 -3163.20887650 3686.27500523
        interior  5,13  650.27158509 -3264.16529758 3856.35655395
        interior  5,2  569.42556055 -3313.52900661 3978.44930761
        interior  5,30  488.53048810 -3355.57279020 4127.32626899
        interior  5,44  381.64662034 -3365.79505762 4336.61881539
        interior  5,61  267.96326258 -3321.43931457 4542.99987691

    fragment  -0.5773503000 0.5773503000 -0.5773503000 0 6
        interior  5,11  2493.40007462 -3769.38958823 1628.07316574
        interior  5,12  2552.57178797 -3752.82927100 1681.99842474
        interior  5,16  2650.67770631 -3852.91440672 1636.87634326
        interior  5,18  2658.08918192 -3930.76026958 1567.99440913
        interior  5,29  2557.08490619 -4007.38825425 1418.03115934
        interior  5,3  2481.12520190 -3830.15374417 1504.59137463

    fragment  0.5773503000 -0.5773503000 0.5773503000 2 15
        endpoint  4,57  1179.34568316 -3426.81598065 -453.98654824 -2
        endpoint  6,57  2825.05801895 4463.50382022 1180.08497122 -3
        interior  5,65  1377.07677786 -3656.34555384 -329.16489569
        interior  5,59  1518.17444299 -3814.83944762 -224.28399173
        interior  5,35  1723.63757351 -4029.35363387 -31.12677606
        interior  5,67  1891.20116733 -4179.07948173 167.54728998
        interior  5,48  2086.22611870 -4341.53450665 440.13602660
        interior  5,10  2273.67778890 -4456.22472275 739.45932506
        interior  5,37  2367.91175742 -4465.49443717 921.63977877
        interior  5,41  2442.38257623 -4431.78693941 1080.67690343
        interior  5,31  2504.24926713 -4323.22732950 1249.59800077
        interior  5,9  2501.61854105 -4195.03958440 1291.01752453
        interior  5,20  2499.51238759 -4102.74970498 1278.36307163
        interior  5,36  2489.89554494 -4141.81025692 1111.46323821
        interior  5,19  2505.60548765 -4241.18989462 1042.90379073
        interior  5,7  2562.72112027 -4345.69560602 1013.26801579
        interior  5,55  2638.08016946 -4469.32029586 1021.45841322

    fragment  -0.5773503000 -0.5773503000 -0.5773503000 2 7
        endpoint  1,44  -4584.86704246 -1324.64249817 834.78587181 -2
        endpoint  4,20  3503.96094915 -1435.18461518 -452.87509802 -2
        interior  5,60  4421.09192336 -1471.99626287 660.36839822
        interior  5,54  4137.11888649 -1667.17889060 377.73404843
        interior  5,53  4021.57919595 -1722.05777151 244.84464344
        interior  5,49  3848.28291561 -1767.63819014 63.20729598
        interior  5,47  3755.26294563 -1766.70809475 -54.24174150
        interior  5,43  3652.69562498 -1738.44253383 -175.98457113
        interior  5,51  3523.77936583 -1624.37839821 -356.80231799

    fragment  -0.5773503000 0.5773503000 -0.5773503000 2 3
        endpoint  4,9  744.46179971 -2486.95529280 -480.52009145 -2
        endpoint  4,44  1015.98799277 -2446.79079033 -529.96540963 -2
        interior  5,56  791.92239297 -2383.76362973 -409.28308655
        interior  5,52  843.76365952 -2355.91811215 -337.91559502
        interior  5,62  973.97377702 -2419.25135582 -399.86147561

    fragment  0.5773503000 0.5773503000 0.5773503000 2 1
        endpoint  4,45  3613.30717765 -1742.80527582 -431.87538726 -2
        endpoint  4,41  3588.03768163 -1287.46234877 -462.15674345 -2
        interior  5,57  3642.75565864 -1451.31965026 -378.06512770

    fragment  0.5773503000 0.5773503000 -0.5773503000 2 22
        endpoint  4,35  4177.14143593 -4461.14452606 -1424.90164943 -2
        endpoint  7,61  1318.34574539 2262.65645950 1979.21195444 -2
        interior  6,72  3984.18794054 4499.06675558 -1267.37765982
        interior  6,1  3709.59974795 4232.58649003 -980.13019745
        interior  6,9  3532.54235169 4077.29272436 -765.59475810
        interior  6,42  3335.08976469 3915.09661514 -517.74680151
        interior  6,5  3194.40502620 3811.29366355 -320.59632076
        interior  6,49  3064.27843471 3720.08340984 -101.15238466
        interior  6,60  2972.39287080 3687.47099590 70.15511905
        interior  6,65  2909.08347756 3693.71187246 248.78804537
        interior  6,25  2898.39765995 3738.48904844 406.86095138
        interior  6,32  2924.65380569 3844.12878620 508.42139534
        interior  6,45  2889.65858926 3834.75518273 415.43393086
        interior  6,11  2765.05949950 3707.06386520 343.58459698
        interior  6,61  2604.34803447 3569.59993110 355.59294992
        interior  6,13  2525.33029707 3503.39719970 376.40117463
        interior  6,38  2315.92350067 3295.39814518 488.16074979
        interior  6,50  2168.17715752 3149.18897093 588.93646741
        interior  6,10  1968.61592371 2953.22191224 762.31909470
        interior  6,0  1803.94064729 2784.55042046 962.06659857
        interior  6,63  1685.40799962 2664.54261780 1146.74068284
        interior  6,70  1566.87535195 2544.53481515 1331.41476711
        interior  6,55  1484.09972980 2443.53731993 1504.38500295
        interior  6,66  1386.34838498 2326.33045588 1750.29416630

    fragment  0.5773503000 -0.5773503000 -0.5773503000 2 9
        endpoint  2,20  -4494.18597977 2177.75727976 148.95911815 -2
        endpoint  7,60  2923.39520563 3932.83842298 1905.01359147 -2
        interior  6,17  4474.20189864 2197.16423050 317.47543533
        interior  6,69  4327.95533644 2233.05657140 454.82900797
        interior  6,35  4200.44155666 2293.60273471 583.58275606
        interior  6,73  3896.07159077 2492.01443778 858.57235016
        interior  6,27  3648.71063909 2681.93940599 1098.45261910
        interior  6,2  3448.25539868 2905.24007761 1301.40023452
        interior  6,26  3288.58515240 3123.87522450 1470.72812980
        interior  6,41  3108.88336110 3397.37531585 1680.58225666
        interior  6,30  2972.59555809 3686.25763698 1816.71633760

    fragment  0.5773503000 0.5773503000 0.5773503000 2 5
        endpoint  2,41  -4585.91458371 132.12152711 843.70461563 -2
        endpoint  3,5  -4451.56612302 53.40440836 1970.24862929 -2
        interior  6,71  4524.83054667 24.39834385 920.69820368
        interior  6,58  4492.46413838 -25.95463787 1038.73242418
        interior  6,3  4496.41550187 -73.66945677 1207.84807906
        interior  6,75  4509.19343745 -85.22306973 1395.29514876
        interior  6,56  4572.80295224 -70.24152433 1620.49576716

    fragment  0.5773503000 -0.5773503000 -0.5773503000 2 9
        endpoint  6,57  2825.05801895 4463.50382022 1180.08497122 3
        endpoint  7,50  2494.78101841 3450.95145030 2051.44592979 -2
        interior  6,8  2947.99435971 4339.92490066 1058.08695597
        interior  6,34  3059.44564155 4061.45954009 979.55189323
        interior  6,7  3099.87634133 3906.93715555 1006.95363200
        interior  6,4  3098.03990877 3783.48647287 1056.32834793
        interior  6,40  3041.02886670 3650.09264158 1132.83263795
        interior  6,47  2978.78872461 3540.73204509 1286.55921291
        interior  6,46  2905.45681616 3474.08372654 1474.16417583
        interior  6,19  2784.42504661 3433.75623400 1665.86821537
        interior  6,28  2628.82954032 3427.92132840 1861.06616617

    fragment  -0.5773503000 0.5773503000 0.5773503000 2 4
        endpoint  6,14  2880.68369393 4448.27143188 1262.12022712 3
        endpoint  7,60  2923.39520563 3932.83842298 1905.01359147 -2
        interior  6,12  2781.67560355 4487.33727055 1513.86563078
        interior  6,37  2773.44084336 4412.90876938 1720.59546447
        interior  6,48  2792.27802739 4287.48877506 1821.26113582
        interior  6,6  2850.13007331 4081.68245711 1887.15839701

    fragment  0.5773503000 -0.5773503000 0.5773503000 2 4
        endpoint  6,14  2880.68369393 4448.27143188 1262.12022712 3
        endpoint  7,58  3810.70173068 3423.89593600 2088.51400803 -2
        interior  6,59  2958.99840781 4320.17857495 1274.05209084
        interior  6,15  3064.21043871 4169.55574836 1347.51203964
        interior  6,76  3311.04383745 3899.30930153 1545.60383423
        interior  6,36  3583.09650994 3611.88720756 1805.45731093

    fragment  0.0000000000 0.0000000000 -1.1547006000 2 0
        endpoint  6,14  2880.68369393 4448.27143188 1262.12022712 3
        endpoint  6,57  2825.05801895 4463.50382022 1180.08497122 3

    fragment  -0.5773503000 -0.5773503000 0.5773503000 0 4
        interior  6,39  3166.24114974 4125.63006704 758.36929574
        interior  6,44  3110.24869054 4104.02195982 744.49652589
        interior  6,29  3027.96086645 3957.26876912 510.89622437
        interior  6,18  3156.91443707 4061.84545630 619.19390753

    fragment  -0.5773503000 0.5773503000 0.5773503000 2 6
        endpoint  2,1  -4488.68477208 2582.86485060 -386.75274075 -2
        endpoint  2,24  -4487.61684864 1552.42341563 -352.28214292 -2
        interior  6,43  4550.37131877 2674.76576222 -357.20119790
        interior  6,22  4354.29261368 2656.97029253 -228.89219409
        interior  6,53  4280.61187422 2508.07250392 -101.32346660
        interior  6,31  4283.84588878 2330.38138371 -58.53787737
        interior  6,21  4382.33941681 2027.04616583 -82.43317581
        interior  6,20  4540.65901070 1729.43359560 -213.41409447

    fragment  -0.5773503000 0.5773503000 -0.5773503000 2 1
        endpoint  4,54  -492.24572749 -937.91572141 -2078.76762992 -2
        endpoint  1,50  -647.48934416 -853.16779497 -1897.71630098 -2
        interior  6,23  -591.33466560 -846.20513058 -2004.73523820

    fragment  -0.5773503000 -0.5773503000 -0.5773503000 2 10
        endpoint  4,60  1085.60003948 -4453.66160105 -2292.19656605 -2
        endpoint  2,38  -615.02924049 3065.45180439 -4023.44976934 -2
        interior  6,62  958.62506075 4507.34906545 -2391.35137861
        interior  6,64  837.21368211 4308.54702341 -2487.61290714
        interior  6,54  698.50226660 4119.42450037 -2607.74794701
        interior  6,51  521.66860172 3911.18450538 -2770.41610151
        interior  6,33  265.97385043 3658.72369836 -3026.53342192
        interior  6,24  91.62058400 3507.58168809 -3213.18539308
        interior  6,68  -36.06395730 3406.18774172 -3351.30326609
        interior  6,74  -196.51640511 3294.33455401 -3528.17249193
        interior  6,52  -352.30076173 3200.52951657 -3703.69129404
        interior  6,67  -546.32837698 3095.68663889 -3925.71175334

    fragment  -0.5773503000 0.5773503000 -0.5773503000 2 0
        endpoint  6,57  2825.05801895 4463.50382022 1180.08497122 3
        endpoint  5,55  2638.08016946 -4469.32029586 1021.45841322 -2

    fragment  -0.5773503000 -0.5773503000 0.5773503000 2 37
        endpoint  3,8  -758.98373319 34.63256899 3343.78036643 -2
        endpoint  6,66  1386.34838498 2326.33045588 1750.29416630 -2
        interior  7,15  -549.38586246 274.37595465 3225.72355130
        interior  7,49  -308.54413749 579.04707083 3130.91243293
        interior  7,32  -70.65991921 884.53397302 3095.06939679
        interior  7,11  99.94457053 1143.48773169 3130.50789171
        interior  7,26  202.18800705 1295.37775512 3198.20910597
        interior  7,38  319.61552368 1419.69220724 3301.08120933
        interior  7,10  354.61202958 1491.22453680 3374.83843072
        interior  7,0  394.22943959 1558.49230767 3510.05042980
        interior  7,28  344.02691651 1607.84972771 3704.63792533
        interior  7,24  299.27862275 1528.81472608 3915.63765554
        interior  7,19  226.12505037 1398.33072354 4084.55614591
        interior  7,3  128.47004471 1221.10703451 4123.43835339
        interior  7,27  111.44585551 1021.07579413 4118.30141664
        interior  7,2  125.20644766 897.74698278 4065.04536217
        interior  7,25  176.08465647 801.22224831 3997.06222990
        interior  7,31  252.62406364 714.50659054 3876.80610318
        interior  7,39  369.87711467 651.53903855 3732.59455842
        interior  7,18  554.02405597 633.14857228 3486.18097616
        interior  7,56  790.89300557 712.74896372 3180.39521244
        interior  7,22  1058.15999938 894.36384989 2886.66656566
        interior  7,43  1232.59022645 1082.90156422 2715.16813944
        interior  7,57  1427.45843888 1308.10439022 2537.81780032
        interior  7,53  1617.48799396 1559.11908332 2355.91101224
        interior  7,51  1714.90092427 1706.51799256 2290.07343906
        interior  7,47  1764.75101960 1814.66299709 2254.35836674
        interior  7,8  1841.90515812 1992.04750100 2224.83201835
        interior  7,12  1893.43414864 2233.95103975 2221.84495128
        interior  7,7  1883.88546654 2381.19831580 2247.47062455
        interior  7,37  1861.60934690 2496.53284540 2312.38830534
        interior  7,36  1794.70412125 2573.96274200 2391.24736705
        interior  7,29  1699.10185226 2611.34263167 2525.21551704
        interior  7,33  1516.02439344 2582.43737991 2646.50485698
        interior  7,34  1391.58901253 2344.14370623 2617.38679840
        interior  7,13  1338.75175118 2246.74147206 2515.39752334
        interior  7,30  1312.77084810 2209.38314937 2388.48889108
        interior  7,46  1302.94412102 2217.25649682 2182.59668481
        interior  7,61  1318.34574539 2262.65645950 1979.21195444

    fragment  0.5773503000 -0.5773503000 0.5773503000 2 16
        endpoint  6,36  3583.09650994 3611.88720756 1805.45731093 -2
        endpoint  3,49  -4518.17105066 3475.91808324 2572.30375444 -2
        interior  7,58  3810.70173068 3423.89593600 2088.51400803
        interior  7,48  3996.38505155 3339.97717757 2377.27481585
        interior  7,42  4077.90333833 3332.43251169 2576.00806033
        interior  7,41  4142.04349203 3371.60948144 2758.14043741
        interior  7,14  4157.82518257 3430.59188610 2896.47730078
        interior  7,16  4160.12984284 3521.19575432 2999.43594354
        interior  7,4  4122.03789425 3623.20168656 3074.66981558
        interior  7,21  4023.31083293 3835.05655940 3119.45545670
        interior  7,23  3976.31343288 3955.31785795 3084.17365388
        interior  7,35  3927.79524974 3994.96199266 2903.48345454
        interior  7,5  3908.12319853 3981.00937517 2811.59955965
        interior  7,20  3938.71148272 3953.37782270 2694.35008858
        interior  7,6  4067.52862915 3889.99542033 2570.25178510
        interior  7,9  4201.95074147 3795.53217839 2505.48271124
        interior  7,45  4293.39828497 3721.23695279 2487.91000839
        interior  7,1  4455.86704769 3607.80366195 2500.25127906

    fragment  -0.5773503000 0.5773503000 0.5773503000 2 8
        endpoint  5,15  1021.05194783 -4449.57574248 3749.98864435 -2
        endpoint  6,28  2628.82954032 3427.92132840 1861.06616617 -2
        interior  7,59  1244.60369319 4468.62192636 3545.77725904
        interior  7,17  1414.72630859 4287.76755470 3387.52736233
        interior  7,44  1645.85710984 4048.60483918 3157.62522440
        interior  7,52  1795.65239341 3914.14239887 2998.10325892
        interior  7,55  1942.57591525 3803.61043312 2825.52070472
        interior  7,54  2141.37198869 3665.56986410 2584.42888839
        interior  7,40  2301.48247715 3550.19677464 2355.27927506
        interior  7,50  2494.78101841 3450.95145030 2051.44592979

    fragment  -0.5773503000 0.5773503000 0.5773503000 2 1
        endpoint  6,6  2850.13007331 4081.68245711 1887.15839701 -2
        endpoint  6,30  2972.59555809 3686.25763698 1816.71633760 -2
        interior  7,60  2923.39520563 3932.83842298 1905.01359147

