fragments version 0 59

    fragment  -0.5773503000 -0.5773503000 0.5773503000 2 20
        endpoint  1,1  -2846.75231985 -2553.13501459 -2567.94086043 -2
        endpoint  1,61  -2117.35326976 -1418.85392972 4355.94720882 -2
        interior  0,9  -2645.69399894 -2372.57108072 -2963.76931813
        interior  0,45  -2482.91533660 -2215.50526151 -3166.18970701
        interior  0,0  -2287.96747463 -2014.57264483 -3325.07845957
        interior  0,35  -1958.39370136 -1665.61983680 -3460.41892327
        interior  0,27  -1888.10247153 -1467.63577486 -3481.96104819
        interior  0,34  -1835.26863736 -1218.75592379 -3444.88345273
        interior  0,12  -1849.39756092 -956.35957837 -3285.63388499
        interior  0,7  -1977.93167854 -870.45355680 -2990.02818510
        interior  0,13  -2168.73800521 -961.03042560 -2779.34618783
        interior  0,1  -2532.72441886 -1244.89019837 -2653.35915451
        interior  0,10  -2591.98809617 -1430.36695025 -2674.27885398
        interior  0,22  -2667.25549830 -1532.99349370 -2769.70101012
        interior  0,4  -2695.02486634 -1597.66473981 -2850.26355437
        interior  0,19  -2753.05233443 -1664.90640518 -3026.48619896
        interior  0,15  -2765.17173248 -1719.93572006 -3165.58506605
        interior  0,28  -2742.35046242 -1777.25502736 -3369.25454989
        interior  0,16  -2690.15325615 -1793.38688033 -3638.04231257
        interior  0,11  -2605.14547672 -1784.04301031 -3883.68305486
        interior  0,50  -2448.68354510 -1689.12227956 -4264.86117405
        interior  0,52  -2288.62550921 -1576.46031560 -4551.50221930

    fragment  0.5773503000 -0.5773503000 -0.5773503000 2 15
        endpoint  4,20  -333.53561878 -3171.68602168 -3449.54156803 -2
        endpoint  1,57  -1526.91603315 -1509.78316526 -2593.53014406 -2
        interior  0,5  -609.54109966 -2878.57724990 -3192.52010128
        interior  0,40  -883.89423216 -2554.63166207 -2955.72437894
        interior  0,48  -1014.53890576 -2401.38296145 -2849.26269539
        interior  0,47  -1210.15885597 -2148.03470724 -2728.61887366
        interior  0,8  -1469.00514829 -1766.25576083 -2607.66524533
        interior  0,23  -1570.05723956 -1606.45763493 -2618.56882349
        interior  0,36  -1613.20869982 -1492.65336941 -2649.33320831
        interior  0,33  -1688.46224627 -1326.21922783 -2727.34103566
        interior  0,29  -1713.88801199 -1185.47160590 -2816.24570192
        interior  0,21  -1687.52775483 -1104.54835530 -2910.66296200
        interior  0,17  -1550.18441982 -1052.41786373 -3097.31414213
        interior  0,31  -1449.53216354 -1186.97871601 -3089.18482401
        interior  0,3  -1409.15580296 -1299.92432945 -3042.58508264
        interior  0,30  -1421.34192389 -1401.76631859 -2946.26416770
        interior  0,42  -1451.85300748 -1455.18355759 -2832.54432284

    fragment  0.5773503000 -0.5773503000 -0.5773503000 2 6
        endpoint  2,37  -1484.13948332 -414.54230425 -3652.99442098 -2
        endpoint  2,59  -1715.77004088 -546.06235360 -3038.43941918 -2
        interior  0,20  -1321.32383077 -778.40274622 -3818.19938038
        interior  0,14  -1247.23273168 -1019.06798236 -3799.00230268
        interior  0,26  -1229.92185911 -1130.34727023 -3681.31765781
        interior  0,24  -1300.55617692 -1184.85801159 -3501.33647339
        interior  0,37  -1504.54807014 -1059.48842957 -3171.29133590
        interior  0,18  -1666.38803742 -733.63922958 -3027.72737828

    fragment  -0.5773503000 -0.5773503000 0.5773503000 2 4
        endpoint  1,45  -2779.36715412 -3074.61762925 -2604.35602828 -2
        endpoint  1,30  -2410.21383581 -1993.62294770 -2581.01067353 -2
        interior  0,44  -2601.36161008 -2803.13114239 -2695.82511084
        interior  0,25  -2468.17032705 -2581.08661521 -2706.69065883
        interior  0,39  -2408.08261031 -2493.82779697 -2685.40513590
        interior  0,41  -2385.96046578 -2333.44897475 -2666.99957964

    fragment  0.5773503000 -0.5773503000 0.5773503000 2 5
        endpoint  2,51  -1795.99822815 -536.64047035 -3911.21746617 -2
        endpoint  1,27  -577.16906297 -1424.69730427 -2351.82744745 -2
        interior  0,32  -1547.32500075 -761.75539722 -3644.49292525
        interior  0,43  -1347.49241240 -930.78835771 -3415.46829805
        interior  0,38  -1090.30923356 -1139.55384768 -3126.30479451
        interior  0,49  -1004.77299188 -1209.98081697 -3023.26819274
        interior  0,46  -736.08897373 -1373.02294515 -2661.46222021

    fragment  -0.5773503000 -0.5773503000 0.5773503000 2 10
        endpoint  0,41  -2385.96046578 -2333.44897475 -2666.99957964 -2
        endpoint  0,9  -2645.69399894 -2372.57108072 -2963.76931813 -2
        interior  1,30  -2410.21383581 -1993.62294770 -2581.01067353
        interior  1,10  -2525.87673721 -1794.50436881 -2466.72056087
        interior  1,23  -2630.02299182 -1707.49649750 -2381.39662297
        interior  1,8  -2716.20090160 -1684.23471954 -2197.80135175
        interior  1,17  -2821.17813937 -1744.45351112 -2048.73890630
        interior  1,6  -3069.65975398 -1946.99256246 -1868.45407086
        interior  1,26  -3211.10641342 -2280.21692717 -1889.94119991
        interior  1,0  -3121.74400421 -2499.37263158 -2156.93411880
        interior  1,35  -2962.78936718 -2556.95852594 -2410.53858112
        interior  1,1  -2846.75231985 -2553.13501459 -2567.94086043

    fragment  0.5773503000 0.5773503000 0.5773503000 2 4
        endpoint  5,81  4502.97478266 -1737.95516156 803.19391264 -2
        endpoint  3,52  -3759.13435549 -510.86700095 1665.40815200 -2
        interior  1,2  -4454.19464456 -1555.13345193 1013.21313109
        interior  1,43  -4231.36869930 -1359.27498192 1240.35408509
        interior  1,36  -4046.92790084 -1114.43651203 1421.95100077
        interior  1,55  -3830.40836823 -716.57593590 1602.62302271

    fragment  0.5773503000 0.5773503000 -0.5773503000 2 6
        endpoint  3,31  -1180.91146333 -555.65336355 3233.71602984 -2
        endpoint  0,52  -2288.62550921 -1576.46031560 -4551.50221930 -2
        interior  1,56  -1369.88221238 -740.11296299 3432.18132209
        interior  1,44  -1531.31964600 -899.33434531 3608.38871615
        interior  1,24  -1734.49220823 -1084.81835802 3835.69417200
        interior  1,63  -1843.12698575 -1185.37059133 3972.05333782
        interior  1,3  -1969.99962987 -1294.25214812 4147.88149458
        interior  1,61  -2117.35326976 -1418.85392972 4355.94720882

    fragment  -0.5773503000 -0.5773503000 0.5773503000 2 28
        endpoint  4,49  4463.12574363 -4366.14905422 -2022.62269875 -2
        endpoint  0,44  -2601.36161008 -2803.13114239 -2695.82511084 -2
        interior  1,39  -4550.26743051 -4148.48405917 -2109.40898403
        interior  1,18  -4367.14489367 -3899.69494826 -2162.70296821
        interior  1,59  -4206.31712154 -3635.28365334 -2173.26436741
        interior  1,47  -4090.47759620 -3443.38850714 -2138.96554248
        interior  1,31  -3960.06116090 -3171.00817815 -2051.82653599
        interior  1,42  -3897.52204885 -3058.97795564 -1974.70926232
        interior  1,38  -3832.86410916 -2888.85419841 -1831.85102459
        interior  1,32  -3793.37696429 -2839.86847843 -1741.33918042
        interior  1,13  -3767.40189778 -2768.23531559 -1588.59941246
        interior  1,19  -3755.65991792 -2741.45858399 -1396.37359872
        interior  1,12  -3797.45526961 -2737.57986780 -1232.08080753
        interior  1,16  -3877.71615583 -2770.00220422 -1081.41357376
        interior  1,7  -3992.86735370 -2910.41666338 -893.68869809
        interior  1,14  -4204.38398298 -3105.88224810 -671.17803428
        interior  1,15  -4331.16718583 -3299.95947922 -586.03226306
        interior  1,5  -4412.79146481 -3493.18190160 -592.47004589
        interior  1,22  -4386.77836055 -3656.39152389 -602.41374443
        interior  1,20  -4328.95546741 -3814.62645872 -665.32149580
        interior  1,4  -4275.78774692 -3894.13371674 -713.29597281
        interior  1,37  -4171.75601556 -4007.62591795 -854.45648216
        interior  1,34  -4007.39911902 -4084.18517641 -1078.62793194
        interior  1,9  -3934.43130488 -4073.92500761 -1282.07102732
        interior  1,53  -3805.83757424 -4028.28054357 -1511.69984658
        interior  1,62  -3630.28829899 -3926.65413978 -1752.05058734
        interior  1,64  -3357.46581346 -3707.43857652 -2107.56819500
        interior  1,21  -3167.34847228 -3534.20645184 -2316.22649115
        interior  1,65  -3005.56357472 -3352.09591570 -2452.85343110
        interior  1,45  -2779.36715412 -3074.61762925 -2604.35602828

    fragment  -0.5773503000 0.5773503000 0.5773503000 2 7
        endpoint  2,61  -2769.63864345 -605.87925796 -1033.76354543 -2
        endpoint  0,42  -1451.85300748 -1455.18355759 -2832.54432284 -2
        interior  1,66  -2538.95908352 -807.35179657 -1292.20973976
        interior  1,29  -2409.40616518 -927.18120083 -1431.78625921
        interior  1,11  -2120.09306397 -1194.13653836 -1729.37350973
        interior  1,58  -1940.87835351 -1325.04578228 -1943.14123697
        interior  1,60  -1707.81219461 -1467.31872173 -2263.43745273
        interior  1,54  -1569.77815846 -1527.28917126 -2508.90027213
        interior  1,57  -1526.91603315 -1509.78316526 -2593.53014406

    fragment  -0.5773503000 0.5773503000 -0.5773503000 2 10
        endpoint  4,3  -269.93495859 -1205.97530571 -2440.03879585 -2
        endpoint  0,46  -736.08897373 -1373.02294515 -2661.46222021 -2
        interior  1,25  -395.73859688 -1047.03933628 -2406.57432845
        interior  1,48  -511.40940675 -914.27232508 -2326.67382264
        interior  1,40  -583.32873811 -845.86989088 -2199.85721938
        interior  1,33  -598.42658664 -839.23155200 -2013.18660598
        interior  1,50  -574.86960671 -926.58445814 -1832.21735592
        interior  1,52  -501.41266281 -1099.81935407 -1828.07518643
        interior  1,51  -454.37480295 -1239.23279793 -1905.09938871
        interior  1,41  -471.93402476 -1345.18795361 -2039.69171784
        interior  1,28  -500.76026861 -1393.91486068 -2175.54193330
        interior  1,27  -577.16906297 -1424.69730427 -2351.82744745

    fragment  -0.5773503000 0.5773503000 -0.5773503000 2 2
        endpoint  2,53  -714.23240206 -622.96393566 -1772.05326916 -2
        endpoint  2,58  -869.64073713 -586.44016328 -1901.97515517 -2
        interior  1,49  -756.10448102 -720.55283182 -1956.24193870
        interior  1,46  -816.10843788 -699.01975951 -1953.30303849

    fragment  0.5773503000 -0.5773503000 0.5773503000 2 9
        endpoint  3,57  -2945.27377566 594.33912725 4569.11028028 -2
        endpoint  0,32  -1547.32500075 -761.75539722 -3644.49292525 -2
        interior  2,63  -2769.59153839 491.02693946 -4415.13163550
        interior  2,45  -2633.93406307 446.15864514 -4275.23083725
        interior  2,8  -2528.35431107 477.42772876 -4157.66837155
        interior  2,46  -2487.35786807 566.54139732 -4115.43296835
        interior  2,48  -2406.49217389 352.32677992 -4251.49166776
        interior  2,56  -2319.54132205 189.25820809 -4265.02349746
        interior  2,0  -2148.31606636 -89.35979628 -4187.21437583
        interior  2,16  -2014.51010166 -277.67565246 -4099.36750886
        interior  2,51  -1795.99822815 -536.64047035 -3911.21746617

    fragment  -0.5773503000 0.5773503000 0.5773503000 2 7
        endpoint  6,73  4525.95169836 1825.58716888 222.96616724 -2
        endpoint  6,43  4530.39984151 2695.12087487 -337.57612316 -2
        interior  2,6  -4521.95815544 1830.22434408 130.62615189
        interior  2,11  -4362.69280910 1852.14756419 -20.53412236
        interior  2,20  -4210.57075114 1892.86457142 -135.83589447
        interior  2,21  -4156.99811373 1963.09062948 -332.34903067
        interior  2,26  -4143.74728321 2089.93924178 -457.20229108
        interior  2,13  -4191.10008794 2227.25685297 -526.14883940
        interior  2,1  -4339.18970393 2432.86531690 -538.19740528

    fragment  0.5773503000 -0.5773503000 0.5773503000 0 12
        interior  2,31  -1906.24110977 655.66098166 -3414.30918713
        interior  2,12  -2090.87760136 811.83334126 -3359.78869259
        interior  2,19  -2328.88525294 984.14447073 -3438.91563682
        interior  2,3  -2451.62300975 1031.06016345 -3595.69372392
        interior  2,18  -2506.82690005 1016.85368298 -3743.49421416
        interior  2,29  -2537.53534907 941.23269706 -3863.55454210
        interior  2,28  -2492.03201669 795.78139183 -3952.13361815
        interior  2,64  -2415.19080300 640.01192386 -3957.14699107
        interior  2,23  -2320.16666867 484.29510851 -3925.83664693
        interior  2,62  -2191.98880762 446.19752088 -3789.25765987
        interior  2,43  -2064.19870415 439.76724790 -3649.41991723
        interior  2,2  -1982.09468038 487.66310441 -3522.53154766

    fragment  -0.5773503000 0.5773503000 0.5773503000 0 5
        interior  2,5  -3731.55005106 1829.92077188 -1413.29544209
        interior  2,7  -3826.77343407 1791.70493781 -1312.20439584
        interior  2,40  -3813.04732793 1611.43218054 -1238.14185640
        interior  2,9  -3606.07075315 1695.35772694 -1349.04402171
        interior  2,4  -3657.16821689 1776.70185769 -1404.46172329

    fragment  -0.5773503000 0.5773503000 0.5773503000 2 19
        endpoint  6,48  4583.87904041 1270.14565862 -136.06683568 -2
        endpoint  1,66  -2538.95908352 -807.35179657 -1292.20973976 -2
        interior  2,57  -4343.43288168 1112.92444769 -405.22012297
        interior  2,47  -4103.09997992 1068.08716792 -713.11459146
        interior  2,34  -3946.93658976 1140.69244920 -918.38239953
        interior  2,27  -3893.93415033 1240.25774908 -1023.81487360
        interior  2,33  -3892.78109382 1408.80910376 -1078.11496519
        interior  2,22  -3971.53360632 1649.20660985 -1025.59428471
        interior  2,25  -4065.93777768 1706.51635113 -845.99413870
        interior  2,15  -4148.96273135 1659.82136848 -640.38519490
        interior  2,30  -4155.43252014 1582.30374686 -507.90387775
        interior  2,35  -4131.22945388 1506.73029018 -415.20323966
        interior  2,32  -4099.40623115 1365.85612120 -326.51834717
        interior  2,49  -4052.51090296 1182.92710391 -265.38408284
        interior  2,44  -3870.16070822 837.72010538 -253.42450960
        interior  2,50  -3774.10837220 655.97264356 -275.43759077
        interior  2,17  -3609.76683317 414.06122342 -337.93507214
        interior  2,54  -3376.31415997 79.98034571 -484.77135382
        interior  2,38  -3170.58077027 -191.79124659 -648.19673155
        interior  2,10  -2972.84434726 -418.65287053 -821.60462522
        interior  2,61  -2769.63864345 -605.87925796 -1033.76354543

    fragment  0.5773503000 -0.5773503000 0.5773503000 2 4
        endpoint  1,49  -756.10448102 -720.55283182 -1956.24193870 -2
        endpoint  1,46  -816.10843788 -699.01975951 -1953.30303849 -2
        interior  2,53  -714.23240206 -622.96393566 -1772.05326916
        interior  2,52  -806.57781031 -508.05326370 -1719.93053971
        interior  2,14  -878.35012697 -530.69482796 -1789.06719787
        interior  2,58  -869.64073713 -586.44016328 -1901.97515517

    fragment  -0.5773503000 -0.5773503000 -0.5773503000 2 4
        endpoint  6,33  -295.19679004 2866.01548238 -3394.76399776 -2
        endpoint  3,70  -1149.34197969 2668.59094474 4542.73852406 -2
        interior  2,36  -516.20014408 2705.52345731 -3696.75025270
        interior  2,60  -701.23415340 2618.40072546 -3959.14707842
        interior  2,42  -824.78888307 2597.18219669 -4132.18730093
        interior  2,41  -1026.32307466 2601.62268495 -4400.06816730

    fragment  -0.5773503000 0.5773503000 0.5773503000 2 4
        endpoint  0,20  -1321.32383077 -778.40274622 -3818.19938038 -2
        endpoint  0,18  -1666.38803742 -733.63922958 -3027.72737828 -2
        interior  2,37  -1484.13948332 -414.54230425 -3652.99442098
        interior  2,39  -1659.07089786 -342.14188611 -3362.41232900
        interior  2,55  -1721.27842307 -417.85270733 -3124.80405038
        interior  2,59  -1715.77004088 -546.06235360 -3038.43941918

    fragment  -0.5773503000 -0.5773503000 -0.5773503000 2 44
        endpoint  2,41  -1026.32307466 2601.62268495 -4400.06816730 -2
        endpoint  7,12  4451.46384651 -243.66377982 2099.29901598 -2
        interior  3,70  -1149.34197969 2668.59094474 4542.73852406
        interior  3,68  -1213.49857996 2747.62388438 4432.67758625
        interior  3,9  -1248.38530688 2833.36136731 4340.48171700
        interior  3,32  -1250.56301290 2966.45666213 4244.89980430
        interior  3,0  -1208.65955329 3143.66176258 4194.31841807
        interior  3,41  -1070.76718718 3361.24266979 4212.56806908
        interior  3,22  -926.54691616 3370.29266822 4368.72946174
        interior  3,28  -843.22891140 3313.91034365 4463.87771554
        interior  3,4  -815.42832683 3253.40197383 4506.87093139
        interior  3,44  -762.41522319 3147.84012274 4511.67389435
        interior  3,24  -729.76952508 3014.35141739 4513.19559341
        interior  3,50  -726.79279868 2861.72251579 4508.58077660
        interior  3,69  -799.82410347 2584.80218278 4452.64064929
        interior  3,39  -888.90499237 2379.39708862 4383.41857393
        interior  3,76  -1077.14211605 2083.88800834 4226.50415809
        interior  3,25  -1240.85124983 1889.98997214 4072.71596571
        interior  3,65  -1393.43709089 1768.27238004 3909.73121296
        interior  3,72  -1564.78785791 1644.05409225 3721.60846264
        interior  3,37  -1828.15234849 1520.89413024 3429.16446815
        interior  3,12  -2001.84178380 1490.10770435 3238.15792967
        interior  3,34  -2195.28359037 1494.33738853 3040.84591289
        interior  3,45  -2347.69507067 1533.23909351 2916.79896310
        interior  3,30  -2470.27052404 1570.61483031 2846.12388248
        interior  3,23  -2525.01055115 1603.20866193 2787.65425602
        interior  3,10  -2615.69629228 1729.81602867 2660.88908862
        interior  3,29  -2590.85678475 2053.09716398 2620.76871080
        interior  3,27  -2467.96114073 2305.54066200 2783.56589158
        interior  3,3  -2346.24791797 2391.43541570 2954.97125504
        interior  3,20  -2299.15606759 2419.91021570 3144.00013391
        interior  3,33  -2286.48084209 2387.88082174 3304.74271969
        interior  3,26  -2314.57209436 2340.25805854 3423.05479477
        interior  3,6  -2358.62361742 2247.66942122 3530.15827320
        interior  3,17  -2451.93126607 2125.39480851 3626.39193186
        interior  3,1  -2533.99748243 1997.73971085 3682.49188736
        interior  3,48  -2689.18980496 1814.19684659 3716.72391168
        interior  3,54  -2889.94459969 1615.97375032 3698.10710463
        interior  3,60  -3101.08006815 1393.19598535 3626.15001261
        interior  3,51  -3288.23892299 1189.59121278 3516.14330282
        interior  3,78  -3574.39493396 906.71596909 3339.24689966
        interior  3,73  -3727.35218815 753.25613218 3234.41796738
        interior  3,5  -3893.89883583 584.35856184 3109.25326386
        interior  3,67  -4063.78914230 411.72309701 2967.52462488
        interior  3,21  -4337.56705994 138.04032866 2698.53800209
        interior  3,74  -4536.24951667 -55.48418014 2427.54728123

    fragment  0.5773503000 -0.5773503000 0.5773503000 2 21
        endpoint  7,76  4564.62076359 3618.68637367 2342.20919998 -2
        endpoint  2,63  -2769.59153839 491.02693946 -4415.13163550 -2
        interior  3,49  -4397.58616449 3469.29415188 2435.78755627
        interior  3,64  -4114.69137789 3240.70362009 2592.94902316
        interior  3,55  -3927.20514663 3076.14083506 2720.01260808
        interior  3,2  -3657.09439085 2815.28501432 2962.94465736
        interior  3,61  -3499.75900918 2636.47544200 3178.60517843
        interior  3,62  -3363.83482774 2445.93889099 3446.56864091
        interior  3,35  -3309.65164434 2325.89328097 3623.01693103
        interior  3,38  -3288.37506204 2247.98878314 3798.01395772
        interior  3,36  -3322.90227552 2187.01751124 3958.63196235
        interior  3,18  -3367.33130671 2199.38700061 4047.18879223
        interior  3,7  -3454.37384803 2258.12334381 4096.31209048
        interior  3,13  -3553.39379003 2314.94863061 4096.02354874
        interior  3,19  -3676.90431985 2292.64553110 3974.31878696
        interior  3,43  -3732.43629954 2246.49141431 3900.86442200
        interior  3,46  -3767.40355915 2143.70212088 3818.61624340
        interior  3,47  -3742.16817354 1781.58216986 3800.82677717
        interior  3,66  -3610.52334701 1371.59014331 3921.46961835
        interior  3,14  -3508.78362616 1181.69577995 4013.19226145
        interior  3,77  -3360.94573566 987.89218663 4145.93338368
        interior  3,71  -3219.66576568 813.47338348 4276.58674160
        interior  3,57  -2945.27377566 594.33912725 4569.11028028

    fragment  0.5773503000 0.5773503000 0.5773503000 2 10
        endpoint  1,55  -3830.40836823 -716.57593590 1602.62302271 -2
        endpoint  6,12  4499.78846762 72.13689131 552.54260263 -2
        interior  3,52  -3759.13435549 -510.86700095 1665.40815200
        interior  3,58  -3698.37992323 -271.78240264 1707.30947410
        interior  3,15  -3657.19787113 9.81928099 1711.45507904
        interior  3,16  -3660.41573514 357.17863584 1637.91821396
        interior  3,53  -3712.15449779 534.75153645 1508.57395384
        interior  3,42  -3796.57311085 624.66048615 1395.37698549
        interior  3,40  -3891.05324257 669.87409275 1250.65829235
        interior  3,8  -4142.37373872 629.47259460 1004.51666931
        interior  3,11  -4290.80104166 496.76362844 847.25042663
        interior  3,56  -4455.43859558 332.72738416 676.37035227

    fragment  0.5773503000 0.5773503000 -0.5773503000 2 5
        endpoint  7,40  -257.39280272 490.20759104 2674.06315892 -2
        endpoint  1,56  -1369.88221238 -740.11296299 3432.18132209 -2
        interior  3,59  -439.49773972 268.20710259 2744.40241174
        interior  3,63  -690.42726875 -7.19084577 2877.01453763
        interior  3,79  -863.32880969 -206.22265647 2988.41725499
        interior  3,75  -1014.12728231 -377.76472618 3090.31194218
        interior  3,31  -1180.91146333 -555.65336355 3233.71602984

    fragment  0.5773503000 0.5773503000 0.5773503000 2 33
        endpoint  6,67  1202.12546524 4400.71389283 -1950.22101500 -2
        endpoint  5,53  2642.31307107 -2418.84345344 -702.47060321 -2
        interior  4,61  1365.42486140 -4524.30768816 -1866.68935084
        interior  4,36  1498.58230386 -4256.34568019 -1805.91032266
        interior  4,60  1605.28793565 -3948.06307899 -1765.21445971
        interior  4,50  1677.03767306 -3720.09641564 -1781.47051578
        interior  4,4  1717.08200776 -3458.63677257 -1821.88196370
        interior  4,17  1724.96395106 -3348.79876313 -1868.76735426
        interior  4,25  1728.97221894 -3122.18653430 -2013.63968957
        interior  4,19  1683.97964389 -2970.86254865 -2219.95847231
        interior  4,13  1638.39124984 -2918.60668354 -2353.98030561
        interior  4,16  1557.23155735 -2900.11580175 -2492.94659831
        interior  4,7  1352.89271995 -2993.38064183 -2715.28814686
        interior  4,52  1151.63310765 -3166.35321062 -2864.98873790
        interior  4,24  959.32284323 -3308.69761787 -2965.97875543
        interior  4,34  780.71457354 -3459.47876717 -2950.97897383
        interior  4,1  691.90389420 -3550.81175583 -2837.34823958
        interior  4,10  686.08769435 -3569.20411626 -2708.62418644
        interior  4,30  672.15845777 -3471.57374506 -2480.65182795
        interior  4,38  766.77262393 -3272.85479457 -2107.71823105
        interior  4,22  935.57877315 -3073.66120848 -1854.04371413
        interior  4,26  1196.45318929 -2835.85442002 -1655.07695450
        interior  4,33  1571.34076980 -2567.45772036 -1578.20990060
        interior  4,39  1774.81235551 -2473.33131645 -1608.19549235
        interior  4,43  1856.41331106 -2383.95322909 -1685.24250021
        interior  4,27  1880.88531759 -2353.99528176 -1832.34368542
        interior  4,31  1834.18652261 -2424.59222422 -2059.93206722
        interior  4,28  1711.74020519 -2636.63401664 -2278.65343251
        interior  4,6  1590.40832093 -2942.10951254 -2260.80760406
        interior  4,53  1575.23998764 -3089.63850585 -2133.94505141
        interior  4,0  1590.71847504 -3198.77624059 -1910.49638246
        interior  4,63  1789.41879261 -3250.31771130 -1566.46482625
        interior  4,45  1955.28349203 -3198.38157372 -1326.13225375
        interior  4,69  2242.26145033 -2980.50705933 -983.92952233
        interior  4,65  2438.82001929 -2743.17399113 -818.31409991

    fragment  0.5773503000 0.5773503000 0.5773503000 2 8
        endpoint  5,77  2802.89449898 -1998.83943193 -685.92055023 -2
        endpoint  5,76  3209.77450412 -2506.49655818 -572.77516459 -2
        interior  4,40  2871.13543083 -1803.23155473 -830.11063780
        interior  4,48  2830.47847068 -1689.52743032 -1027.10243008
        interior  4,21  2699.53922103 -1720.56171838 -1261.78280254
        interior  4,14  2591.97124203 -2022.47571286 -1467.25297151
        interior  4,12  2576.07861409 -2311.59270929 -1478.09617368
        interior  4,2  2636.45912985 -2464.48602554 -1385.35603449
        interior  4,46  2778.50208337 -2577.79997657 -1268.58351174
        interior  4,56  2964.55653602 -2609.12255524 -921.36492053

    fragment  0.5773503000 -0.5773503000 0.5773503000 2 11
        endpoint  1,25  -395.73859688 -1047.03933628 -2406.57432845 -2
        endpoint  5,41  1227.46408896 -2656.02608005 -603.79125254 -2
        interior  4,3  -269.93495859 -1205.97530571 -2440.03879585
        interior  4,15  -134.34724846 -1345.99006313 -2436.04336564
        interior  4,62  -10.47968360 -1478.65028744 -2403.69735960
        interior  4,23  162.33104881 -1672.72315035 -2307.16012384
        interior  4,55  356.15710293 -1870.47724313 -2167.16595080
        interior  4,32  613.33184427 -2146.67953300 -1956.98345941
        interior  4,5  830.19902001 -2352.59024639 -1720.24484262
        interior  4,47  933.87898928 -2446.61492573 -1570.70793114
        interior  4,41  1078.15970891 -2569.31953034 -1314.44639534
        interior  4,18  1182.92464193 -2661.44900223 -1001.20003060
        interior  4,51  1221.92877164 -2669.98981860 -808.95649398

    fragment  0.5773503000 -0.5773503000 0.5773503000 2 7
        endpoint  5,64  543.09529360 -2409.16049735 -742.00067155 -2
        endpoint  5,69  1367.04323015 -3942.50014040 -677.35316940 -2
        interior  4,58  561.94174100 -2641.41997342 -870.04170444
        interior  4,37  622.66983348 -2816.30397836 -932.09719153
        interior  4,9  692.14583393 -2951.38627073 -964.03529771
        interior  4,54  785.94266626 -3096.16621784 -981.54030868
        interior  4,8  927.91773017 -3330.12972698 -955.41542941
        interior  4,42  1066.23874159 -3544.51480578 -886.19909195
        interior  4,11  1165.79125443 -3676.69520746 -831.17459818

    fragment  -0.5773503000 0.5773503000 0.5773503000 2 6
        endpoint  0,5  -609.54109966 -2878.57724990 -3192.52010128 -2
        endpoint  5,59  569.69168655 -3752.87195397 4426.15575095 -2
        interior  4,20  -333.53561878 -3171.68602168 -3449.54156803
        interior  4,66  -171.07285972 -3315.47061314 -3630.54811391
        interior  4,44  28.57524085 -3475.12805814 -3861.92982439
        interior  4,64  124.72910944 -3545.97618613 -3984.59101808
        interior  4,35  301.89478746 -3657.24424534 -4247.86911174
        interior  4,57  503.76739102 -3741.66029016 -4577.94038307

    fragment  0.5773503000 0.5773503000 -0.5773503000 2 1
        endpoint  1,39  -4550.26743051 -4148.48405917 -2109.40898403 -2
        endpoint  6,2  4212.36109097 4520.92701925 -1854.75329027 -2
        interior  4,49  4463.12574363 -4366.14905422 -2022.62269875

    fragment  -0.5773503000 0.5773503000 0.5773503000 2 2
        endpoint  6,14  2871.52471612 4453.59874196 1246.03730999 -3
        endpoint  6,54  2599.80065627 4478.36891729 2015.87990642 -2
        interior  5,0  2656.48636387 -4526.74596388 1552.62365691
        interior  5,82  2591.28058142 -4577.33838282 1900.75656430

    fragment  0.5773503000 -0.5773503000 0.5773503000 0 8
        interior  5,38  892.48190226 -2113.43157427 -156.27915317
        interior  5,46  884.35337165 -2188.18742775 -226.88962969
        interior  5,32  943.55611389 -2434.54407973 -210.22790654
        interior  5,42  1005.14818569 -2475.68326075 -32.26494532
        interior  5,17  1018.24152048 -2441.02917623 85.32734120
        interior  5,34  996.35499004 -2350.40608083 140.85207708
        interior  5,14  951.27486215 -2162.77964581 107.59612444
        interior  5,1  917.46349881 -2096.87199415 -47.16347066

    fragment  0.5773503000 -0.5773503000 -0.5773503000 2 28
        endpoint  7,17  827.86522962 4493.77393235 4107.60009297 -2
        endpoint  4,57  503.76739102 -3741.66029016 -4577.94038307 -2
        interior  5,78  716.53688515 -4551.76147638 4211.16184949
        interior  5,15  513.52205185 -4281.79327082 4377.47016608
        interior  5,67  365.38775728 -4027.65707480 4476.02499021
        interior  5,71  252.90668747 -3755.98309423 4564.76298042
        interior  5,58  186.21705126 -3590.23166846 4571.92104073
        interior  5,39  16.44596165 -3254.86619641 4536.64520031
        interior  5,25  -18.03781022 -3102.55169949 4511.15531817
        interior  5,33  -27.07786509 -2976.86769510 4496.23025541
        interior  5,40  -50.86310107 -2753.45484270 4438.64056581
        interior  5,8  -72.37510208 -2592.81464101 4345.40323039
        interior  5,21  -37.30590182 -2435.85068473 4218.55661923
        interior  5,26  41.92838257 -2343.42641664 4120.84673334
        interior  5,6  106.09637966 -2291.74214983 4017.01169307
        interior  5,5  200.18955053 -2270.51316435 3854.62017058
        interior  5,22  452.69757956 -2369.26400453 3569.93461491
        interior  5,83  599.29067639 -2533.44831325 3426.28686889
        interior  5,63  747.42094852 -2725.85192926 3285.14051110
        interior  5,23  863.10764370 -2829.62715403 3239.52361993
        interior  5,24  975.12600406 -3037.81723899 3228.83309034
        interior  5,28  1037.49333869 -3175.03830139 3279.15681914
        interior  5,27  1053.32736515 -3290.82101405 3346.49868823
        interior  5,4  1026.39025477 -3407.65453930 3443.02717849
        interior  5,13  926.27008458 -3540.84576589 3580.09543985
        interior  5,2  865.58972179 -3611.38639522 3682.63557488
        interior  5,30  803.37673533 -3672.94432014 3813.67959502
        interior  5,44  734.64894681 -3722.19781836 3986.35336652
        interior  5,66  639.99089563 -3745.98386917 4266.61902062
        interior  5,59  569.69168655 -3752.87195397 4426.15575095

    fragment  -0.5773503000 0.5773503000 -0.5773503000 0 6
        interior  5,11  2492.66223297 -3768.08461306 1623.36883908
        interior  5,12  2552.51471409 -3757.81702704 1674.07144723
        interior  5,16  2651.16036920 -3855.47347467 1638.91964309
        interior  5,18  2658.87620397 -3933.31992546 1570.28281990
        interior  5,29  2558.52722856 -3988.45730154 1434.79291880
        interior  5,3  2477.87337242 -3825.93619904 1500.03051775

    fragment  0.5773503000 -0.5773503000 0.5773503000 2 7
        endpoint  6,6  2642.72076041 4540.92596165 1280.62572963 -2
        endpoint  6,57  2765.24167485 4478.23977854 1089.42715055 -3
        interior  5,31  2631.57113938 -4453.71666568 1375.53061453
        interior  5,9  2579.29691651 -4274.30321459 1368.23991445
        interior  5,20  2518.90291433 -4126.74851898 1292.79925786
        interior  5,36  2449.25656743 -4100.92731392 1071.54615970
        interior  5,19  2433.26488842 -4167.89221197 970.60145886
        interior  5,7  2472.63213618 -4259.26078988 917.31282907
        interior  5,55  2543.85755023 -4397.43476963 907.15076335

    fragment  -0.5773503000 -0.5773503000 -0.5773503000 2 18
        endpoint  1,2  -4454.19464456 -1555.13345193 1013.21313109 -2
        endpoint  4,56  2964.55653602 -2609.12255524 -921.36492053 -2
        interior  5,81  4502.97478266 -1737.95516156 803.19391264
        interior  5,48  4293.26814567 -1933.98769494 582.88370291
        interior  5,75  4086.43763230 -2073.75677118 370.27189717
        interior  5,65  3887.15661565 -2162.80586849 142.10069865
        interior  5,60  3763.85723560 -2178.05206369 7.28437805
        interior  5,54  3651.05378986 -2171.59327651 -106.45920466
        interior  5,49  3538.52216738 -2117.95447212 -240.35331360
        interior  5,43  3435.42948798 -1959.20155589 -393.56408333
        interior  5,51  3358.73189132 -1793.06774853 -521.94779738
        interior  5,50  3363.06659773 -1577.24412148 -594.48923789
        interior  5,10  3401.35805209 -1394.95432014 -583.23556269
        interior  5,74  3452.65066203 -1322.26274576 -571.60121319
        interior  5,68  3571.34632123 -1308.53262291 -477.40404699
        interior  5,57  3696.62046179 -1399.16223935 -323.41148471
        interior  5,45  3770.78213833 -1585.74306552 -272.35224087
        interior  5,37  3620.44696540 -1993.72296443 -235.52268425
        interior  5,73  3471.06512972 -2258.91878193 -304.15344865
        interior  5,76  3209.77450412 -2506.49655818 -572.77516459

    fragment  0.5773503000 -0.5773503000 0.5773503000 2 4
        endpoint  4,11  1165.79125443 -3676.69520746 -831.17459818 -2
        endpoint  6,83  2138.37110973 4491.53139946 116.10290393 -2
        interior  5,69  1367.04323015 -3942.50014040 -677.35316940
        interior  5,47  1486.89800642 -4085.52966082 -581.01630724
        interior  5,35  1756.27865663 -4380.96804766 -344.79103723
        interior  5,79  1982.90912929 -4574.69991486 -78.30658800

    fragment  -0.5773503000 0.5773503000 -0.5773503000 2 8
        endpoint  4,58  561.94174100 -2641.41997342 -870.04170444 -2
        endpoint  4,51  1221.92877164 -2669.98981860 -808.95649398 -2
        interior  5,64  543.09529360 -2409.16049735 -742.00067155
        interior  5,70  591.72641906 -2333.04808822 -634.36652277
        interior  5,56  696.43836841 -2294.52761171 -506.93721891
        interior  5,52  809.97184912 -2322.72184127 -377.34890461
        interior  5,62  1023.99732548 -2470.46798721 -349.14641556
        interior  5,72  1137.91210069 -2569.87534582 -406.94650130
        interior  5,61  1191.08075130 -2630.34854825 -495.81582966
        interior  5,41  1227.46408896 -2656.02608005 -603.79125254

    fragment  -0.5773503000 -0.5773503000 -0.5773503000 2 2
        endpoint  4,40  2871.13543083 -1803.23155473 -830.11063780 -2
        endpoint  4,65  2438.82001929 -2743.17399113 -818.31409991 -2
        interior  5,77  2802.89449898 -1998.83943193 -685.92055023
        interior  5,53  2642.31307107 -2418.84345344 -702.47060321

    fragment  -0.5773503000 -0.5773503000 0.5773503000 2 26
        endpoint  7,43  1054.45187524 1993.83098193 2074.96760206 -2
        endpoint  4,49  4463.12574363 -4366.14905422 -2022.62269875 -2
        interior  6,70  1089.96716775 2067.82564017 1789.87709307
        interior  6,63  1150.42715497 2132.83853534 1566.92423529
        interior  6,0  1311.04498519 2332.61377218 1182.01908881
        interior  6,97  1493.99499104 2524.86131734 866.11946104
        interior  6,93  1590.00642358 2623.17211104 732.09837967
        interior  6,10  1796.38058163 2838.19245400 479.68397852
        interior  6,78  2041.82633666 3073.88761825 288.72613266
        interior  6,17  2360.05490808 3384.46618466 134.09266190
        interior  6,38  2619.10365982 3601.24182099 110.43704526
        interior  6,13  2733.58308655 3712.38633906 157.81349492
        interior  6,11  2844.66422983 3787.09053325 260.86536938
        interior  6,45  2867.71701013 3813.02892310 429.10134131
        interior  6,32  2858.30191677 3773.52848995 552.98606869
        interior  6,25  2772.66422347 3610.91440354 528.10961841
        interior  6,65  2709.82571805 3493.14108142 446.50497980
        interior  6,60  2696.41821099 3405.66652105 338.49677519
        interior  6,49  2706.48190897 3358.27953005 250.79371937
        interior  6,5  2729.22726884 3319.84784140 101.16974839
        interior  6,42  2870.19536590 3332.37875950 -234.70895133
        interior  6,9  3016.00118024 3411.50923236 -506.32520108
        interior  6,1  3188.59258552 3530.10079161 -749.71492359
        interior  6,87  3400.63805607 3720.66617923 -1023.76909084
        interior  6,23  3573.07228810 3876.88307201 -1223.61341616
        interior  6,96  3740.18943095 4033.17533363 -1406.30402272
        interior  6,72  3981.98471508 4261.46286125 -1666.01474001
        interior  6,2  4212.36109097 4520.92701925 -1854.75329027

    fragment  0.5773503000 0.5773503000 0.5773503000 2 9
        endpoint  3,56  -4455.43859558 332.72738416 676.37035227 -2
        endpoint  7,12  4451.46384651 -243.66377982 2099.29901598 -2
        interior  6,12  4499.78846762 72.13689131 552.54260263
        interior  6,16  4357.10907858 -97.18890826 602.03286377
        interior  6,71  4289.42082878 -211.25419485 684.47362957
        interior  6,58  4237.63528385 -281.86977491 784.54861359
        interior  6,3  4214.37266325 -356.65243207 927.02752550
        interior  6,75  4198.56665079 -397.53089876 1087.58090767
        interior  6,56  4216.51862099 -430.08789893 1277.19531220
        interior  6,80  4262.02212970 -411.43362417 1554.03448631
        interior  6,92  4342.81028455 -333.22961632 1845.29267884

    fragment  0.5773503000 -0.5773503000 -0.5773503000 2 12
        endpoint  6,57  2765.24167485 4478.23977854 1089.42715055 3
        endpoint  7,62  2695.18583477 2987.51122053 2112.06816041 -2
        interior  6,86  2948.08733445 4303.02629665 929.44438395
        interior  6,8  3181.27021494 4106.67722407 822.53145795
        interior  6,34  3265.74315764 3859.32356857 771.00528094
        interior  6,7  3309.56386571 3699.40594366 795.16454285
        interior  6,4  3315.61671996 3564.94865839 837.97604132
        interior  6,40  3277.43659177 3413.38591283 896.27878292
        interior  6,47  3242.25613962 3275.81251982 1023.51020192
        interior  6,46  3197.23580156 3180.89061071 1182.28701650
        interior  6,19  3111.61317963 3102.49060074 1339.43232802
        interior  6,28  3014.43518911 3039.85434786 1476.14613926
        interior  6,79  2948.79985781 2993.22687937 1600.14042760
        interior  6,30  2826.87749548 2971.17278605 1906.02555195

    fragment  0.5773503000 -0.5773503000 0.5773503000 2 7
        endpoint  5,79  1982.90912929 -4574.69991486 -78.30658800 -2
        endpoint  5,31  2631.57113938 -4453.71666568 1375.53061453 -2
        interior  6,83  2138.37110973 4491.53139946 116.10290393
        interior  6,95  2364.33800152 4374.67479497 448.31853591
        interior  6,62  2528.24530665 4331.47634208 758.56431632
        interior  6,81  2565.24083866 4339.23411239 894.93589749
        interior  6,88  2604.56872932 4378.20170440 1059.91044686
        interior  6,52  2625.86417313 4444.78909191 1174.71711594
        interior  6,6  2642.72076041 4540.92596165 1280.62572963

    fragment  -0.5773503000 0.5773503000 0.5773503000 2 0
        endpoint  6,14  2871.52471612 4453.59874196 1246.03730999 3
        endpoint  5,0  2656.48636387 -4526.74596388 1552.62365691 -2

    fragment  0.5773503000 -0.5773503000 0.5773503000 2 9
        endpoint  6,14  2871.52471612 4453.59874196 1246.03730999 3
        endpoint  7,66  4097.19223977 3013.23774078 2201.85018150 -2
        interior  6,15  2869.06874766 4361.87534237 1147.50613085
        interior  6,61  2936.15851135 4223.68760123 1117.02070367
        interior  6,55  2987.07434340 4149.15280353 1117.12109842
        interior  6,85  3070.96299735 4010.63645743 1154.94561928
        interior  6,69  3193.65171423 3864.04960558 1233.48733244
        interior  6,100  3409.49593141 3613.33398247 1427.67535676
        interior  6,37  3576.72437827 3436.55691575 1574.30032941
        interior  6,36  3726.00674185 3281.13902157 1712.99702702
        interior  6,99  3901.14129635 3132.17960437 1924.32344731

    fragment  0.0000000000 0.0000000000 -1.1547006000 2 0
        endpoint  6,14  2871.52471612 4453.59874196 1246.03730999 3
        endpoint  6,57  2765.24167485 4478.23977854 1089.42715055 3

    fragment  -0.5773503000 -0.5773503000 0.5773503000 0 3
        interior  6,44  3113.82380167 4090.48410927 704.90636113
        interior  6,29  3061.32241436 3995.45580063 564.74802690
        interior  6,18  3143.09150465 4052.25919299 629.69615467

    fragment  -0.5773503000 0.5773503000 0.5773503000 2 8
        endpoint  2,1  -4339.18970393 2432.86531690 -538.19740528 -2
        endpoint  2,57  -4343.43288168 1112.92444769 -405.22012297 -2
        interior  6,43  4530.39984151 2695.12087487 -337.57612316
        interior  6,22  4239.35420113 2773.34529803 -113.22737862
        interior  6,53  4112.65606267 2699.87313702 61.32068130
        interior  6,31  4060.01445296 2535.91076183 172.03696866
        interior  6,21  4075.67194258 2311.27633846 231.47361557
        interior  6,20  4153.62887331 1970.92234223 207.10137780
        interior  6,59  4340.65021791 1584.26778797 93.62678591
        interior  6,48  4583.87904041 1270.14565862 -136.06683568

    fragment  0.5773503000 0.5773503000 -0.5773503000 2 6
        endpoint  7,7  2086.78086499 2583.83180086 2043.96397281 -2
        endpoint  7,60  1766.48723783 1365.51547063 2090.56842162 -2
        interior  6,50  2125.26719877 2462.22280907 1988.28795738
        interior  6,24  2134.92584840 2282.16480120 1929.61960094
        interior  6,89  2101.82959430 2108.26508665 1897.33604900
        interior  6,35  2027.94372794 1852.03219999 1918.16044805
        interior  6,41  1955.79865530 1682.94753750 1958.40935053
        interior  6,101  1861.21916281 1521.07634301 2013.07743958

    fragment  -0.5773503000 0.5773503000 0.5773503000 2 10
        endpoint  7,63  2743.05860767 3759.44584084 2046.95383854 -2
        endpoint  2,6  -4521.95815544 1830.22434408 130.62615189 -2
        interior  6,26  2769.83832738 3620.02003170 1986.42709652
        interior  6,39  2823.21787908 3420.31871706 1917.41116070
        interior  6,77  2983.63773793 3036.90966833 1766.82290327
        interior  6,74  3166.87419514 2729.14502172 1567.11417376
        interior  6,66  3342.38985986 2499.71410633 1394.23558146
        interior  6,27  3497.36153539 2320.70995888 1238.08369716
        interior  6,90  3796.64560257 2081.39684521 940.01226435
        interior  6,68  4105.96271123 1921.36955413 642.33659905
        interior  6,84  4341.09173242 1841.00127249 399.16254465
        interior  6,73  4525.95169836 1825.58716888 222.96616724

    fragment  0.5773503000 0.5773503000 0.5773503000 2 9
        endpoint  2,36  -516.20014408 2705.52345731 -3696.75025270 -2
        endpoint  4,61  1365.42486140 -4524.30768816 -1866.68935084 -2
        interior  6,33  -295.19679004 2866.01548238 -3394.76399776
        interior  6,82  -188.37542355 2961.42103712 -3265.59637858
        interior  6,98  42.78568233 3140.32836636 -2988.12528119
        interior  6,94  187.81757119 3258.07804117 -2818.35710431
        interior  6,64  335.54503880 3387.11123566 -2655.25595281
        interior  6,51  561.41397874 3606.85266685 -2424.65765209
        interior  6,91  714.91692114 3782.86747557 -2290.51152935
        interior  6,76  978.89737866 4118.88057890 -2088.67593641
        interior  6,67  1202.12546524 4400.71389283 -1950.22101500

    fragment  0.5773503000 -0.5773503000 -0.5773503000 2 1
        endpoint  7,69  2632.64420398 4299.09402058 2105.66173179 -2
        endpoint  5,82  2591.28058142 -4577.33838282 1900.75656430 -2
        interior  6,54  2599.80065627 4478.36891729 2015.87990642

    fragment  -0.5773503000 0.5773503000 -0.5773503000 2 0
        endpoint  6,57  2765.24167485 4478.23977854 1089.42715055 3
        endpoint  5,55  2543.85755023 -4397.43476963 907.15076335 -2

    fragment  -0.5773503000 -0.5773503000 0.5773503000 2 28
        endpoint  3,59  -439.49773972 268.20710259 2744.40241174 -2
        endpoint  6,101  1861.21916281 1521.07634301 2013.07743958 -2
        interior  7,40  -257.39280272 490.20759104 2674.06315892
        interior  7,15  -5.22864476 800.96767965 2633.34314796
        interior  7,49  129.88177380 1002.50468063 2652.04102124
        interior  7,32  282.95710032 1227.22470595 2711.48842479
        interior  7,11  403.99641870 1444.52870115 2817.04868853
        interior  7,26  474.68735545 1568.06146146 2925.18840454
        interior  7,38  557.92126339 1658.66719572 3061.05411512
        interior  7,10  577.71864376 1715.12263404 3152.82575455
        interior  7,0  596.49763379 1762.12128670 3307.99573624
        interior  7,28  527.57705677 1791.84962711 3521.61700832
        interior  7,24  452.63561105 1682.43753009 3766.42839348
        interior  7,70  306.38797853 1482.10864662 4004.15417090
        interior  7,19  84.75793469 1263.25780311 4231.52986973
        interior  7,3  -43.88049725 1049.73205008 4297.57840326
        interior  7,27  -76.18514983 838.21336626 4307.57604305
        interior  7,2  -77.75751173 694.86668536 4268.94965439
        interior  7,25  -45.95821966 577.55087171 4219.24466890
        interior  7,31  3.83310262 462.10987294 4125.49404294
        interior  7,39  86.52276406 362.43302071 4014.89081929
        interior  7,18  214.34031090 268.15821787 3816.92180726
        interior  7,56  355.17357891 228.61968673 3598.20648311
        interior  7,64  523.52984415 233.68487002 3382.07110857
        interior  7,47  791.78159285 343.30044074 3036.77392079
        interior  7,22  1045.23022860 528.42583890 2740.87368163
        interior  7,78  1239.95280249 729.39522098 2551.87199985
        interior  7,67  1385.28684237 881.62857552 2411.10938523
        interior  7,53  1543.34295347 1076.09418442 2268.41817441
        interior  7,60  1766.48723783 1365.51547063 2090.56842162

    fragment  0.5773503000 -0.5773503000 0.5773503000 2 19
        endpoint  6,99  3901.14129635 3132.17960437 1924.32344731 -2
        endpoint  3,49  -4397.58616449 3469.29415188 2435.78755627 -2
        interior  7,66  4097.19223977 3013.23774078 2201.85018150
        interior  7,58  4236.12647297 2968.82566660 2480.10046419
        interior  7,48  4331.63744229 2996.98113630 2704.24407367
        interior  7,42  4366.14345465 3040.98622694 2860.94822976
        interior  7,41  4393.49624318 3117.78890465 3007.81719384
        interior  7,14  4385.36893219 3202.34359882 3123.89688713
        interior  7,16  4367.57629723 3313.25547758 3207.72287672
        interior  7,4  4308.35129620 3443.55165561 3271.42719817
        interior  7,21  4181.33503338 3677.35175603 3277.95931049
        interior  7,23  3994.40621299 3937.14345963 3100.98459779
        interior  7,35  3859.37117984 4065.20141333 2840.78881960
        interior  7,5  3825.27440586 4065.19343917 2727.36372769
        interior  7,20  3841.15771542 4052.22362248 2594.65346154
        interior  7,6  3945.08231806 4012.67789099 2448.21339043
        interior  7,9  4057.39311451 3939.55158335 2364.74763627
        interior  7,45  4139.39146032 3876.38725643 2330.41191319
        interior  7,1  4270.97786926 3793.85566685 2312.39990474
        interior  7,55  4414.78493941 3721.61086154 2318.96408784
        interior  7,76  4564.62076359 3618.68637367 2342.20919998

    fragment  0.5773503000 0.5773503000 -0.5773503000 2 12
        endpoint  6,70  1089.96716775 2067.82564017 1789.87709307 -2
        endpoint  6,50  2125.26719877 2462.22280907 1988.28795738 -2
        interior  7,43  1054.45187524 1993.83098193 2074.96760206
        interior  7,65  1047.52787250 1990.69876946 2248.18266580
        interior  7,46  1075.74642624 1989.90293062 2404.19127973
        interior  7,30  1123.99556617 2020.09672091 2574.55200339
        interior  7,13  1174.62394526 2082.37072922 2680.20205271
        interior  7,34  1253.99945633 2208.69543279 2759.96316417
        interior  7,33  1448.21210161 2512.65654713 2714.34886360
        interior  7,71  1629.75610552 2637.82162960 2555.79986282
        interior  7,29  1821.13579608 2735.57681915 2402.41822119
        interior  7,36  1946.45127966 2729.54615032 2239.87142579
        interior  7,37  2036.47175080 2672.19208299 2136.74968551
        interior  7,7  2086.78086499 2583.83180086 2043.96397281

    fragment  -0.5773503000 0.5773503000 0.5773503000 2 11
        endpoint  5,78  716.53688515 -4551.76147638 4211.16184949 -2
        endpoint  6,30  2826.87749548 2971.17278605 1906.02555195 -2
        interior  7,17  827.86522962 4493.77393235 4107.60009297
        interior  7,59  1029.69577614 4256.01939481 3932.87102202
        interior  7,51  1149.20410237 4127.77967917 3824.75844002
        interior  7,8  1347.91343113 3919.64291682 3641.25979418
        interior  7,44  1606.75363848 3652.64786510 3388.90349578
        interior  7,54  1835.03237574 3448.45918327 3130.19079292
        interior  7,50  2014.24067877 3307.60782085 2923.86215005
        interior  7,72  2174.10919169 3205.79372924 2727.30511120
        interior  7,61  2446.00116645 3059.85996744 2396.96075827
        interior  7,52  2588.48366151 3012.35458264 2239.78717485
        interior  7,62  2695.18583477 2987.51122053 2112.06816041

    fragment  0.5773503000 0.5773503000 0.5773503000 2 1
        endpoint  6,92  4342.81028455 -333.22961632 1845.29267884 -2
        endpoint  3,74  -4536.24951667 -55.48418014 2427.54728123 -2
        interior  7,12  4451.46384651 -243.66377982 2099.29901598

    fragment  -0.5773503000 0.5773503000 0.5773503000 2 4
        endpoint  6,54  2599.80065627 4478.36891729 2015.87990642 -2
        endpoint  6,26  2769.83832738 3620.02003170 1986.42709652 -2
        interior  7,69  2632.64420398 4299.09402058 2105.66173179
        interior  7,57  2687.08233754 4168.09472580 2141.21617385
        interior  7,75  2697.43698099 3958.79928741 2092.77037243
        interior  7,63  2743.05860767 3759.44584084 2046.95383854

