#
#	ParaDiS nodal data file
#

#
#	File version number
#

3

#
#	Number of data file segments
#

1

#
#	Minimum coordinate values (x, y, z)
#

-8750.0000     -8750.0000     -8750.0000    

#
#	Maximum coordinate values (x, y, z)
#

8750.0000      8750.0000      8750.0000     

#
#	Node count
#

360         

#
#	Domain geometry (x, y, z)
#

2   2   2  

#
#	Domain decomposition type
#

1

#
#	Domain boundaries (x, y, z)
#

  -8750.0000
      -8750.0000
          -8750.0000
          -3359.3327
           8750.0000
       -224.3590
          -8750.0000
           -233.1390
           8750.0000
       8750.0000
   -251.0085
      -8750.0000
          -8750.0000
          -1014.4016
           8750.0000
        224.3590
          -8750.0000
          -4356.2926
           8750.0000
       8750.0000
   8750.0000

#
#	Primary lines: node_tag, x, y, z, num_arms, constraint
#	Secondary lines: arm_tag, burgx, burgy, burgz, nx, ny, nz
#

 0,1 -617.84439698 -436.99491198 -4309.89566825 2 0
   0,9    -0.5773503000    -0.5773503000     0.5773503000
          -0.5796906604     0.7878102423     0.2081195819
   0,3     0.5773503000     0.5773503000    -0.5773503000
          -0.5656677911     0.7927505187     0.2270827276
 0,3 -571.50011429 -402.58653540 -4313.03973309 2 0
   0,4     0.5773503000     0.5773503000    -0.5773503000
          -0.5796906604     0.7878102423     0.2081195819
   0,1    -0.5773503000    -0.5773503000     0.5773503000
          -0.5656677911     0.7927505187     0.2270827276
 0,4 -518.17470747 -362.38876140 -4318.33913663 2 0
   0,3    -0.5773503000    -0.5773503000     0.5773503000
          -0.5796906604     0.7878102423     0.2081195819
   0,8     0.5773503000     0.5773503000    -0.5773503000
          -0.5617497823     0.7940297280     0.2322799457
 0,5 -704.34842993 -499.91315987 -4308.04346228 1 1
   0,9     0.5773503000     0.5773503000    -0.5773503000
          -0.5796906604     0.7878102423     0.2081195819
 0,8 -455.98991249 -314.54390333 -4326.70177921 2 0
   0,4    -0.5773503000    -0.5773503000     0.5773503000
          -0.5617497823     0.7940297280     0.2322799457
   0,17     0.5773503000     0.5773503000    -0.5773503000
          -0.5624570021     0.7938019988     0.2313449967
 0,9 -659.00532126 -467.14367761 -4308.35584437 2 0
   0,1     0.5773503000     0.5773503000    -0.5773503000
          -0.5796906604     0.7878102423     0.2081195819
   0,5    -0.5773503000    -0.5773503000     0.5773503000
          -0.5796906604     0.7878102423     0.2081195819
 0,13 -518.71221693 -690.79883622 -3362.67248257 1 1
   0,15     0.5773503000    -0.5773503000    -0.5773503000
          -0.1468597199     0.6221448427    -0.7690045626
 0,14 -419.95189831 -761.98124644 -5344.61386168 1 1
   0,16     0.5773503000     0.5773503000    -0.5773503000
          -0.7909968679     0.5708351563    -0.2201617116
 0,15 -494.27734544 -657.58003533 -3362.94774789 2 0
   0,13    -0.5773503000     0.5773503000     0.5773503000
          -0.1468597199     0.6221448427    -0.7690045626
   1,11     0.5773503000    -0.5773503000    -0.5773503000
          -0.3404333162     0.4724954609    -0.8129287771
 0,16 -379.08351014 -705.42254916 -5344.98364334 2 0
   0,20     0.5773503000     0.5773503000    -0.5773503000
           0.7285925213    -0.0451337574     0.6834587639
   0,14    -0.5773503000    -0.5773503000     0.5773503000
          -0.7909968679     0.5708351563    -0.2201617116
 0,17 -387.37349492 -259.71978649 -4338.64696138 2 0
   0,8    -0.5773503000    -0.5773503000     0.5773503000
          -0.5624570021     0.7938019988     0.2313449967
   2,19     0.5773503000     0.5773503000    -0.5773503000
          -0.5665858263     0.7924445370     0.2258587107
 0,20 -341.07413612 -653.29135803 -5346.51998481 2 0
   0,22     0.5773503000     0.5773503000    -0.5773503000
           0.0000000000     0.0000000000     0.0000000000
   0,16    -0.5773503000    -0.5773503000     0.5773503000
           0.7285925213    -0.0451337574     0.6834587639
 0,22 -300.67905835 -598.36835046 -5349.26862423 2 0
   0,20    -0.5773503000    -0.5773503000     0.5773503000
           0.0000000000     0.0000000000     0.0000000000
   0,33     0.5773503000     0.5773503000    -0.5773503000
           0.6080731325     0.1678588662     0.7759319987
 0,33 -259.40713079 -542.53864674 -5353.08226118 2 0
   4,34     0.5773503000     0.5773503000    -0.5773503000
           0.7176211555    -0.0215200385     0.6961011170
   0,22    -0.5773503000    -0.5773503000     0.5773503000
           0.6080731325     0.1678588662     0.7759319987
 1,0 -448.10512009 -741.68955227 -3154.46784805 1 1
   1,1    -0.5773503000     0.5773503000     0.5773503000
           0.6220837526    -0.1469525052     0.7690362579
 1,1 -407.33963256 -684.87658814 -3154.37318816 2 0
   1,3    -0.5773503000     0.5773503000     0.5773503000
           0.6252969669    -0.1420522724     0.7673492393
   1,0     0.5773503000    -0.5773503000    -0.5773503000
           0.6220837526    -0.1469525052     0.7690362579
 1,2 -628.48804831 -317.96505998 -1055.57407040 2 0
   1,7     0.5773503000    -0.5773503000     0.5773503000
           0.1467724171    -0.6222023143    -0.7689747315
   1,43    -0.5773503000     0.5773503000    -0.5773503000
           0.1407408164    -0.6261523961    -0.7668932125
 1,3 -371.59610107 -625.31294278 -3169.18045927 2 0
   1,12    -0.5773503000     0.5773503000     0.5773503000
           0.6219656554    -0.1471318333     0.7690974887
   1,1     0.5773503000    -0.5773503000    -0.5773503000
           0.6252969669    -0.1420522724     0.7673492393
 1,4 -628.01632577 -247.33058480 -93.40042531 2 0
   3,6     0.5773503000     0.5773503000    -0.5773503000
          -0.5870063692     0.7849984968     0.1979921276
   1,17    -0.5773503000    -0.5773503000     0.5773503000
          -0.1845435599     0.7810807200     0.5965371601
 1,5 -255.79081947 -346.86354382 -1093.04012552 2 0
   4,13     0.5773503000    -0.5773503000     0.5773503000
           0.6751451400     0.7352335814     0.0600884414
   1,33    -0.5773503000     0.5773503000    -0.5773503000
           0.0000000000     0.0000000000     0.0000000000
 1,6 -327.49772760 -530.43165759 -3239.31204422 2 0
   1,9    -0.5773503000     0.5773503000     0.5773503000
           0.4073219417    -0.4091739391     0.8164958808
   1,12     0.5773503000    -0.5773503000    -0.5773503000
           0.7707774525     0.1520936578     0.6186837948
 1,7 -536.96363057 -306.20259986 -1054.85445790 2 0
   1,18     0.5773503000    -0.5773503000     0.5773503000
          -0.1862002257    -0.7815745909    -0.5953743652
   1,2    -0.5773503000     0.5773503000    -0.5773503000
           0.1467724171    -0.6222023143    -0.7689747315
 1,8 -400.67685719 -317.19366894 -1072.53204060 2 0
   1,18    -0.5773503000     0.5773503000    -0.5773503000
           0.7258574576     0.0391259904    -0.6867314672
   1,33     0.5773503000    -0.5773503000     0.5773503000
          -0.2053415956    -0.7870508982    -0.5817093026
 1,9 -368.79392929 -540.65920712 -3297.38292447 2 0
   1,10    -0.5773503000     0.5773503000     0.5773503000
          -0.1468705723     0.6221376980    -0.7690082703
   1,6     0.5773503000    -0.5773503000    -0.5773503000
           0.4073219417    -0.4091739391     0.8164958808
 1,10 -411.17423414 -574.60633027 -3328.38431282 2 0
   1,9     0.5773503000    -0.5773503000    -0.5773503000
          -0.1468705723     0.6221376980    -0.7690082703
   1,11    -0.5773503000     0.5773503000     0.5773503000
          -0.1470662640     0.6220088405    -0.7690751045
 1,11 -453.85165034 -614.11618211 -3350.58770292 2 0
   1,10     0.5773503000    -0.5773503000    -0.5773503000
          -0.1470662640     0.6220088405    -0.7690751045
   0,15    -0.5773503000     0.5773503000     0.5773503000
          -0.3404333162     0.4724954609    -0.8129287771
 1,12 -338.72835981 -569.81478196 -3195.18251091 2 0
   1,3     0.5773503000    -0.5773503000    -0.5773503000
           0.6219656554    -0.1471318333     0.7690974887
   1,6    -0.5773503000     0.5773503000     0.5773503000
           0.7707774525     0.1520936578     0.6186837948
 1,17 -716.52771311 -273.38524556 -88.75288470 2 0
   1,22    -0.5773503000    -0.5773503000     0.5773503000
          -0.5702604957     0.7911956836     0.2209351880
   1,4     0.5773503000     0.5773503000    -0.5773503000
          -0.1845435599     0.7810807200     0.5965371601
 1,18 -459.81121325 -310.39780135 -1064.34682103 2 0
   1,8     0.5773503000    -0.5773503000     0.5773503000
           0.7258574576     0.0391259904    -0.6867314672
   1,7    -0.5773503000     0.5773503000    -0.5773503000
          -0.1862002257    -0.7815745909    -0.5953743652
 1,21 -791.64387670 -353.10220462 -1057.23725043 1 1
   1,43     0.5773503000    -0.5773503000     0.5773503000
          -0.1862002257    -0.7815745909    -0.5953743652
 1,22 -805.32433873 -295.15083752 -87.70017633 1 1
   1,17     0.5773503000     0.5773503000    -0.5773503000
          -0.5702604957     0.7911956836     0.2209351880
 1,33 -324.24704514 -329.41284945 -1082.72104274 2 0
   1,5     0.5773503000    -0.5773503000     0.5773503000
           0.0000000000     0.0000000000     0.0000000000
   1,8    -0.5773503000     0.5773503000    -0.5773503000
          -0.2053415956    -0.7870508982    -0.5817093026
 1,43 -715.11465664 -334.92887153 -1057.32600217 2 0
   1,21    -0.5773503000     0.5773503000    -0.5773503000
          -0.1862002257    -0.7815745909    -0.5953743652
   1,2     0.5773503000    -0.5773503000     0.5773503000
           0.1407408164    -0.6261523961    -0.7668932125
 1,64 -272.15397745 -576.86959608 -2742.45932057 2 0
   4,23     0.5773503000    -0.5773503000     0.5773503000
          -0.6789041420     0.0533797944     0.7322839364
   1,65    -0.5773503000     0.5773503000    -0.5773503000
           0.1420513319    -0.6252975811    -0.7673489130
 1,65 -335.48504386 -593.02420506 -2733.45327335 2 0
   1,64     0.5773503000    -0.5773503000     0.5773503000
           0.1420513319    -0.6252975811    -0.7673489130
   1,66    -0.5773503000     0.5773503000    -0.5773503000
           0.1454102605    -0.6230979253    -0.7685081858
 1,66 -393.06175756 -618.25180009 -2723.20559015 2 0
   1,65     0.5773503000    -0.5773503000     0.5773503000
           0.1454102605    -0.6230979253    -0.7685081858
   1,69    -0.5773503000     0.5773503000    -0.5773503000
           0.1466031365    -0.6223137280    -0.7689168644
 1,68 -490.90899447 -710.83826515 -2710.05050663 1 1
   1,69     0.5773503000    -0.5773503000     0.5773503000
           0.3404531752    -0.4724776419    -0.8129308171
 1,69 -449.80644567 -655.20574121 -2709.48018880 2 0
   1,66     0.5773503000    -0.5773503000     0.5773503000
           0.1466031365    -0.6223137280    -0.7689168644
   1,68    -0.5773503000     0.5773503000    -0.5773503000
           0.3404531752    -0.4724776419    -0.8129308171
 2,0 -658.97252361 562.86886692 -956.20353031 1 1
   2,6     0.5773503000    -0.5773503000    -0.5773503000
           0.5619485144     0.7939658754    -0.2320173611
 2,6 -622.66679065 536.82466890 -955.74493307 2 0
   2,7     0.5773503000    -0.5773503000    -0.5773503000
           0.5592122847     0.7948354267    -0.2356231420
   2,0    -0.5773503000     0.5773503000     0.5773503000
           0.5619485144     0.7939658754    -0.2320173611
 2,7 -569.76835489 498.33312469 -955.22919370 2 0
   2,6    -0.5773503000     0.5773503000     0.5773503000
           0.5592122847     0.7948354267    -0.2356231420
   2,12     0.5773503000    -0.5773503000    -0.5773503000
           0.5526339328     0.7968424723    -0.2442085395
 2,9 -608.68687083 354.75700281 -4495.44119024 2 0
   2,11    -0.5773503000     0.5773503000    -0.5773503000
          -0.5922097981    -0.7828960928    -0.1906862946
   2,10     0.5773503000    -0.5773503000     0.5773503000
          -0.5930209557    -0.7825604851    -0.1895395295
 2,10 -568.53834516 323.93049614 -4492.43232658 2 0
   2,9    -0.5773503000     0.5773503000    -0.5773503000
          -0.5930209557    -0.7825604851    -0.1895395295
   2,35     0.5773503000    -0.5773503000     0.5773503000
          -0.5562597130    -0.7957507108    -0.2394909977
 2,11 -648.46923578 384.53758714 -4497.61409158 2 0
   2,9     0.5773503000    -0.5773503000     0.5773503000
          -0.5922097981    -0.7828960928    -0.1906862946
   2,101    -0.5773503000     0.5773503000    -0.5773503000
          -0.5817120078    -0.7870498722    -0.2053378644
 2,12 -518.84167269 460.97739321 -955.04798737 2 0
   2,7    -0.5773503000     0.5773503000     0.5773503000
           0.5526339328     0.7968424723    -0.2442085395
   2,13     0.5773503000    -0.5773503000    -0.5773503000
           0.5765981207     0.7889495926    -0.2123514719
 2,13 -442.72388950 401.35523437 -954.56002616 2 0
   2,15     0.5773503000    -0.5773503000    -0.5773503000
          -0.4647762896    -0.8137548539     0.3489785643
   2,12    -0.5773503000     0.5773503000     0.5773503000
           0.5765981207     0.7889495926    -0.2123514719
 2,14 -309.12914098 243.44567515 -956.25880609 2 0
   2,56    -0.5773503000     0.5773503000     0.5773503000
           0.7872297566     0.5812367926     0.2059929640
   2,17     0.5773503000    -0.5773503000    -0.5773503000
           0.7874616246     0.5806215352     0.2068400894
 2,15 -403.58772439 363.60148850 -953.95937504 2 0
   2,56     0.5773503000    -0.5773503000    -0.5773503000
          -0.4647762896    -0.8137548539     0.3489785643
   2,13    -0.5773503000     0.5773503000     0.5773503000
          -0.4647762896    -0.8137548539     0.3489785643
 2,17 -255.57871336 171.72375605 -960.19845236 2 0
   5,44     0.5773503000    -0.5773503000    -0.5773503000
           0.7874897972     0.5805465702     0.2069432270
   2,14    -0.5773503000     0.5773503000     0.5773503000
           0.7874616246     0.5806215352     0.2068400894
 2,18 -299.32208314 3.78430899 -3381.79819445 2 0
   2,46    -0.5773503000     0.5773503000     0.5773503000
           0.5496726071     0.7977081987    -0.2480355916
   2,48     0.5773503000    -0.5773503000    -0.5773503000
           0.5269443265     0.8036084957    -0.2766641692
 2,19 -329.85775298 -209.67485146 -4350.68901249 2 0
   2,36     0.5773503000     0.5773503000    -0.5773503000
          -0.8100957332     0.3166811462    -0.4934145870
   0,17    -0.5773503000    -0.5773503000     0.5773503000
          -0.5665858263     0.7924445370     0.2258587107
 2,20 -853.81145634 -89.75611129 -7295.62842530 1 1
   2,22     0.5773503000     0.5773503000     0.5773503000
           0.5702569561    -0.7911969052     0.2209399491
 2,21 -688.11532521 -51.50536010 -7297.18194929 2 0
   2,23    -0.5773503000    -0.5773503000    -0.5773503000
           0.1836237615    -0.7808051577     0.5971813962
   2,25     0.5773503000     0.5773503000     0.5773503000
           0.1962381182    -0.7844993842     0.5882612660
 2,22 -797.38401530 -76.49130248 -7295.70593029 2 0
   2,20    -0.5773503000    -0.5773503000    -0.5773503000
           0.5702569561    -0.7911969052     0.2209399491
   2,23     0.5773503000     0.5773503000     0.5773503000
           0.1843600504    -0.7810258199     0.5966657695
 2,23 -746.50500983 -64.71055502 -7296.19542241 2 0
   2,22    -0.5773503000    -0.5773503000    -0.5773503000
           0.1843600504    -0.7810258199     0.5966657695
   2,21     0.5773503000     0.5773503000     0.5773503000
           0.1836237615    -0.7808051577     0.5971813962
 2,24 -582.82937490 -28.87473787 -7300.71364070 2 0
   2,25    -0.5773503000    -0.5773503000    -0.5773503000
           0.1825648311    -0.7804867117     0.5979218806
   2,26     0.5773503000     0.5773503000     0.5773503000
           0.1886240179    -0.7822914671     0.5936674493
 2,25 -632.47083310 -39.35346989 -7298.71188080 2 0
   2,24     0.5773503000     0.5773503000     0.5773503000
           0.1825648311    -0.7804867117     0.5979218806
   2,21    -0.5773503000    -0.5773503000    -0.5773503000
           0.1962381182    -0.7844993842     0.5882612660
 2,26 -530.65993862 -18.22814744 -7303.58946699 2 0
   2,28     0.5773503000     0.5773503000     0.5773503000
           0.1879386887    -0.7820894552     0.5941507665
   2,24    -0.5773503000    -0.5773503000    -0.5773503000
           0.1886240179    -0.7822914671     0.5936674493
 2,27 -454.91174199 228.04351587 -4479.79108710 2 0
   2,30     0.5773503000    -0.5773503000     0.5773503000
          -0.7634367964    -0.1309731222     0.6324636742
   2,35    -0.5773503000     0.5773503000    -0.5773503000
          -0.5581680904    -0.7951618370    -0.2369937466
 2,28 -479.24347313 -7.57764780 -7307.69476319 2 0
   2,29     0.5773503000     0.5773503000     0.5773503000
           0.1849046073    -0.7811886209     0.5962840135
   2,26    -0.5773503000    -0.5773503000    -0.5773503000
           0.1879386887    -0.7820894552     0.5941507665
 2,29 -420.66540668 6.43882772 -7314.93138709 2 0
   2,28    -0.5773503000    -0.5773503000    -0.5773503000
           0.1849046073    -0.7811886209     0.5962840135
   2,31     0.5773503000     0.5773503000     0.5773503000
          -0.2785771078    -0.5253888838     0.8039659917
 2,30 -398.49414966 166.01840902 -4469.95136780 2 0
   2,27    -0.5773503000     0.5773503000    -0.5773503000
          -0.7634367964    -0.1309731222     0.6324636742
   2,38     0.5773503000    -0.5773503000     0.5773503000
          -0.7809474150    -0.5968492177     0.1840981973
 2,31 -370.12521132 23.82039392 -7325.21189601 2 0
   2,29    -0.5773503000    -0.5773503000    -0.5773503000
          -0.2785771078    -0.5253888838     0.8039659917
   2,33     0.5773503000     0.5773503000     0.5773503000
           0.5650576422    -0.7929525625     0.2278949203
 2,32 -335.20080354 87.88505963 -4454.88540106 2 0
   2,34     0.5773503000    -0.5773503000     0.5773503000
          -0.7884795585    -0.5778834270     0.2105961316
   2,38    -0.5773503000     0.5773503000    -0.5773503000
          -0.7859845420    -0.5844895943     0.2014949477
 2,33 -322.30291988 47.92076781 -7339.14440474 2 0
   2,37     0.5773503000     0.5773503000     0.5773503000
           0.5456929950    -0.7988354388     0.2531424438
   2,31    -0.5773503000    -0.5773503000    -0.5773503000
           0.5650576422    -0.7929525625     0.2278949203
 2,34 -294.42617379 37.24490352 -4443.64415130 2 0
   2,32    -0.5773503000     0.5773503000    -0.5773503000
          -0.7884795585    -0.5778834270     0.2105961316
   2,47     0.5773503000    -0.5773503000     0.5773503000
          -0.7728881118    -0.6144418081     0.1584463037
 2,35 -513.96933610 280.47673166 -4487.11282475 2 0
   2,27     0.5773503000    -0.5773503000     0.5773503000
          -0.5581680904    -0.7951618370    -0.2369937466
   2,10    -0.5773503000     0.5773503000    -0.5773503000
          -0.5562597130    -0.7957507108    -0.2394909977
 2,36 -282.17809666 -161.92376597 -4362.76877621 2 0
   2,19    -0.5773503000    -0.5773503000     0.5773503000
          -0.8100957332     0.3166811462    -0.4934145870
   4,71     0.5773503000     0.5773503000    -0.5773503000
          -0.7763201044     0.6072383980    -0.1690817064
 2,37 -275.33612604 83.38236686 -7357.28349288 2 0
   4,72     0.5773503000     0.5773503000     0.5773503000
           0.7820607447    -0.5942193083    -0.1878414364
   2,33    -0.5773503000    -0.5773503000    -0.5773503000
           0.5456929950    -0.7988354388     0.2531424438
 2,38 -366.18924918 126.08250037 -4462.56450485 2 0
   2,32     0.5773503000    -0.5773503000     0.5773503000
          -0.7859845420    -0.5844895943     0.2014949477
   2,30    -0.5773503000     0.5773503000    -0.5773503000
          -0.7809474150    -0.5968492177     0.1840981973
 2,39 -494.71072754 124.73309068 -3427.93285215 2 0
   2,40    -0.5773503000     0.5773503000     0.5773503000
           0.2158131992     0.7898659072    -0.5740527081
   2,45     0.5773503000    -0.5773503000    -0.5773503000
          -0.7638030976    -0.6318087737    -0.1319943239
 2,40 -560.36711798 151.06327678 -3436.69660317 2 0
   2,39     0.5773503000    -0.5773503000    -0.5773503000
           0.2158131992     0.7898659072    -0.5740527081
   2,44    -0.5773503000     0.5773503000     0.5773503000
           0.2002926080     0.7856476923    -0.5853550843
 2,41 -759.93659463 201.34374798 -3441.57919852 2 0
   2,42    -0.5773503000     0.5773503000     0.5773503000
           0.1844502194     0.7810528004    -0.5966025810
   2,43     0.5773503000    -0.5773503000    -0.5773503000
           0.1880264814     0.7821153637    -0.5940888823
 2,42 -823.92093649 216.37438526 -3441.67998328 1 1
   2,41     0.5773503000    -0.5773503000    -0.5773503000
           0.1844502194     0.7810528004    -0.5966025810
 2,43 -711.59408436 189.89029844 -3441.32522224 2 0
   2,41    -0.5773503000     0.5773503000     0.5773503000
           0.1880264814     0.7821153637    -0.5940888823
   2,44     0.5773503000    -0.5773503000    -0.5773503000
           0.1921215135     0.7833139801    -0.5911924667
 2,44 -620.57223353 167.79089154 -3439.88259787 2 0
   2,43    -0.5773503000     0.5773503000     0.5773503000
           0.1921215135     0.7833139801    -0.5911924667
   2,40     0.5773503000    -0.5773503000    -0.5773503000
           0.2002926080     0.7856476923    -0.5853550843
 2,45 -432.99081224 89.36968498 -3414.77182320 2 0
   2,46     0.5773503000    -0.5773503000    -0.5773503000
           0.5695655629     0.7914348338    -0.2218692709
   2,39    -0.5773503000     0.5773503000     0.5773503000
          -0.7638030976    -0.6318087737    -0.1319943239
 2,46 -378.44768548 55.03692097 -3401.81098726 2 0
   2,45    -0.5773503000     0.5773503000     0.5773503000
           0.5695655629     0.7914348338    -0.2218692709
   2,18     0.5773503000    -0.5773503000    -0.5773503000
           0.5496726071     0.7977081987    -0.2480355916
 2,47 -255.17676730 -10.05973725 -4431.77193383 2 0
   2,34    -0.5773503000     0.5773503000    -0.5773503000
          -0.7728881118    -0.6144418081     0.1584463037
   4,79     0.5773503000    -0.5773503000     0.5773503000
          -0.7798666098    -0.5993516737     0.1805149361
 2,48 -252.80282566 -26.88921869 -3369.29830871 2 0
   2,18    -0.5773503000     0.5773503000     0.5773503000
           0.5269443265     0.8036084957    -0.2766641692
   4,97     0.5773503000    -0.5773503000    -0.5773503000
           0.5151768663     0.8061726084    -0.2909957421
 2,56 -361.75479045 313.94837079 -954.05654037 2 0
   2,15    -0.5773503000     0.5773503000     0.5773503000
          -0.4647762896    -0.8137548539     0.3489785643
   2,14     0.5773503000    -0.5773503000    -0.5773503000
           0.7872297566     0.5812367926     0.2059929640
 2,101 -692.71852686 417.14289596 -4498.92090816 2 0
   2,11     0.5773503000    -0.5773503000     0.5773503000
          -0.5817120078    -0.7870498722    -0.2053378644
   2,2159    -0.5773503000     0.5773503000    -0.5773503000
          -0.5806706611    -0.7874431534    -0.2067724923
 2,2159 -739.62038656 450.97593415 -4499.01737065 1 1
   2,101     0.5773503000    -0.5773503000     0.5773503000
          -0.5806706611    -0.7874431534    -0.2067724923
 3,0 -489.37587968 187.12322552 6353.61712116 2 0
   3,1    -0.5773503000    -0.5773503000     0.5773503000
          -0.2708347903     0.8024903951     0.5316556048
   3,40     0.5773503000     0.5773503000    -0.5773503000
          -0.7598145180     0.1210416111    -0.6387729069
 3,1 -557.09347080 170.17971281 6330.41944403 2 0
   3,0     0.5773503000     0.5773503000    -0.5773503000
          -0.2708347903     0.8024903951     0.5316556048
   3,2    -0.5773503000    -0.5773503000     0.5773503000
          -0.1836642975     0.7808173223     0.5971530248
 3,2 -630.10704333 165.58830765 6312.78819117 2 0
   3,3    -0.5773503000    -0.5773503000     0.5773503000
          -0.1842968915     0.7810069158     0.5967100244
   3,1     0.5773503000     0.5773503000    -0.5773503000
          -0.1836642975     0.7808173223     0.5971530248
 3,3 -689.13336011 168.04976029 6302.52957106 2 0
   3,2     0.5773503000     0.5773503000    -0.5773503000
          -0.1842968915     0.7810069158     0.5967100244
   3,4    -0.5773503000    -0.5773503000     0.5773503000
           0.1415753916     0.6256082450     0.7671836366
 3,4 -759.49602704 180.78506391 6298.80807524 2 0
   3,5    -0.5773503000    -0.5773503000     0.5773503000
           0.1467895802     0.6221910165     0.7689805967
   3,3     0.5773503000     0.5773503000    -0.5773503000
           0.1415753916     0.6256082450     0.7671836366
 3,5 -828.42955239 197.27558183 6298.62673272 1 1
   3,4     0.5773503000     0.5773503000    -0.5773503000
           0.1467895802     0.6221910165     0.7689805967
 3,6 -577.24600705 -213.41453623 -89.99861833 2 0
   1,4    -0.5773503000    -0.5773503000     0.5773503000
          -0.5870063692     0.7849984968     0.1979921276
   3,7     0.5773503000     0.5773503000    -0.5773503000
          -0.5664014829     0.7925061706     0.2261046876
 3,7 -500.07627567 -159.28289016 -86.36128569 2 0
   3,8     0.5773503000     0.5773503000    -0.5773503000
          -0.5704364726     0.7911349024     0.2206984298
   3,6    -0.5773503000    -0.5773503000     0.5773503000
          -0.5664014829     0.7925061706     0.2261046876
 3,8 -452.24819154 -125.44722398 -85.08867046 2 0
   3,9     0.5773503000     0.5773503000    -0.5773503000
          -0.5735935891     0.7900291424     0.2164355533
   3,7    -0.5773503000    -0.5773503000     0.5773503000
          -0.5704364726     0.7911349024     0.2206984298
 3,9 -394.04259945 -84.01547872 -84.43874736 2 0
   3,8    -0.5773503000    -0.5773503000     0.5773503000
          -0.5735935891     0.7900291424     0.2164355533
   3,12     0.5773503000     0.5773503000    -0.5773503000
          -0.5733175155     0.7901269989     0.2168094833
 3,10 -385.79865092 676.76636106 1461.59931135 2 0
   3,29     0.5773503000    -0.5773503000     0.5773503000
          -0.6021360877    -0.7786390845    -0.1765029968
   3,87    -0.5773503000     0.5773503000    -0.5773503000
          -0.7811305214    -0.1847101382     0.5964203831
 3,11 -306.66951152 -20.59598851 -84.78110725 2 0
   3,12    -0.5773503000    -0.5773503000     0.5773503000
          -0.5770620188     0.7887805170     0.2117184982
   3,14     0.5773503000     0.5773503000    -0.5773503000
          -0.6127801673     0.7736965676     0.1609164002
 3,12 -357.91415448 -57.87980498 -84.39592105 2 0
   3,11     0.5773503000     0.5773503000    -0.5773503000
          -0.5770620188     0.7887805170     0.2117184982
   3,9    -0.5773503000    -0.5773503000     0.5773503000
          -0.5733175155     0.7901269989     0.2168094833
 3,13 -544.71964138 609.17996289 6445.09792644 2 0
   3,22     0.5773503000     0.5773503000    -0.5773503000
          -0.6221467025    -0.1468568950    -0.7690035975
   3,19    -0.5773503000    -0.5773503000     0.5773503000
          -0.4724808924    -0.3404495526    -0.8129304450
 3,14 -254.53999736 19.00798037 -85.42979570 2 0
   3,11    -0.5773503000    -0.5773503000     0.5773503000
          -0.6127801673     0.7736965676     0.1609164002
   5,31     0.5773503000     0.5773503000    -0.5773503000
          -0.5681279395     0.7919251548     0.2237972153
 3,17 -373.69481071 587.85368940 2804.57678408 2 0
   3,25    -0.5773503000     0.5773503000    -0.5773503000
          -0.7924487377    -0.5665732713     0.2258754665
   3,32     0.5773503000    -0.5773503000     0.5773503000
          -0.7924475675    -0.5665767691     0.2258707984
 3,19 -516.10230835 565.42983828 6446.33481926 2 0
   3,21    -0.5773503000    -0.5773503000     0.5773503000
          -0.6215678170    -0.1477355422    -0.7693033592
   3,13     0.5773503000     0.5773503000    -0.5773503000
          -0.4724808924    -0.3404495526    -0.8129304450
 3,20 -445.10850588 289.79671288 6400.16969563 2 0
   3,40    -0.5773503000    -0.5773503000     0.5773503000
          -0.7602635816     0.1222568893    -0.6380066923
   3,38     0.5773503000     0.5773503000    -0.5773503000
          -0.7827111630     0.1900537521    -0.5926574109
 3,21 -486.36361304 496.66399874 6437.43176189 2 0
   3,19     0.5773503000     0.5773503000    -0.5773503000
          -0.6215678170    -0.1477355422    -0.7693033592
   3,43    -0.5773503000    -0.5773503000     0.5773503000
          -0.6227189860    -0.1459869822    -0.7687059682
 3,22 -574.30605619 650.72906400 6444.88999615 1 1
   3,13    -0.5773503000    -0.5773503000     0.5773503000
          -0.6221467025    -0.1468568950    -0.7690035975
 3,25 -408.90332564 636.36548452 2803.64987908 2 0
   3,37    -0.5773503000     0.5773503000    -0.5773503000
          -0.6446558763     0.1116237882     0.7562796646
   3,17     0.5773503000    -0.5773503000     0.5773503000
          -0.7924487377    -0.5665732713     0.2258754665
 3,27 -490.15959372 630.47357003 2353.93903999 2 0
   3,34     0.5773503000    -0.5773503000    -0.5773503000
           0.7920028825     0.5678984324     0.2241044501
   3,53    -0.5773503000     0.5773503000     0.5773503000
           0.7845524567     0.5881284226     0.1964240341
 3,29 -318.96491205 625.65486469 1457.61135173 2 0
   3,10    -0.5773503000     0.5773503000    -0.5773503000
          -0.6021360877    -0.7786390845    -0.1765029968
   7,42     0.5773503000    -0.5773503000     0.5773503000
          -0.5687100876    -0.7917273205    -0.2230172329
 3,32 -334.93614509 534.54919770 2805.87836715 2 0
   3,36     0.5773503000    -0.5773503000     0.5773503000
          -0.7931087782    -0.5645837005     0.2285250777
   3,17    -0.5773503000     0.5773503000    -0.5773503000
          -0.7924475675    -0.5665767691     0.2258707984
 3,34 -455.63123406 582.77204788 2353.37034279 2 0
   3,27    -0.5773503000     0.5773503000     0.5773503000
           0.7920028825     0.5678984324     0.2241044501
   3,39     0.5773503000    -0.5773503000    -0.5773503000
           0.7909584093     0.5709459996     0.2200124097
 3,35 -335.12948369 417.98502780 2347.24426149 2 0
   3,45    -0.5773503000     0.5773503000     0.5773503000
           0.7833733662     0.5910472279     0.1923261383
   3,41     0.5773503000    -0.5773503000    -0.5773503000
           0.7900045618     0.5736628367     0.2163417251
 3,36 -297.70177669 483.39815624 2807.33189879 2 0
   3,32    -0.5773503000     0.5773503000    -0.5773503000
          -0.7931087782    -0.5645837005     0.2285250777
   3,50     0.5773503000    -0.5773503000     0.5773503000
          -0.7930854696    -0.5646545383     0.2284309312
 3,37 -436.72713940 674.81125249 2803.20011586 2 0
   3,55    -0.5773503000     0.5773503000    -0.5773503000
          -0.7942827784    -0.5609588210     0.2333239573
   3,25     0.5773503000    -0.5773503000     0.5773503000
          -0.6446558763     0.1116237882     0.7562796646
 3,38 -446.19421016 353.09320956 6416.87509460 2 0
   3,43     0.5773503000     0.5773503000    -0.5773503000
          -0.6244585069    -0.1433348802    -0.7677933871
   3,20    -0.5773503000    -0.5773503000     0.5773503000
          -0.7827111630     0.1900537521    -0.5926574109
 3,39 -415.35819412 527.41617427 2351.91870587 2 0
   3,45     0.5773503000    -0.5773503000    -0.5773503000
           0.7937439784     0.5626364986     0.2311074797
   3,34    -0.5773503000     0.5773503000     0.5773503000
           0.7909584093     0.5709459996     0.2200124097
 3,40 -455.64175157 230.42827364 6379.76420913 2 0
   3,20     0.5773503000     0.5773503000    -0.5773503000
          -0.7602635816     0.1222568893    -0.6380066923
   3,0    -0.5773503000    -0.5773503000     0.5773503000
          -0.7598145180     0.1210416111    -0.6387729069
 3,41 -300.55533858 371.20156042 2344.55644693 2 0
   3,73     0.5773503000    -0.5773503000    -0.5773503000
           0.7869558269     0.5819597291     0.2049960978
   3,35    -0.5773503000     0.5773503000     0.5773503000
           0.7900045618     0.5736628367     0.2163417251
 3,43 -459.20125151 417.63685662 6427.89136986 2 0
   3,21     0.5773503000     0.5773503000    -0.5773503000
          -0.6227189860    -0.1459869822    -0.7687059682
   3,38    -0.5773503000    -0.5773503000     0.5773503000
          -0.6244585069    -0.1433348802    -0.7677933871
 3,45 -374.13871003 471.08328691 2349.78950426 2 0
   3,39    -0.5773503000     0.5773503000     0.5773503000
           0.7937439784     0.5626364986     0.2311074797
   3,35     0.5773503000    -0.5773503000    -0.5773503000
           0.7833733662     0.5910472279     0.1923261383
 3,50 -262.71986424 435.39756023 2808.86817401 2 0
   7,23     0.5773503000    -0.5773503000     0.5773503000
          -0.7943389727    -0.5607824362     0.2335565364
   3,36    -0.5773503000     0.5773503000    -0.5773503000
          -0.7930854696    -0.5646545383     0.2284309312
 3,53 -528.49098735 683.75069728 2353.69934258 1 1
   3,27     0.5773503000    -0.5773503000    -0.5773503000
           0.7845524567     0.5881284226     0.1964240341
 3,55 -472.37197104 724.19899571 2803.03142702 1 1
   3,37     0.5773503000    -0.5773503000     0.5773503000
          -0.7942827784    -0.5609588210     0.2333239573
 3,73 -266.29426728 325.28086667 2341.54442138 2 0
   3,41    -0.5773503000     0.5773503000     0.5773503000
           0.7869558269     0.5819597291     0.2049960978
   7,17     0.5773503000    -0.5773503000    -0.5773503000
           0.7912785413     0.5700201830     0.2212583583
 3,87 -437.79937085 749.11751605 1463.03990515 1 1
   3,10     0.5773503000    -0.5773503000     0.5773503000
          -0.7811305214    -0.1847101382     0.5964203831
 4,0 225.57204323 -474.46007852 -1015.89900536 2 0
   5,39    -0.5773503000     0.5773503000     0.5773503000
           0.0000000000     0.0000000000     0.0000000000
   4,6     0.5773503000    -0.5773503000    -0.5773503000
           0.6284529237    -0.1371992707     0.7656521944
 4,1 393.49565993 -701.61203420 -1030.80270720 2 0
   4,2    -0.5773503000     0.5773503000     0.5773503000
           0.7911150844     0.5704937946     0.2206212898
   4,3     0.5773503000    -0.5773503000    -0.5773503000
           0.7911150844     0.5704937946     0.2206212898
 4,2 359.34195548 -654.94263699 -1028.92166277 2 0
   4,4    -0.5773503000     0.5773503000     0.5773503000
           0.7027950471    -0.0085460016     0.7113410487
   4,1     0.5773503000    -0.5773503000    -0.5773503000
           0.7911150844     0.5704937946     0.2206212898
 4,3 431.39253948 -753.73529884 -1031.97282252 1 1
   4,1    -0.5773503000     0.5773503000     0.5773503000
           0.7911150844     0.5704937946     0.2206212898
 4,4 322.93509648 -605.53033708 -1026.16011470 2 0
   4,2     0.5773503000    -0.5773503000    -0.5773503000
           0.7027950471    -0.0085460016     0.7113410487
   4,5    -0.5773503000     0.5773503000     0.5773503000
           0.7027950471    -0.0085460016     0.7113410487
 4,5 289.07912581 -559.75269378 -1023.01962062 2 0
   4,6    -0.5773503000     0.5773503000     0.5773503000
           0.7027950471    -0.0085460016     0.7113410487
   4,4     0.5773503000    -0.5773503000    -0.5773503000
           0.7027950471    -0.0085460016     0.7113410487
 4,6 256.93191056 -516.47745918 -1019.60713036 2 0
   4,5     0.5773503000    -0.5773503000    -0.5773503000
           0.7027950471    -0.0085460016     0.7113410487
   4,0    -0.5773503000     0.5773503000     0.5773503000
           0.6284529237    -0.1371992707     0.7656521944
 4,7 605.92187083 -235.79573861 -8260.02514459 2 0
   4,28     0.5773503000    -0.5773503000     0.5773503000
          -0.2740919346     0.5290285094     0.8031204440
   4,61    -0.5773503000     0.5773503000    -0.5773503000
           0.7133500095     0.7006936423    -0.0126563672
 4,8 599.96056410 -232.00049426 -8418.43694985 2 0
   4,61     0.5773503000    -0.5773503000     0.5773503000
          -0.2740919346     0.5290285094     0.8031204440
   4,30    -0.5773503000     0.5773503000    -0.5773503000
           0.7089134683     0.7052861383    -0.0036273299
 4,13 -205.31376359 -379.09090325 -1108.20587078 2 0
   4,14     0.5773503000    -0.5773503000     0.5773503000
          -0.7768347651    -0.1707115931     0.6061231721
   1,5    -0.5773503000     0.5773503000    -0.5773503000
           0.6751451400     0.7352335814     0.0600884414
 4,14 -178.95194350 -430.17791450 -1121.16259588 2 0
   4,13    -0.5773503000     0.5773503000    -0.5773503000
          -0.7768347651    -0.1707115931     0.6061231721
   4,15     0.5773503000    -0.5773503000     0.5773503000
           0.0723505365    -0.6681499761    -0.7405005127
 4,15 -163.36872160 -498.14661072 -1129.86317177 2 0
   4,14    -0.5773503000     0.5773503000    -0.5773503000
           0.0723505365    -0.6681499761    -0.7405005127
   4,17     0.5773503000    -0.5773503000     0.5773503000
           0.3711109063    -0.4442917675    -0.8154026738
 4,16 760.63655519 -421.81755776 -2855.70507754 1 1
   4,20    -0.5773503000    -0.5773503000     0.5773503000
          -0.5281347555    -0.2751962499    -0.8033310053
 4,17 -153.91201659 -556.83626871 -1136.61796985 2 0
   4,18     0.5773503000    -0.5773503000     0.5773503000
           0.0000000000     0.0000000000     0.0000000000
   4,15    -0.5773503000     0.5773503000    -0.5773503000
           0.3711109063    -0.4442917675    -0.8154026738
 4,18 -146.72926044 -617.98637011 -1143.72966589 2 0
   4,17    -0.5773503000     0.5773503000    -0.5773503000
           0.0000000000     0.0000000000     0.0000000000
   4,22     0.5773503000    -0.5773503000     0.5773503000
           0.7178454702     0.0219903818    -0.6958550884
 4,19 -172.82200671 -834.20225841 -1147.44299379 1 1
   4,21    -0.5773503000     0.5773503000    -0.5773503000
          -0.6201384635     0.1498994787     0.7700379422
 4,20 689.39885325 -369.10656800 -2857.02390860 2 0
   4,16     0.5773503000     0.5773503000    -0.5773503000
          -0.5281347555    -0.2751962499    -0.8033310053
   4,854    -0.5773503000    -0.5773503000     0.5773503000
          -0.7619911252     0.1269736267    -0.6350174984
 4,21 -156.99245336 -765.54951548 -1147.74503275 2 0
   4,22    -0.5773503000     0.5773503000    -0.5773503000
          -0.7810354814    -0.1843923358     0.5966431456
   4,19     0.5773503000    -0.5773503000     0.5773503000
          -0.6201384635     0.1498994787     0.7700379422
 4,22 -144.96794959 -681.00260045 -1148.90781862 2 0
   4,18    -0.5773503000     0.5773503000    -0.5773503000
           0.7178454702     0.0219903818    -0.6958550884
   4,21     0.5773503000    -0.5773503000     0.5773503000
          -0.7810354814    -0.1843923358     0.5966431456
 4,23 -216.41100662 -577.36182542 -2755.92658711 2 0
   4,24     0.5773503000    -0.5773503000     0.5773503000
          -0.1755881084    -0.7783565873    -0.6027684789
   1,64    -0.5773503000     0.5773503000    -0.5773503000
          -0.6789041420     0.0533797944     0.7322839364
 4,24 -170.00249904 -594.84749041 -2775.20706558 2 0
   4,23    -0.5773503000     0.5773503000    -0.5773503000
          -0.1755881084    -0.7783565873    -0.6027684789
   4,25     0.5773503000    -0.5773503000     0.5773503000
          -0.7840602750    -0.1947052433     0.5893550317
 4,25 -140.48938141 -643.05667876 -2799.13778862 2 0
   4,24    -0.5773503000     0.5773503000    -0.5773503000
          -0.7840602750    -0.1947052433     0.5893550317
   4,26     0.5773503000    -0.5773503000     0.5773503000
           0.6587779786    -0.0883533730    -0.7471313515
 4,26 -133.42865361 -717.75031568 -2815.51714731 2 0
   4,25    -0.5773503000     0.5773503000    -0.5773503000
           0.6587779786    -0.0883533730    -0.7471313515
   4,27     0.5773503000    -0.5773503000     0.5773503000
          -0.6244936658     0.1432811532     0.7677748189
 4,27 -145.62475484 -796.38149210 -2819.52582558 2 0
   4,26    -0.5773503000     0.5773503000    -0.5773503000
          -0.6244936658     0.1432811532     0.7677748189
   4,29     0.5773503000    -0.5773503000     0.5773503000
          -0.6232714169     0.1451460289     0.7684174459
 4,28 613.46198387 -233.57709165 -8174.65720179 2 0
   4,7    -0.5773503000     0.5773503000    -0.5773503000
          -0.2740919346     0.5290285094     0.8031204440
   4,59     0.5773503000    -0.5773503000     0.5773503000
           0.7068624610     0.7073508484     0.0004883875
 4,29 -155.78700230 -838.22367745 -2819.76167465 1 1
   4,27    -0.5773503000     0.5773503000    -0.5773503000
          -0.6232714169     0.1451460289     0.7684174459
 4,30 598.20089331 -230.46611562 -8467.54844331 2 0
   4,63    -0.5773503000     0.5773503000    -0.5773503000
          -0.2740919346     0.5290285094     0.8031204440
   4,8     0.5773503000    -0.5773503000     0.5773503000
           0.7089134683     0.7052861383    -0.0036273299
 4,31 -149.41621340 -394.55324630 -5365.06967776 2 0
   4,35    -0.5773503000    -0.5773503000     0.5773503000
           0.7285925212    -0.0451337574     0.6834587639
   4,32     0.5773503000     0.5773503000    -0.5773503000
           0.7176211554    -0.0215200383     0.6961011171
 4,32 -115.63283840 -349.23775561 -5368.96902743 2 0
   4,33     0.5773503000     0.5773503000    -0.5773503000
           0.0000000000     0.0000000000     0.0000000000
   4,31    -0.5773503000    -0.5773503000     0.5773503000
           0.7176211554    -0.0215200383     0.6961011171
 4,33 -80.68502972 -302.40880752 -5373.11927622 2 0
   4,32    -0.5773503000    -0.5773503000     0.5773503000
           0.0000000000     0.0000000000     0.0000000000
   4,37     0.5773503000     0.5773503000    -0.5773503000
          -0.7923244928     0.5669440475    -0.2253804453
 4,34 -220.31472159 -489.82320945 -5357.21978474 2 0
   0,33    -0.5773503000    -0.5773503000     0.5773503000
           0.7176211555    -0.0215200385     0.6961011170
   4,35     0.5773503000     0.5773503000    -0.5773503000
           0.7176211554    -0.0215200383     0.6961011171
 4,35 -185.44926625 -442.92890798 -5361.03226890 2 0
   4,31     0.5773503000     0.5773503000    -0.5773503000
           0.7285925212    -0.0451337574     0.6834587639
   4,34    -0.5773503000    -0.5773503000     0.5773503000
           0.7176211554    -0.0215200383     0.6961011171
 4,36 -61.60914442 -267.17647630 -4406.88240176 2 0
   4,38     0.5773503000    -0.5773503000     0.5773503000
          -0.7992790431    -0.5440859077     0.2551931354
   4,80    -0.5773503000     0.5773503000    -0.5773503000
          -0.7937715847    -0.5625511283     0.2312204564
 4,37 -40.09854815 -248.21015746 -5377.99844064 2 0
   4,78     0.5773503000     0.5773503000    -0.5773503000
          -0.7905395765     0.5721465350    -0.2183930415
   4,33    -0.5773503000    -0.5773503000     0.5773503000
          -0.7923244928     0.5669440475    -0.2253804453
 4,38 -11.85307120 -340.34994331 -4410.55163428 2 0
   4,39     0.5773503000    -0.5773503000     0.5773503000
          -0.7996806632    -0.5426098229     0.2570708404
   4,36    -0.5773503000     0.5773503000    -0.5773503000
          -0.7992790431    -0.5440859077     0.2551931354
 4,39 27.68780749 -404.02355933 -4413.55998255 2 0
   4,40     0.5773503000    -0.5773503000     0.5773503000
          -0.8133870717    -0.3450404447     0.4683466270
   4,38    -0.5773503000     0.5773503000    -0.5773503000
          -0.7996806632    -0.5426098229     0.2570708404
 4,40 57.89129462 -468.92759491 -4413.63687745 2 0
   4,41     0.5773503000    -0.5773503000     0.5773503000
          -0.7810814371    -0.1845459578     0.5965354793
   4,39    -0.5773503000     0.5773503000    -0.5773503000
          -0.8133870717    -0.3450404447     0.4683466270
 4,41 85.63897871 -547.43248203 -4410.41733631 2 0
   4,40    -0.5773503000     0.5773503000    -0.5773503000
          -0.7810814371    -0.1845459578     0.5965354793
   4,42     0.5773503000    -0.5773503000     0.5773503000
          -0.7828051592    -0.1903750640     0.5924300952
 4,42 110.35760173 -630.70506186 -4405.89892837 2 0
   4,43     0.5773503000    -0.5773503000     0.5773503000
          -0.7819679376    -0.1875273189     0.5944406187
   4,41    -0.5773503000     0.5773503000    -0.5773503000
          -0.7828051592    -0.1903750640     0.5924300952
 4,43 131.27118975 -707.27425096 -4402.60738692 2 0
   4,42    -0.5773503000     0.5773503000    -0.5773503000
          -0.7819679376    -0.1875273189     0.5944406187
   4,44     0.5773503000    -0.5773503000     0.5773503000
          -0.7819118276    -0.1873375935     0.5945742341
 4,44 147.46236040 -770.63176092 -4401.00869723 2 0
   4,45     0.5773503000    -0.5773503000     0.5773503000
          -0.7810450800    -0.1844244148     0.5966206653
   4,43    -0.5773503000     0.5773503000    -0.5773503000
          -0.7819118276    -0.1873375935     0.5945742341
 4,45 163.22000675 -836.46898312 -4400.72511754 1 1
   4,44    -0.5773503000     0.5773503000    -0.5773503000
          -0.7810450800    -0.1844244148     0.5966206653
 4,46 182.36230253 -831.95010007 -3225.49377282 1 1
   4,49    -0.5773503000     0.5773503000     0.5773503000
           0.7911906581     0.5702750556     0.2209156026
 4,47 117.09036349 -560.72014707 -3225.46715258 2 0
   4,48    -0.5773503000     0.5773503000     0.5773503000
           0.7810858847     0.1845608301     0.5965250546
   4,51     0.5773503000    -0.5773503000    -0.5773503000
           0.7810417789     0.1844133817     0.5966283972
 4,48 95.77847703 -486.45092009 -3230.44079085 2 0
   4,47     0.5773503000    -0.5773503000    -0.5773503000
           0.7810858847     0.1845608301     0.5965250546
   4,55    -0.5773503000     0.5773503000     0.5773503000
          -0.4112891147    -0.8164890123     0.4051998976
 4,49 168.50003005 -775.02013001 -3224.94226223 2 0
   4,46     0.5773503000    -0.5773503000    -0.5773503000
           0.7911906581     0.5702750556     0.2209156026
   4,52    -0.5773503000     0.5773503000     0.5773503000
           0.7820453549     0.1877893210     0.5942560339
 4,50 745.09749277 -443.37685523 -2889.84836882 1 1
   4,854     0.5773503000     0.5773503000    -0.5773503000
          -0.7809200822     0.1840069742    -0.5969131081
 4,51 139.76352009 -655.62690583 -3224.34212246 2 0
   4,47    -0.5773503000     0.5773503000     0.5773503000
           0.7810417789     0.1844133817     0.5966283972
   4,52     0.5773503000    -0.5773503000    -0.5773503000
           0.7830149627     0.1910937189     0.5919212438
 4,52 152.64506248 -709.30923485 -3224.46562955 2 0
   4,49     0.5773503000    -0.5773503000    -0.5773503000
           0.7820453549     0.1877893210     0.5942560339
   4,51    -0.5773503000     0.5773503000     0.5773503000
           0.7830149627     0.1910937189     0.5919212438
 4,53 7.53074095 -336.20525455 -3265.90727614 2 0
   4,56    -0.5773503000     0.5773503000     0.5773503000
           0.8143736169     0.4581447229     0.3562288940
   4,54     0.5773503000    -0.5773503000    -0.5773503000
           0.7918594488     0.5683216036     0.2235378452
 4,54 41.88131913 -390.46286940 -3251.63623595 2 0
   4,53    -0.5773503000     0.5773503000     0.5773503000
           0.7918594488     0.5683216036     0.2235378452
   4,55     0.5773503000    -0.5773503000    -0.5773503000
           0.7911053305     0.5705219969     0.2205833337
 4,55 65.35581010 -428.77652409 -3242.21357165 2 0
   4,48     0.5773503000    -0.5773503000    -0.5773503000
          -0.4112891147    -0.8164890123     0.4051998976
   4,54    -0.5773503000     0.5773503000     0.5773503000
           0.7911053305     0.5705219969     0.2205833337
 4,56 -41.74329350 -258.96267486 -3287.50282288 2 0
   4,95    -0.5773503000     0.5773503000     0.5773503000
           0.8028951209     0.5299760344     0.2729190865
   4,53     0.5773503000    -0.5773503000    -0.5773503000
           0.8143736169     0.4581447229     0.3562288940
 4,57 591.80872798 -224.31171771 -8680.35549427 2 0
   4,64     0.5773503000    -0.5773503000     0.5773503000
           0.7061353370     0.7080742380     0.0019389011
   4,65    -0.5773503000     0.5773503000    -0.5773503000
           0.7069372599     0.7072761806     0.0003389207
 4,58 820.44660905 -231.09187249 -8098.29370524 1 1
   4,62    -0.5773503000     0.5773503000    -0.5773503000
          -0.2004162495    -0.7856824096    -0.5852661601
 4,59 653.34105978 -213.25793740 -8108.94012291 2 0
   4,60     0.5773503000    -0.5773503000     0.5773503000
          -0.2776318465    -0.8037899215    -0.5261580750
   4,28    -0.5773503000     0.5773503000    -0.5773503000
           0.7068624610     0.7073508484     0.0004883875
 4,60 712.61272843 -210.34022783 -8098.69108493 2 0
   4,59    -0.5773503000     0.5773503000    -0.5773503000
          -0.2776318465    -0.8037899215    -0.5261580750
   4,62     0.5773503000    -0.5773503000     0.5773503000
          -0.1898688387    -0.7826570147    -0.5927881759
 4,61 602.30814557 -234.01445845 -8350.70447838 2 0
   4,8    -0.5773503000     0.5773503000    -0.5773503000
          -0.2740919346     0.5290285094     0.8031204440
   4,7     0.5773503000    -0.5773503000     0.5773503000
           0.7133500095     0.7006936423    -0.0126563672
 4,62 772.93149248 -219.95684645 -8098.19435597 2 0
   4,58     0.5773503000    -0.5773503000     0.5773503000
          -0.2004162495    -0.7856824096    -0.5852661601
   4,60    -0.5773503000     0.5773503000    -0.5773503000
          -0.1898688387    -0.7826570147    -0.5927881759
 4,63 595.51870366 -227.95506852 -8544.02673610 2 0
   4,64    -0.5773503000     0.5773503000    -0.5773503000
          -0.7226500312    -0.0321856844     0.6904643468
   4,30     0.5773503000    -0.5773503000     0.5773503000
          -0.2740919346     0.5290285094     0.8031204440
 4,64 593.42378838 -225.95320797 -8607.99758513 2 0
   4,63     0.5773503000    -0.5773503000     0.5773503000
          -0.7226500312    -0.0321856844     0.6904643468
   4,57    -0.5773503000     0.5773503000    -0.5773503000
           0.7061353370     0.7080742380     0.0019389011
 4,65 591.34194813 -223.84550250 -8750.00000000 1 1
   4,57     0.5773503000    -0.5773503000     0.5773503000
           0.7069372599     0.7072761806     0.0003389207
 4,66 286.24715265 127.42078092 -5406.83259984 2 0
   4,68     0.5773503000     0.5773503000    -0.5773503000
          -0.5722623141     0.7904989622     0.2182366481
   4,69    -0.5773503000    -0.5773503000     0.5773503000
          -0.5828151601     0.7866296180     0.2038144579
 4,67 371.90438905 192.24323715 -5412.55230615 2 0
   6,16     0.5773503000     0.5773503000    -0.5773503000
          -0.5316530358    -0.2708379836    -0.8024910194
   4,68    -0.5773503000    -0.5773503000     0.5773503000
          -0.5925300238     0.7827638589     0.1902338352
 4,68 323.15697319 155.64759650 -5409.25950296 2 0
   4,66    -0.5773503000    -0.5773503000     0.5773503000
          -0.5722623141     0.7904989622     0.2182366481
   4,67     0.5773503000     0.5773503000    -0.5773503000
          -0.5925300238     0.7827638589     0.1902338352
 4,69 223.82375461 77.24031576 -5402.93074061 2 0
   4,73    -0.5773503000    -0.5773503000     0.5773503000
          -0.4383965263     0.8157352396     0.3773387134
   4,66     0.5773503000     0.5773503000    -0.5773503000
          -0.5828151601     0.7866296180     0.2038144579
 4,70 18.84497820 224.35896288 -4396.57431447 2 0
   6,46     0.5773503000     0.5773503000    -0.5773503000
           0.8158585732    -0.3799812734     0.4358772997
   4,81    -0.5773503000    -0.5773503000     0.5773503000
          -0.7954766901     0.5571517278    -0.2383249623
 4,71 -247.21857929 -122.05728920 -4374.02404007 2 0
   4,86     0.5773503000     0.5773503000    -0.5773503000
          -0.7827376468     0.5925934049    -0.1901442419
   2,36    -0.5773503000    -0.5773503000     0.5773503000
          -0.7763201044     0.6072383980    -0.1690817064
 4,72 -244.30311298 124.25418560 -7373.11977485 2 0
   4,75     0.5773503000     0.5773503000     0.5773503000
          -0.4442052658     0.8154080023    -0.3712027366
   2,37    -0.5773503000    -0.5773503000    -0.5773503000
           0.7820607447    -0.5942193083    -0.1878414364
 4,73 180.38228205 35.44097452 -5400.36666147 2 0
   4,74    -0.5773503000    -0.5773503000     0.5773503000
          -0.7963167729     0.5543944190    -0.2419223540
   4,69     0.5773503000     0.5773503000    -0.5773503000
          -0.4383965263     0.8157352396     0.3773387134
 4,74 140.85103002 -9.48616909 -5397.56400375 2 0
   4,73     0.5773503000     0.5773503000    -0.5773503000
          -0.7963167729     0.5543944190    -0.2419223540
   4,76    -0.5773503000    -0.5773503000     0.5773503000
          -0.7990047445     0.5450824659    -0.2539222786
 4,75 -220.03032406 170.85592701 -7387.18609357 2 0
   4,87     0.5773503000     0.5773503000     0.5773503000
           0.7865411388    -0.2034949711    -0.5830461677
   4,72    -0.5773503000    -0.5773503000    -0.5773503000
          -0.4442052658     0.8154080023    -0.3712027366
 4,76 95.61902991 -67.27116488 -5393.32183799 2 0
   4,74     0.5773503000     0.5773503000    -0.5773503000
          -0.7990047445     0.5450824659    -0.2539222786
   4,77    -0.5773503000    -0.5773503000     0.5773503000
          -0.7878801638     0.5795031053    -0.2083770585
 4,77 49.47866454 -128.35753127 -5388.35709316 2 0
   4,78    -0.5773503000    -0.5773503000     0.5773503000
           0.6148554820     0.1578297707     0.7726852527
   4,76     0.5773503000     0.5773503000    -0.5773503000
          -0.7878801638     0.5795031053    -0.2083770585
 4,78 -0.18751282 -194.77496644 -5382.70730840 2 0
   4,77     0.5773503000     0.5773503000    -0.5773503000
           0.6148554820     0.1578297707     0.7726852527
   4,37    -0.5773503000    -0.5773503000     0.5773503000
          -0.7905395765     0.5721465350    -0.2183930415
 4,79 -208.88583386 -65.49995296 -4415.72391361 2 0
   2,47    -0.5773503000     0.5773503000    -0.5773503000
          -0.7798666098    -0.5993516737     0.1805149361
   4,85     0.5773503000    -0.5773503000     0.5773503000
          -0.7775288120    -0.6046039526     0.1729248594
 4,80 -94.78936870 -219.50489397 -4405.11661473 2 0
   4,85    -0.5773503000     0.5773503000    -0.5773503000
          -0.7868402435    -0.5822635050     0.2045767385
   4,36     0.5773503000    -0.5773503000     0.5773503000
          -0.7937715847    -0.5625511283     0.2312204564
 4,81 -34.51409391 148.90152842 -4398.66176789 2 0
   4,70     0.5773503000     0.5773503000    -0.5773503000
          -0.7954766901     0.5571517278    -0.2383249623
   4,82    -0.5773503000    -0.5773503000     0.5773503000
          -0.7925081373     0.5663955959    -0.2261125414
 4,82 -75.36350970 90.97775155 -4400.11335473 2 0
   4,83    -0.5773503000    -0.5773503000     0.5773503000
          -0.8051349014     0.5201188989    -0.2850160025
   4,81     0.5773503000     0.5773503000    -0.5773503000
          -0.7925081373     0.5663955959    -0.2261125414
 4,83 -112.37047281 39.27614044 -4400.39094710 2 0
   4,82     0.5773503000     0.5773503000    -0.5773503000
          -0.8051349014     0.5201188989    -0.2850160025
   4,84    -0.5773503000    -0.5773503000     0.5773503000
          -0.7891064487     0.5761661630    -0.2129402857
 4,84 -145.08872579 -4.45548247 -4399.12508480 2 0
   4,83     0.5773503000     0.5773503000    -0.5773503000
          -0.7891064487     0.5761661630    -0.2129402857
   4,86    -0.5773503000    -0.5773503000     0.5773503000
          -0.7910341994     0.5707274635    -0.2203067359
 4,85 -151.98937791 -138.82021305 -4404.89109489 2 0
   4,80     0.5773503000    -0.5773503000     0.5773503000
          -0.7868402435    -0.5822635050     0.2045767385
   4,79    -0.5773503000     0.5773503000    -0.5773503000
          -0.7775288120    -0.6046039526     0.1729248594
 4,86 -184.23218233 -51.86718811 -4394.15264261 2 0
   4,84     0.5773503000     0.5773503000    -0.5773503000
          -0.7910341994     0.5707274635    -0.2203067359
   4,71    -0.5773503000    -0.5773503000     0.5773503000
          -0.7827376468     0.5925934049    -0.1901442419
 4,87 -202.67763820 223.50298714 -7398.33701265 2 0
   6,42     0.5773503000     0.5773503000     0.5773503000
           0.7837635848    -0.1936748743    -0.5900887105
   4,75    -0.5773503000    -0.5773503000    -0.5773503000
           0.7865411388    -0.2034949711    -0.5830461677
 4,95 -70.80533846 -213.92840000 -3300.76834975 2 0
   4,56     0.5773503000    -0.5773503000    -0.5773503000
           0.8028951209     0.5299760344     0.2729190865
   4,96    -0.5773503000     0.5773503000     0.5773503000
           0.7876822974     0.5800331162     0.2076491812
 4,96 -112.54928320 -151.34647540 -3320.06715616 2 0
   4,98    -0.5773503000     0.5773503000     0.5773503000
           0.8003385409     0.5401466435     0.2601918974
   4,95     0.5773503000    -0.5773503000    -0.5773503000
           0.7876822974     0.5800331162     0.2076491812
 4,97 -183.01093210 -75.39280570 -3348.55950684 2 0
   4,98     0.5773503000    -0.5773503000    -0.5773503000
          -0.1933341564     0.5903310499    -0.7836652063
   2,48    -0.5773503000     0.5773503000     0.5773503000
           0.5151768663     0.8061726084    -0.2909957421
 4,98 -144.70954882 -111.00563368 -3334.15977075 2 0
   4,96     0.5773503000    -0.5773503000    -0.5773503000
           0.8003385409     0.5401466435     0.2601918974
   4,97    -0.5773503000     0.5773503000     0.5773503000
          -0.1933341564     0.5903310499    -0.7836652063
 4,854 700.04388416 -409.91775809 -2890.38332627 2 0
   4,50    -0.5773503000    -0.5773503000     0.5773503000
          -0.7809200822     0.1840069742    -0.5969131081
   4,20     0.5773503000     0.5773503000    -0.5773503000
          -0.7619911252     0.1269736267    -0.6350174984
 5,0 561.45900044 -526.87943720 7023.96498617 2 0
   5,18    -0.5773503000    -0.5773503000     0.5773503000
          -0.6323489255    -0.1311521822    -0.7635011077
   5,5     0.5773503000     0.5773503000    -0.5773503000
          -0.6327726528    -0.1304907008    -0.7632633536
 5,1 465.37005912 -308.80086288 2292.12520094 2 0
   5,22    -0.5773503000     0.5773503000     0.5773503000
           0.6100102937     0.7750217223    -0.1650114285
   5,25     0.5773503000    -0.5773503000    -0.5773503000
           0.5712640726     0.7908478511    -0.2195837785
 5,2 549.58112433 -370.67261102 2288.47088611 2 0
   5,25    -0.5773503000     0.5773503000     0.5773503000
           0.5626217643     0.7937487445    -0.2311269801
   5,40     0.5773503000    -0.5773503000    -0.5773503000
           0.5729821088     0.7902455852    -0.2172634764
 5,3 569.18824472 -384.73040417 2815.48632782 2 0
   5,16    -0.5773503000     0.5773503000    -0.5773503000
           0.0000000000     0.0000000000     0.0000000000
   5,23     0.5773503000    -0.5773503000     0.5773503000
          -0.5688051954    -0.7916949072    -0.2228897117
 5,4 234.41998074 -142.17149536 2810.89439650 2 0
   5,11    -0.5773503000     0.5773503000    -0.5773503000
          -0.5876231855    -0.7847537929    -0.1971306074
   5,7     0.5773503000    -0.5773503000     0.5773503000
          -0.5642565501    -0.7932162413    -0.2289596912
 5,5 627.78106092 -539.13494654 7057.03781492 2 0
   5,169     0.5773503000     0.5773503000    -0.5773503000
           0.1468340743     0.6221617261     0.7689958005
   5,0    -0.5773503000    -0.5773503000     0.5773503000
          -0.6327726528    -0.1304907008    -0.7632633536
 5,6 613.93019595 223.58631371 6127.44494933 2 0
   7,6    -0.5773503000     0.5773503000     0.5773503000
          -0.0610455555     0.6746049271    -0.7356504826
   7,11     0.5773503000    -0.5773503000    -0.5773503000
          -0.1467737352     0.6222014467    -0.7689751819
 5,7 312.79634633 -198.74503969 2811.49719878 2 0
   5,37     0.5773503000    -0.5773503000     0.5773503000
          -0.1029318017    -0.7529313548    -0.6499995532
   5,4    -0.5773503000     0.5773503000    -0.5773503000
          -0.5642565501    -0.7932162413    -0.2289596912
 5,8 291.04578413 -180.45479690 2302.56601710 2 0
   5,38     0.5773503000    -0.5773503000    -0.5773503000
           0.5868731846     0.7850511760    -0.1981779914
   5,10    -0.5773503000     0.5773503000     0.5773503000
           0.5979938373     0.7804556686    -0.1824618313
 5,9 658.11764574 -449.60816899 2285.22883429 2 0
   5,47     0.5773503000    -0.5773503000    -0.5773503000
           0.5654554301     0.7928209589    -0.2273655288
   5,40    -0.5773503000     0.5773503000     0.5773503000
           0.5703694262     0.7911580704    -0.2207886442
 5,10 211.88079087 -121.95446241 2307.86999877 2 0
   5,8     0.5773503000    -0.5773503000    -0.5773503000
           0.5979938373     0.7804556686    -0.1824618313
   5,30    -0.5773503000     0.5773503000     0.5773503000
           0.5736300222     0.7900162116    -0.2163861894
 5,11 164.40473463 -91.25411921 2810.81208442 2 0
   5,13    -0.5773503000     0.5773503000    -0.5773503000
          -0.5817059837    -0.7870521569    -0.2053461731
   5,4     0.5773503000    -0.5773503000     0.5773503000
          -0.5876231855    -0.7847537929    -0.1971306074
 5,12 121.67388479 -54.85874154 2314.07588710 2 0
   5,30     0.5773503000    -0.5773503000    -0.5773503000
           0.6059493158     0.7769146014    -0.1709652855
   5,14    -0.5773503000     0.5773503000     0.5773503000
           0.6074715367     0.7762119572    -0.1687404205
 5,13 114.31201602 -52.64958574 2811.46306575 2 0
   5,15    -0.5773503000     0.5773503000    -0.5773503000
           0.0108923418    -0.7015976875    -0.7124900293
   5,11     0.5773503000    -0.5773503000     0.5773503000
          -0.5817059837    -0.7870521569    -0.2053461731
 5,14 50.72524408 -0.79151866 2318.66631455 2 0
   5,12     0.5773503000    -0.5773503000    -0.5773503000
           0.6074715367     0.7762119572    -0.1687404205
   5,29    -0.5773503000     0.5773503000     0.5773503000
           0.6120403867     0.7740532304    -0.1620128438
 5,15 68.75138933 -11.78757336 2813.04913663 2 0
   5,13     0.5773503000    -0.5773503000     0.5773503000
           0.0108923418    -0.7015976875    -0.7124900293
   5,19    -0.5773503000     0.5773503000    -0.5773503000
          -0.7667011719    -0.1401901765     0.6265109954
 5,16 496.35249829 -331.75951808 2814.47956930 2 0
   5,3     0.5773503000    -0.5773503000     0.5773503000
           0.0000000000     0.0000000000     0.0000000000
   5,33    -0.5773503000     0.5773503000    -0.5773503000
          -0.5641888446    -0.7932384438    -0.2290495993
 5,17 -46.23767404 76.74448286 2324.68226883 2 0
   5,29     0.5773503000    -0.5773503000    -0.5773503000
           0.6583620276     0.7474148963    -0.0890528687
   5,20    -0.5773503000     0.5773503000     0.5773503000
           0.6358528280     0.7615122409    -0.1256594130
 5,18 560.10965339 -557.57968047 7002.97170694 2 0
   5,24    -0.5773503000    -0.5773503000     0.5773503000
          -0.6247967436    -0.1428178098    -0.7676145533
   5,0     0.5773503000     0.5773503000    -0.5773503000
          -0.6323489255    -0.1311521822    -0.7635011077
 5,19 26.79112156 37.81335185 2814.63174973 2 0
   5,15     0.5773503000    -0.5773503000     0.5773503000
          -0.7667011719    -0.1401901765     0.6265109954
   5,21    -0.5773503000     0.5773503000    -0.5773503000
          -0.7939618193    -0.5619611269     0.2320006925
 5,20 -93.38913828 120.76770850 2327.44491796 2 0
   5,26    -0.5773503000     0.5773503000     0.5773503000
           0.7093399869     0.7048522135     0.0044877734
   5,17     0.5773503000    -0.5773503000    -0.5773503000
           0.6358528280     0.7615122409    -0.1256594130
 5,21 -16.39187027 96.27397576 2815.36790989 2 0
   5,28    -0.5773503000     0.5773503000    -0.5773503000
          -0.7923635656    -0.5668275707     0.2255359949
   5,19     0.5773503000    -0.5773503000     0.5773503000
          -0.7939618193    -0.5619611269     0.2320006925
 5,22 409.68364743 -267.69713717 2295.05498235 2 0
   5,1     0.5773503000    -0.5773503000    -0.5773503000
           0.6100102937     0.7750217223    -0.1650114285
   5,38    -0.5773503000     0.5773503000     0.5773503000
           0.5760359168     0.7891536355    -0.2131177187
 5,23 623.27256391 -423.94267348 2816.17923740 2 0
   5,81     0.5773503000    -0.5773503000     0.5773503000
          -0.6838445601    -0.7282737563    -0.0444291961
   5,3    -0.5773503000     0.5773503000    -0.5773503000
          -0.5688051954    -0.7916949072    -0.2228897117
 5,24 609.01048165 -625.71552937 7003.05542645 1 1
   5,18     0.5773503000     0.5773503000    -0.5773503000
          -0.6247967436    -0.1428178098    -0.7676145533
 5,25 504.56244576 -337.71265624 2290.32927544 2 0
   5,2     0.5773503000    -0.5773503000    -0.5773503000
           0.5626217643     0.7937487445    -0.2311269801
   5,1    -0.5773503000     0.5773503000     0.5773503000
           0.5712640726     0.7908478511    -0.2195837785
 5,26 -153.74661380 182.65034453 2331.49075970 2 0
   7,17    -0.5773503000     0.5773503000     0.5773503000
           0.7604721973     0.6376492449     0.1228229524
   5,20     0.5773503000    -0.5773503000    -0.5773503000
           0.7093399869     0.7048522135     0.0044877734
 5,27 -100.94185659 212.95323201 2814.67850053 2 0
   7,28    -0.5773503000     0.5773503000    -0.5773503000
          -0.7923642207    -0.5668256169     0.2255386037
   5,28     0.5773503000    -0.5773503000     0.5773503000
          -0.7928662081    -0.5653188109     0.2275473972
 5,28 -58.10924095 153.73177424 2815.44278604 2 0
   5,21     0.5773503000    -0.5773503000     0.5773503000
          -0.7923635656    -0.5668275707     0.2255359949
   5,27    -0.5773503000     0.5773503000    -0.5773503000
          -0.7928662081    -0.5653188109     0.2275473972
 5,29 23.26571859 20.56816514 2320.39803363 2 0
   5,17    -0.5773503000     0.5773503000     0.5773503000
           0.6583620276     0.7474148963    -0.0890528687
   5,14     0.5773503000    -0.5773503000    -0.5773503000
           0.6120403867     0.7740532304    -0.1620128438
 5,30 173.30983157 -93.27049852 2310.52905262 2 0
   5,12    -0.5773503000     0.5773503000     0.5773503000
           0.6059493158     0.7769146014    -0.1709652855
   5,10     0.5773503000    -0.5773503000    -0.5773503000
           0.5736300222     0.7900162116    -0.2163861894
 5,31 -192.84548721 64.82935009 -86.83239822 2 0
   5,32     0.5773503000     0.5773503000    -0.5773503000
          -0.5675874495     0.7921079635     0.2245205140
   3,14    -0.5773503000    -0.5773503000     0.5773503000
          -0.5681279395     0.7919251548     0.2237972153
 5,32 -153.49001959 93.59488390 -87.84321611 2 0
   5,34     0.5773503000     0.5773503000    -0.5773503000
          -0.5865488659     0.7851792215     0.1986303556
   5,31    -0.5773503000    -0.5773503000     0.5773503000
          -0.5675874495     0.7921079635     0.2245205140
 5,33 430.04242199 -283.67904405 2813.45456116 2 0
   5,37    -0.5773503000     0.5773503000    -0.5773503000
          -0.4563705538    -0.8145251427    -0.3581545888
   5,16     0.5773503000    -0.5773503000     0.5773503000
          -0.5641888446    -0.7932384438    -0.2290495993
 5,34 -103.49830646 129.91958575 -89.09259011 2 0
   5,32    -0.5773503000    -0.5773503000     0.5773503000
          -0.5865488659     0.7851792215     0.1986303556
   5,36     0.5773503000     0.5773503000    -0.5773503000
          -0.5669868142     0.7923101368     0.2253233226
 5,35 10.06318941 212.81706342 -91.79463178 2 0
   5,36    -0.5773503000    -0.5773503000     0.5773503000
          -0.5692302266     0.7915497361     0.2223195095
   7,46     0.5773503000     0.5773503000    -0.5773503000
          -0.5733547502     0.7901138138     0.2167590636
 5,36 -54.25610236 165.65433415 -90.18456521 2 0
   5,34    -0.5773503000    -0.5773503000     0.5773503000
          -0.5669868142     0.7923101368     0.2253233226
   5,35     0.5773503000     0.5773503000    -0.5773503000
          -0.5692302266     0.7915497361     0.2223195095
 5,37 369.65043044 -239.95584565 2812.36289568 2 0
   5,7    -0.5773503000     0.5773503000    -0.5773503000
          -0.1029318017    -0.7529313548    -0.6499995532
   5,33     0.5773503000    -0.5773503000     0.5773503000
          -0.4563705538    -0.8145251427    -0.3581545888
 5,38 363.15514250 -233.45093934 2297.88375347 2 0
   5,8    -0.5773503000     0.5773503000     0.5773503000
           0.5868731846     0.7850511760    -0.1981779914
   5,22     0.5773503000    -0.5773503000    -0.5773503000
           0.5760359168     0.7891536355    -0.2131177187
 5,39 191.71871403 -429.11801297 -1011.49170024 2 0
   4,0     0.5773503000    -0.5773503000    -0.5773503000
           0.0000000000     0.0000000000     0.0000000000
   5,43    -0.5773503000     0.5773503000     0.5773503000
           0.6133527611    -0.1600663676     0.7734191286
 5,40 607.57769119 -412.90481079 2286.46568523 2 0
   5,9     0.5773503000    -0.5773503000    -0.5773503000
           0.5703694262     0.7911580704    -0.2207886442
   5,2    -0.5773503000     0.5773503000     0.5773503000
           0.5729821088     0.7902455852    -0.2172634764
 5,41 115.78470974 -327.78512533 -1001.24074244 2 0
   5,42    -0.5773503000     0.5773503000     0.5773503000
          -0.3519519768    -0.8140178009     0.4620658241
   5,43     0.5773503000    -0.5773503000    -0.5773503000
           0.5646802028    -0.2283968186     0.7930770214
 5,42 75.95103845 -274.67704548 -995.89138505 2 0
   5,41     0.5773503000    -0.5773503000    -0.5773503000
          -0.3519519768    -0.8140178009     0.4620658241
   5,51    -0.5773503000     0.5773503000     0.5773503000
          -0.3023703432    -0.8080178228     0.5056474796
 5,43 155.29309169 -380.58086270 -1006.58480399 2 0
   5,41    -0.5773503000     0.5773503000     0.5773503000
           0.5646802028    -0.2283968186     0.7930770214
   5,39     0.5773503000    -0.5773503000    -0.5773503000
           0.6133527611    -0.1600663676     0.7734191286
 5,44 -205.26754824 103.86391339 -964.72500009 2 0
   2,17    -0.5773503000     0.5773503000     0.5773503000
           0.7874897972     0.5805465702     0.2069432270
   5,45     0.5773503000    -0.5773503000    -0.5773503000
           0.7913962155     0.5696780565     0.2217181589
 5,45 -164.06977936 47.84195744 -968.53386591 2 0
   5,49     0.5773503000    -0.5773503000    -0.5773503000
           0.7883333792     0.5782804111     0.2100529681
   5,44    -0.5773503000     0.5773503000     0.5773503000
           0.7913962155     0.5696780565     0.2217181589
 5,46 -93.55499489 -47.50493638 -975.38330792 2 0
   5,49    -0.5773503000     0.5773503000     0.5773503000
           0.7888699262     0.5768169241     0.2120530021
   5,48     0.5773503000    -0.5773503000    -0.5773503000
           0.7910122885     0.5707906833     0.2202216052
 5,47 712.31230881 -488.86386815 2284.52601707 1 1
   5,9    -0.5773503000     0.5773503000     0.5773503000
           0.5654554301     0.7928209589    -0.2273655288
 5,48 -54.47889683 -99.93345726 -979.57105523 2 0
   5,50     0.5773503000    -0.5773503000    -0.5773503000
           0.7899885853     0.5737078240     0.2162807614
   5,46    -0.5773503000     0.5773503000     0.5773503000
           0.7910122885     0.5707906833     0.2202216052
 5,49 -133.74793575 6.83125002 -971.39699136 2 0
   5,46     0.5773503000    -0.5773503000    -0.5773503000
           0.7888699262     0.5768169241     0.2120530021
   5,45    -0.5773503000     0.5773503000     0.5773503000
           0.7883333792     0.5782804111     0.2100529681
 5,50 -8.90370796 -161.18532621 -984.98115354 2 0
   5,51     0.5773503000    -0.5773503000    -0.5773503000
          -0.3023703432    -0.8080178228     0.5056474796
   5,48    -0.5773503000     0.5773503000     0.5773503000
           0.7899885853     0.5737078240     0.2162807614
 5,51 34.95934017 -219.84052943 -990.47017555 2 0
   5,42     0.5773503000    -0.5773503000    -0.5773503000
          -0.3023703432    -0.8080178228     0.5056474796
   5,50    -0.5773503000     0.5773503000     0.5773503000
          -0.3023703432    -0.8080178228     0.5056474796
 5,81 662.77436799 -452.53198707 2816.56381583 2 0
   5,2453     0.5773503000    -0.5773503000     0.5773503000
          -0.2062813604    -0.7873087884    -0.5810274280
   5,23    -0.5773503000     0.5773503000    -0.5773503000
          -0.6838445601    -0.7282737563    -0.0444291961
 5,169 659.57252669 -562.03640712 7057.05282352 1 1
   5,5    -0.5773503000    -0.5773503000     0.5773503000
           0.1468340743     0.6221617261     0.7689958005
 5,2453 712.56401434 -488.51464538 2816.90520737 1 1
   5,81    -0.5773503000     0.5773503000    -0.5773503000
          -0.2062813604    -0.7873087884    -0.5810274280
 6,0 629.61523365 603.59993098 -7403.10113755 1 1
   6,79    -0.5773503000     0.5773503000    -0.5773503000
          -0.1839223805    -0.7808947273    -0.5969723468
 6,1 236.43883328 482.39565857 -7357.38807649 2 0
   6,32    -0.5773503000     0.5773503000    -0.5773503000
          -0.1896865326    -0.7826035912    -0.5929170586
   6,62     0.5773503000    -0.5773503000     0.5773503000
          -0.1836312767    -0.7808074131    -0.5971761364
 6,2 500.60902474 527.06032628 -7398.14521330 2 0
   6,80    -0.5773503000     0.5773503000    -0.5773503000
           0.1468526766    -0.6221494797    -0.7690021563
   6,79     0.5773503000    -0.5773503000     0.5773503000
           0.1455946085    -0.6229768383    -0.7685714468
 6,12 248.53927068 543.94754332 -4396.32351789 2 0
   6,13     0.5773503000     0.5773503000    -0.5773503000
          -0.0461447178     0.7290489865     0.6829042687
   6,25    -0.5773503000    -0.5773503000     0.5773503000
          -0.2812024269     0.8044490095     0.5232465826
 6,13 278.48025669 585.14531544 -4396.99559151 2 0
   6,12    -0.5773503000    -0.5773503000     0.5773503000
          -0.0461447178     0.7290489865     0.6829042687
   6,14     0.5773503000     0.5773503000    -0.5773503000
          -0.7964242777     0.5540366472    -0.2423876306
 6,14 312.45026759 631.96693670 -4397.69976378 2 0
   6,13    -0.5773503000    -0.5773503000     0.5773503000
          -0.7964242777     0.5540366472    -0.2423876306
   6,15     0.5773503000     0.5773503000    -0.5773503000
          -0.7993533423     0.5438143680    -0.2555389743
 6,15 347.21183110 679.97683944 -4398.29608689 2 0
   6,14    -0.5773503000    -0.5773503000     0.5773503000
          -0.7993533423     0.5438143680    -0.2555389743
   6,23     0.5773503000     0.5773503000    -0.5773503000
          -0.7894343418     0.5752582051    -0.2141761367
 6,16 425.67964144 232.24145546 -5415.99932729 2 0
   4,67    -0.5773503000    -0.5773503000     0.5773503000
          -0.5316530358    -0.2708379836    -0.8024910194
   6,22     0.5773503000     0.5773503000    -0.5773503000
          -0.6400434752    -0.1190207005    -0.7590641756
 6,17 531.01366123 309.93523469 -5421.36244181 2 0
   6,22    -0.5773503000    -0.5773503000     0.5773503000
          -0.6400434751    -0.1190207006    -0.7590641757
   6,18     0.5773503000     0.5773503000    -0.5773503000
          -0.5627120855     0.7937195188     0.2310074333
 6,18 585.69029529 350.09046064 -5423.41222285 2 0
   6,20     0.5773503000     0.5773503000    -0.5773503000
          -0.4451703408    -0.3701774514    -0.8153477922
   6,17    -0.5773503000    -0.5773503000     0.5773503000
          -0.5627120855     0.7937195188     0.2310074333
 6,19 681.56470460 419.96590628 -5425.53609543 2 0
   6,20    -0.5773503000    -0.5773503000     0.5773503000
           0.0000000000     0.0000000000     0.0000000000
   6,21     0.5773503000     0.5773503000    -0.5773503000
          -0.6088515743     0.7755678256     0.1667162513
 6,20 637.38492880 387.86824111 -5424.83532891 2 0
   6,19     0.5773503000     0.5773503000    -0.5773503000
           0.0000000000     0.0000000000     0.0000000000
   6,18    -0.5773503000    -0.5773503000     0.5773503000
          -0.4451703408    -0.3701774514    -0.8153477922
 6,21 734.46023391 458.13526353 -5425.69198838 1 1
   6,19    -0.5773503000    -0.5773503000     0.5773503000
          -0.6088515743     0.7755678256     0.1667162513
 6,22 477.22488376 270.33056414 -5418.85881166 2 0
   6,17     0.5773503000     0.5773503000    -0.5773503000
          -0.6400434751    -0.1190207006    -0.7590641757
   6,16    -0.5773503000    -0.5773503000     0.5773503000
          -0.6400434752    -0.1190207005    -0.7590641756
 6,23 375.05430542 718.48817862 -4398.59858553 2 0
   6,24     0.5773503000     0.5773503000    -0.5773503000
          -0.7964242777     0.5540366472    -0.2423876306
   6,15    -0.5773503000    -0.5773503000     0.5773503000
          -0.7894343418     0.5752582051    -0.2141761367
 6,24 411.06147106 768.38910385 -4398.74320995 1 1
   6,23    -0.5773503000    -0.5773503000     0.5773503000
          -0.7964242777     0.5540366472    -0.2423876306
 6,25 215.02941937 497.84999270 -4395.54749835 2 0
   6,12     0.5773503000     0.5773503000    -0.5773503000
          -0.2812024269     0.8044490095     0.5232465826
   6,45    -0.5773503000    -0.5773503000     0.5773503000
          -0.7916272185     0.5690035633    -0.2226236552
 6,26 107.08431354 495.17089760 -7334.85955696 2 0
   6,27    -0.5773503000     0.5773503000    -0.5773503000
          -0.1880183606    -0.7821129676    -0.5940946070
   6,32     0.5773503000    -0.5773503000     0.5773503000
          -0.1905387096    -0.7828529862    -0.5923142765
 6,27 9.25090123 510.22737345 -7323.41349179 2 0
   6,26     0.5773503000    -0.5773503000     0.5773503000
          -0.1880183606    -0.7821129676    -0.5940946070
   6,28    -0.5773503000     0.5773503000    -0.5773503000
          -0.1987937137    -0.7852254029    -0.5864316892
 6,28 -82.78039344 530.25403891 -7315.15278284 2 0
   6,30    -0.5773503000     0.5773503000    -0.5773503000
          -0.1954221530    -0.7842659808    -0.5888438278
   6,27     0.5773503000    -0.5773503000     0.5773503000
          -0.1987937137    -0.7852254029    -0.5864316892
 6,29 -146.83504723 686.92846077 -7474.64145403 2 0
   6,35    -0.5773503000    -0.5773503000    -0.5773503000
           0.7826972190    -0.1900061213    -0.5926910977
   6,33     0.5773503000     0.5773503000     0.5773503000
           0.6222328643     0.1467260046    -0.7689588689
 6,30 -135.16550074 551.98011893 -7303.52245753 2 0
   6,34    -0.5773503000     0.5773503000    -0.5773503000
          -0.5720816160    -0.7905623323    -0.2184807163
   6,28     0.5773503000    -0.5773503000     0.5773503000
          -0.1954221530    -0.7842659808    -0.5888438278
 6,31 -176.48668249 376.23843791 -7418.13889942 2 0
   6,43     0.5773503000     0.5773503000     0.5773503000
           0.7859889543    -0.2015107367    -0.5844782175
   6,42    -0.5773503000    -0.5773503000    -0.5773503000
           0.7824218960    -0.1890674778    -0.5933544181
 6,32 177.05508752 487.19920944 -7345.96997557 2 0
   6,1     0.5773503000    -0.5773503000     0.5773503000
          -0.1896865326    -0.7826035912    -0.5929170586
   6,26    -0.5773503000     0.5773503000    -0.5773503000
          -0.1905387096    -0.7828529862    -0.5923142765
 6,33 -163.70485992 770.26243100 -7473.46648647 2 0
   6,44     0.5773503000     0.5773503000     0.5773503000
           0.7810463672    -0.1844287169    -0.5966176503
   6,29    -0.5773503000    -0.5773503000    -0.5773503000
           0.6222328643     0.1467260046    -0.7689588689
 6,34 -171.30154313 588.84059143 -7285.63425413 2 0
   6,40    -0.5773503000     0.5773503000    -0.5773503000
          -0.7967862111    -0.2439625374     0.5528236737
   6,30     0.5773503000    -0.5773503000     0.5773503000
          -0.5720816160    -0.7905623323    -0.2184807163
 6,35 -149.64978269 629.46493886 -7462.04854178 2 0
   6,29     0.5773503000     0.5773503000     0.5773503000
           0.7826972190    -0.1900061213    -0.5926910977
   6,36    -0.5773503000    -0.5773503000    -0.5773503000
           0.7809885218    -0.1842354510    -0.5967530707
 6,36 -152.88583057 587.44293914 -7452.89941546 2 0
   6,41    -0.5773503000    -0.5773503000    -0.5773503000
           0.7810867453    -0.1845637082    -0.5965230372
   6,35     0.5773503000     0.5773503000     0.5773503000
           0.7809885218    -0.1842354510    -0.5967530707
 6,37 -218.62012372 767.66896976 -7261.03746713 2 0
   6,39    -0.5773503000     0.5773503000    -0.5773503000
          -0.7809129332    -0.1839831196     0.5969298136
   6,38     0.5773503000    -0.5773503000     0.5773503000
          -0.7793533511    -0.1788301304     0.6005232207
 6,38 -205.54222383 707.67317424 -7264.03459450 2 0
   6,40     0.5773503000    -0.5773503000     0.5773503000
          -0.7959216461    -0.2402219566     0.5556996895
   6,37    -0.5773503000     0.5773503000    -0.5773503000
          -0.7793533511    -0.1788301304     0.6005232207
 6,39 -230.71254619 820.53615584 -7260.52222689 1 1
   6,37     0.5773503000    -0.5773503000     0.5773503000
          -0.7809129332    -0.1839831196     0.5969298136
 6,40 -190.61587397 639.05617565 -7271.93323122 2 0
   6,34     0.5773503000    -0.5773503000     0.5773503000
          -0.7967862111    -0.2439625374     0.5528236737
   6,38    -0.5773503000     0.5773503000    -0.5773503000
          -0.7959216461    -0.2402219566     0.5556996895
 6,41 -160.82561716 503.48731040 -7436.43528671 2 0
   6,36     0.5773503000     0.5773503000     0.5773503000
           0.7810867453    -0.1845637082    -0.5965230372
   6,43    -0.5773503000    -0.5773503000    -0.5773503000
           0.7822376646    -0.1884413123    -0.5937963522
 6,42 -189.86961000 287.20154144 -7407.32187795 2 0
   4,87    -0.5773503000    -0.5773503000    -0.5773503000
           0.7837635848    -0.1936748743    -0.5900887105
   6,31     0.5773503000     0.5773503000     0.5773503000
           0.7824218960    -0.1890674778    -0.5933544181
 6,43 -166.52353303 453.14417082 -7428.36058615 2 0
   6,31    -0.5773503000    -0.5773503000    -0.5773503000
           0.7859889543    -0.2015107367    -0.5844782175
   6,41     0.5773503000     0.5773503000     0.5773503000
           0.7822376646    -0.1884413123    -0.5937963522
 6,44 -177.46779684 833.10553613 -7472.60280625 1 1
   6,33    -0.5773503000    -0.5773503000    -0.5773503000
           0.7810463672    -0.1844287169    -0.5966176503
 6,45 178.78819260 447.86041358 -4394.78761063 2 0
   6,25     0.5773503000     0.5773503000    -0.5773503000
          -0.7916272185     0.5690035633    -0.2226236552
   6,47    -0.5773503000    -0.5773503000     0.5773503000
          -0.7824670446     0.5932458809    -0.1892211637
 6,46 59.79082019 281.98658177 -4395.45074661 2 0
   6,48     0.5773503000     0.5773503000    -0.5773503000
           0.2889212835     0.5168965756     0.8058178591
   4,70    -0.5773503000    -0.5773503000     0.5773503000
           0.8158585732    -0.3799812734     0.4358772997
 6,47 140.33300401 394.49602269 -4394.41603235 2 0
   6,48    -0.5773503000    -0.5773503000     0.5773503000
          -0.2812024269     0.8044490095     0.5232465826
   6,45     0.5773503000     0.5773503000    -0.5773503000
          -0.7824670446     0.5932458809    -0.1892211637
 6,48 100.63644633 339.12168079 -4394.67996242 2 0
   6,47     0.5773503000     0.5773503000    -0.5773503000
          -0.2812024269     0.8044490095     0.5232465826
   6,46    -0.5773503000    -0.5773503000     0.5773503000
           0.2889212835     0.5168965756     0.8058178591
 6,57 355.33139579 482.50766801 -7384.04950357 2 0
   6,62    -0.5773503000     0.5773503000    -0.5773503000
          -0.1840310645    -0.7809273012    -0.5968962368
   6,80     0.5773503000    -0.5773503000     0.5773503000
           0.1467647444    -0.6222073649    -0.7689721093
 6,62 293.80279568 479.86415437 -7370.40841708 2 0
   6,57     0.5773503000    -0.5773503000     0.5773503000
          -0.1840310645    -0.7809273012    -0.5968962368
   6,1    -0.5773503000     0.5773503000    -0.5773503000
          -0.1836312767    -0.7808074131    -0.5971761364
 6,79 549.89538480 548.16332375 -7404.26803592 2 0
   6,0     0.5773503000    -0.5773503000     0.5773503000
          -0.1839223805    -0.7808947273    -0.5969723468
   6,2    -0.5773503000     0.5773503000    -0.5773503000
           0.1455946085    -0.6229768383    -0.7685714468
 6,80 435.83826999 503.91943657 -7391.47921109 2 0
   6,57    -0.5773503000     0.5773503000    -0.5773503000
           0.1467647444    -0.6222073649    -0.7689721093
   6,2     0.5773503000    -0.5773503000     0.5773503000
           0.1468526766    -0.6221494797    -0.7690021563
 7,0 688.29284388 397.36502345 1419.13971506 2 0
   7,19    -0.5773503000     0.5773503000    -0.5773503000
           0.1415765754    -0.6256074726    -0.7671840480
   7,10     0.5773503000    -0.5773503000     0.5773503000
           0.1468666349    -0.6221402902    -0.7690069251
 7,2 814.41214948 256.65425343 6122.56605461 1 1
   7,25    -0.5773503000     0.5773503000     0.5773503000
           0.1843818840     0.7810323538    -0.5966504698
 7,3 409.39616195 359.10725772 1416.50140374 2 0
   7,13     0.5773503000    -0.5773503000     0.5773503000
          -0.1845423237    -0.7810803503    -0.5965380266
   7,18    -0.5773503000     0.5773503000    -0.5773503000
          -0.1838106035    -0.7808612122    -0.5970506087
 7,6 549.29988164 227.45712586 6122.66903251 2 0
   5,6     0.5773503000    -0.5773503000    -0.5773503000
          -0.0610455555     0.6746049271    -0.7356504826
   7,26    -0.5773503000     0.5773503000     0.5773503000
           0.1757281798     0.7783999001    -0.6026717203
 7,7 310.02689455 268.18868390 6100.13047385 2 0
   7,113    -0.5773503000     0.5773503000     0.5773503000
           0.1208332287     0.7597373549    -0.6389041262
   7,14     0.5773503000    -0.5773503000    -0.5773503000
           0.0992783007     0.7514994386    -0.6522211379
 7,10 749.09782101 437.82669627 1421.08648463 1 1
   7,0    -0.5773503000     0.5773503000    -0.5773503000
           0.1468666349    -0.6221402902    -0.7690069251
 7,11 687.05308565 230.72372299 6125.37559805 2 0
   5,6    -0.5773503000     0.5773503000     0.5773503000
          -0.1467737352     0.6222014467    -0.7689751819
   7,25     0.5773503000    -0.5773503000    -0.5773503000
          -0.1468524491     0.6221496294    -0.7690020785
 7,12 572.21095832 368.36467079 1420.89505445 2 0
   7,19     0.5773503000    -0.5773503000     0.5773503000
           0.1337280865    -0.6306942691    -0.7644223556
   7,13    -0.5773503000     0.5773503000    -0.5773503000
           0.1370855331    -0.6285265754    -0.7656121085
 7,13 499.92494995 358.42455886 1416.36357555 2 0
   7,3    -0.5773503000     0.5773503000    -0.5773503000
          -0.1845423237    -0.7810803503    -0.5965380266
   7,12     0.5773503000    -0.5773503000     0.5773503000
           0.1370855331    -0.6285265754    -0.7656121085
 7,14 399.22056236 250.20669519 6107.66098722 2 0
   7,26     0.5773503000    -0.5773503000    -0.5773503000
           0.0748822890     0.7415678959    -0.6666856070
   7,7    -0.5773503000     0.5773503000     0.5773503000
           0.0992783007     0.7514994386    -0.6522211379
 7,15 110.16608875 416.56064190 1430.50630712 2 0
   7,31    -0.5773503000     0.5773503000    -0.5773503000
          -0.1895273189    -0.7825569035    -0.5930295846
   7,33     0.5773503000    -0.5773503000     0.5773503000
          -0.1897401194    -0.7826192984    -0.5928791790
 7,16 261.03218748 384.14352097 1426.11020880 2 0
   7,18     0.5773503000    -0.5773503000     0.5773503000
          -0.1942787217    -0.7839376091    -0.5896588873
   7,33    -0.5773503000     0.5773503000    -0.5773503000
          -0.1913381491    -0.7830861856    -0.5917480365
 7,17 -208.70377658 249.44504436 2336.17105283 2 0
   3,73    -0.5773503000     0.5773503000     0.5773503000
           0.7912785413     0.5700201830     0.2212583583
   5,26     0.5773503000    -0.5773503000    -0.5773503000
           0.7604721973     0.6376492449     0.1228229524
 7,18 328.92508643 371.67119512 1422.40991309 2 0
   7,16    -0.5773503000     0.5773503000    -0.5773503000
          -0.1942787217    -0.7839376091    -0.5896588873
   7,3     0.5773503000    -0.5773503000     0.5773503000
          -0.1838106035    -0.7808612122    -0.5970506087
 7,19 622.32113874 378.39784958 1421.87493439 2 0
   7,12    -0.5773503000     0.5773503000    -0.5773503000
           0.1337280865    -0.6306942691    -0.7644223556
   7,0     0.5773503000    -0.5773503000     0.5773503000
           0.1415765754    -0.6256074726    -0.7671840480
 7,20 350.20842892 579.81693275 -105.62223066 2 0
   7,78    -0.5773503000    -0.5773503000     0.5773503000
          -0.7886399275     0.5774464188    -0.2111935087
   7,69     0.5773503000     0.5773503000    -0.5773503000
          -0.7897923636     0.5742589896    -0.2155333740
 7,21 -32.92541341 453.43863693 1432.65933459 2 0
   7,22    -0.5773503000     0.5773503000    -0.5773503000
          -0.2049662415    -0.7869476048    -0.5819813633
   7,31     0.5773503000    -0.5773503000     0.5773503000
          -0.2095420960    -0.7881955738    -0.5786534779
 7,22 -98.35692165 479.90281065 1436.99904732 2 0
   7,21     0.5773503000    -0.5773503000     0.5773503000
          -0.2049662415    -0.7869476048    -0.5819813633
   7,24    -0.5773503000     0.5773503000    -0.5773503000
          -0.5539523154    -0.7964495682    -0.2424972528
 7,23 -227.33748885 386.86571316 2810.44755032 2 0
   3,50    -0.5773503000     0.5773503000    -0.5773503000
          -0.7943389727    -0.5607824362     0.2335565364
   7,29     0.5773503000    -0.5773503000     0.5773503000
          -0.7927327753    -0.5657212229     0.2270115524
 7,24 -152.94553654 511.26246563 1442.92997739 2 0
   7,22     0.5773503000    -0.5773503000     0.5773503000
          -0.5539523154    -0.7964495682    -0.2424972528
   7,32    -0.5773503000     0.5773503000    -0.5773503000
          -0.5676668188    -0.7920811709    -0.2244143521
 7,25 751.75105165 242.26137251 6122.88960968 2 0
   7,2     0.5773503000    -0.5773503000    -0.5773503000
           0.1843818840     0.7810323538    -0.5966504698
   7,11    -0.5773503000     0.5773503000     0.5773503000
          -0.1468524491     0.6221496294    -0.7690020785
 7,26 473.53961360 237.86641094 6114.73093001 2 0
   7,14    -0.5773503000     0.5773503000     0.5773503000
           0.0748822890     0.7415678959    -0.6666856070
   7,6     0.5773503000    -0.5773503000    -0.5773503000
           0.1757281798     0.7783999001    -0.6026717203
 7,27 -165.14081610 301.41551052 2812.76532527 2 0
   7,29    -0.5773503000     0.5773503000    -0.5773503000
          -0.7921372361    -0.5675006729     0.2246365632
   7,28     0.5773503000    -0.5773503000     0.5773503000
          -0.7921712785    -0.5673996757     0.2247716028
 7,28 -133.81780446 258.28559802 2813.74760149 2 0
   7,27    -0.5773503000     0.5773503000    -0.5773503000
          -0.7921712785    -0.5673996757     0.2247716028
   5,27     0.5773503000    -0.5773503000     0.5773503000
          -0.7923642207    -0.5668256169     0.2255386037
 7,29 -196.05736037 343.92278640 2811.69601124 2 0
   7,23    -0.5773503000     0.5773503000    -0.5773503000
          -0.7927327753    -0.5657212229     0.2270115524
   7,27     0.5773503000    -0.5773503000     0.5773503000
          -0.7921372361    -0.5675006729     0.2246365632
 7,30 192.67012992 330.68703351 6077.11107789 2 0
   7,40    -0.5773503000     0.5773503000     0.5773503000
           0.7497695123     0.0949128669     0.6548566455
   7,113     0.5773503000    -0.5773503000    -0.5773503000
           0.7479805669     0.0904522724     0.6575282945
 7,31 52.82066343 430.00542544 1431.08106932 2 0
   7,21    -0.5773503000     0.5773503000    -0.5773503000
          -0.2095420960    -0.7881955738    -0.5786534779
   7,15     0.5773503000    -0.5773503000     0.5773503000
          -0.1895273189    -0.7825569035    -0.5930295846
 7,32 -193.11565826 537.80760820 1447.37425198 2 0
   7,24     0.5773503000    -0.5773503000     0.5773503000
          -0.5676668188    -0.7920811709    -0.2244143521
   7,42    -0.5773503000     0.5773503000    -0.5773503000
          -0.5662405468    -0.7925598992    -0.2263193524
 7,33 198.40403738 396.91116464 1428.49690711 2 0
   7,16     0.5773503000    -0.5773503000     0.5773503000
          -0.1913381491    -0.7830861856    -0.5917480365
   7,15    -0.5773503000     0.5773503000    -0.5773503000
          -0.1897401194    -0.7826192984    -0.5928791790
 7,34 155.48484005 445.15035647 6060.23498516 2 0
   7,41    -0.5773503000     0.5773503000     0.5773503000
           0.7766023086     0.1699742419     0.6066280667
   7,40     0.5773503000    -0.5773503000    -0.5773503000
           0.7826358346     0.1897965466     0.5928392880
 7,35 140.66710290 784.09259437 6022.59467877 2 0
   7,37     0.5773503000    -0.5773503000    -0.5773503000
           0.6221916066    -0.1467886838     0.7689802904
   7,38    -0.5773503000     0.5773503000     0.5773503000
           0.6221511015    -0.1468502131     0.7690013146
 7,36 129.41340137 646.10568334 6032.97674912 2 0
   7,37    -0.5773503000     0.5773503000     0.5773503000
           0.7834333305     0.1925329249     0.5909004057
   7,39     0.5773503000    -0.5773503000    -0.5773503000
           0.7800143707     0.1810019553     0.5990124153
 7,37 128.75923360 712.16191076 6024.12196122 2 0
   7,35    -0.5773503000     0.5773503000     0.5773503000
           0.6221916066    -0.1467886838     0.7689802904
   7,36     0.5773503000    -0.5773503000    -0.5773503000
           0.7834333305     0.1925329249     0.5909004057
 7,38 153.75267860 838.70391613 6022.43493019 1 1
   7,35     0.5773503000    -0.5773503000    -0.5773503000
           0.6221511015    -0.1468502131     0.7690013146
 7,39 137.44881933 564.46903393 6045.49973203 2 0
   7,36    -0.5773503000     0.5773503000     0.5773503000
           0.7800143707     0.1810019553     0.5990124153
   7,41     0.5773503000    -0.5773503000    -0.5773503000
           0.7820304068     0.1877387115     0.5942916953
 7,40 169.37403015 383.46273841 6067.05152983 2 0
   7,30     0.5773503000    -0.5773503000    -0.5773503000
           0.7497695123     0.0949128669     0.6548566455
   7,34    -0.5773503000     0.5773503000     0.5773503000
           0.7826358346     0.1897965466     0.5928392880
 7,41 146.59467101 497.49616807 6054.27470330 2 0
   7,34     0.5773503000    -0.5773503000    -0.5773503000
           0.7766023086     0.1699742419     0.6066280667
   7,39    -0.5773503000     0.5773503000     0.5773503000
           0.7820304068     0.1877387115     0.5942916953
 7,42 -245.51616715 573.47777954 1452.25206575 2 0
   3,29    -0.5773503000     0.5773503000    -0.5773503000
          -0.5687100876    -0.7917273205    -0.2230172329
   7,32     0.5773503000    -0.5773503000     0.5773503000
          -0.5662405468    -0.7925598992    -0.2263193524
 7,43 163.19475523 342.55560090 -99.37256400 1 1
   7,45     0.5773503000    -0.5773503000    -0.5773503000
           0.7894342988     0.5752583245     0.2141759743
 7,44 163.19453422 342.55586444 -99.37259721 1 1
   7,45    -0.5773503000     0.5773503000     0.5773503000
           0.1844189398     0.7810434419    -0.5966245021
 7,45 164.24013250 343.58226526 -97.41505180 4 0
   7,43    -0.5773503000     0.5773503000     0.5773503000
           0.7894342988     0.5752583245     0.2141759743
   7,44     0.5773503000    -0.5773503000    -0.5773503000
           0.1844189398     0.7810434419    -0.5966245021
   7,47    -0.5773503000    -0.5773503000     0.5773503000
          -0.6639157622     0.7435546443     0.0796388821
   7,71     0.5773503000     0.5773503000    -0.5773503000
          -0.7684468940     0.6232151379    -0.1452317561
 7,46 52.63918007 245.54090368 -93.09835585 2 0
   5,35    -0.5773503000    -0.5773503000     0.5773503000
          -0.5733547502     0.7901138138     0.2167590636
   7,47     0.5773503000     0.5773503000    -0.5773503000
          -0.6511783421     0.7521745378     0.1009961957
 7,47 92.98601265 279.95056281 -94.41281174 2 0
   7,46    -0.5773503000    -0.5773503000     0.5773503000
          -0.6511783421     0.7521745378     0.1009961957
   7,45     0.5773503000     0.5773503000    -0.5773503000
          -0.6639157622     0.7435546443     0.0796388821
 7,69 381.02553704 621.71354069 -106.99119053 2 0
   7,76     0.5773503000     0.5773503000    -0.5773503000
          -0.7897932985     0.5742563695    -0.2155369290
   7,20    -0.5773503000    -0.5773503000     0.5773503000
          -0.7897923636     0.5742589896    -0.2155333740
 7,71 224.98429963 417.97726179 -99.35991344 2 0
   7,72     0.5773503000     0.5773503000    -0.5773503000
          -0.7868298093     0.5822908915    -0.2045389177
   7,45    -0.5773503000    -0.5773503000     0.5773503000
          -0.7684468940     0.6232151379    -0.1452317561
 7,72 266.81763379 469.46583400 -101.05302955 2 0
   7,78     0.5773503000     0.5773503000    -0.5773503000
           0.7424678618    -0.0770297404     0.6654381213
   7,71    -0.5773503000    -0.5773503000     0.5773503000
          -0.7868298093     0.5822908915    -0.2045389177
 7,76 419.31493300 674.25756501 -108.10711476 2 0
   7,77     0.5773503000     0.5773503000    -0.5773503000
           0.0000000000     0.0000000000     0.0000000000
   7,69    -0.5773503000    -0.5773503000     0.5773503000
          -0.7897932985     0.5742563695    -0.2155369290
 7,77 461.19290435 732.25641109 -108.37194510 1 1
   7,76    -0.5773503000    -0.5773503000     0.5773503000
           0.0000000000     0.0000000000     0.0000000000
 7,78 316.62675481 534.41343585 -103.79781010 2 0
   7,72    -0.5773503000    -0.5773503000     0.5773503000
           0.7424678618    -0.0770297404     0.6654381213
   7,20     0.5773503000     0.5773503000    -0.5773503000
          -0.7886399275     0.5774464188    -0.2111935087
 7,113 239.08140403 291.14635904 6091.20803644 2 0
   7,7     0.5773503000    -0.5773503000    -0.5773503000
           0.1208332287     0.7597373549    -0.6389041262
   7,30    -0.5773503000     0.5773503000     0.5773503000
           0.7479805669     0.0904522724     0.6575282945
