#
#	ParaDiS nodal data file
#

#
#	File version number
#

3

#
#	Number of data file segments
#

1

#
#	Minimum coordinate values (x, y, z)
#

-8750.0000     -8750.0000     -8750.0000    

#
#	Maximum coordinate values (x, y, z)
#

8750.0000      8750.0000      8750.0000     

#
#	Node count
#

109         

#
#	Domain geometry (x, y, z)
#

2   2   2  

#
#	Domain decomposition type
#

1

#
#	Domain boundaries (x, y, z)
#

  -8750.0000
      -8750.0000
          -8750.0000
          -4028.1431
           8750.0000
        224.3590
          -8750.0000
          -6787.4482
           8750.0000
       8750.0000
    175.6383
      -8750.0000
          -8750.0000
          -3368.8827
           8750.0000
       -274.3994
          -8750.0000
          -4940.0351
           8750.0000
       8750.0000
   8750.0000

#
#	Primary lines: node_tag, x, y, z, num_arms, constraint
#	Secondary lines: arm_tag, burgx, burgy, burgz, nx, ny, nz
#

 0,0 -618.61706661 -434.13899290 -4321.99417254 2 0
   0,1    -0.5773503000    -0.5773503000     0.5773503000
          -0.5796906604     0.7878102423     0.2081195819
   0,4     0.5773503000     0.5773503000    -0.5773503000
          -0.5656677911     0.7927505187     0.2270827276
 0,1 -660.17234250 -464.48055316 -4320.74310727 2 0
   0,0     0.5773503000     0.5773503000    -0.5773503000
          -0.5796906604     0.7878102423     0.2081195819
   0,2    -0.5773503000    -0.5773503000     0.5773503000
          -0.5796906604     0.7878102423     0.2081195819
 0,2 -706.00226041 -497.61859265 -4320.36589750 1 1
   0,1     0.5773503000     0.5773503000    -0.5773503000
          -0.5796906604     0.7878102423     0.2081195819
 0,3 -515.50629128 -357.62997754 -4328.38999686 2 0
   0,4    -0.5773503000    -0.5773503000     0.5773503000
          -0.5796906604     0.7878102423     0.2081195819
   0,5     0.5773503000     0.5773503000    -0.5773503000
          -0.5617497823     0.7940297280     0.2322799457
 0,4 -571.05271661 -399.05669970 -4324.43479777 2 0
   0,3     0.5773503000     0.5773503000    -0.5773503000
          -0.5796906604     0.7878102423     0.2081195819
   0,0    -0.5773503000    -0.5773503000     0.5773503000
          -0.5656677911     0.7927505187     0.2270827276
 0,5 -451.50271990 -309.13751412 -4334.14919060 2 0
   0,3    -0.5773503000    -0.5773503000     0.5773503000
          -0.5617497823     0.7940297280     0.2322799457
   0,6     0.5773503000     0.5773503000    -0.5773503000
          -0.5624570021     0.7938019988     0.2313449967
 0,6 -386.20848620 -257.96615044 -4341.00145001 2 0
   0,5    -0.5773503000    -0.5773503000     0.5773503000
          -0.5624570021     0.7938019988     0.2313449967
   0,32     0.5773503000     0.5773503000    -0.5773503000
          -0.5665858263     0.7924445370     0.2258587107
 0,7 -218.16701482 -492.53188637 -5371.80166230 2 0
   0,10    -0.5773503000    -0.5773503000     0.5773503000
           0.7176211555    -0.0215200385     0.6961011170
   0,8     0.5773503000     0.5773503000    -0.5773503000
           0.7176211554    -0.0215200383     0.6961011171
 0,8 -183.31876092 -445.45657344 -5375.13990295 2 0
   0,9     0.5773503000     0.5773503000    -0.5773503000
           0.7285925212    -0.0451337574     0.6834587639
   0,7    -0.5773503000    -0.5773503000     0.5773503000
           0.7176211554    -0.0215200383     0.6961011171
 0,9 -147.45007998 -397.10586848 -5378.68262313 2 0
   0,8    -0.5773503000    -0.5773503000     0.5773503000
           0.7285925212    -0.0451337574     0.6834587639
   0,11     0.5773503000     0.5773503000    -0.5773503000
           0.7176211554    -0.0215200383     0.6961011171
 0,10 -257.33764556 -545.56309238 -5368.21601496 2 0
   0,7     0.5773503000     0.5773503000    -0.5773503000
           0.7176211555    -0.0215200385     0.6961011170
   0,14    -0.5773503000    -0.5773503000     0.5773503000
           0.6080731325     0.1678588662     0.7759319987
 0,11 -113.74871234 -351.71836858 -5382.09220681 2 0
   0,12     0.5773503000     0.5773503000    -0.5773503000
           0.0000000000     0.0000000000     0.0000000000
   0,9    -0.5773503000    -0.5773503000     0.5773503000
           0.7176211554    -0.0215200383     0.6961011171
 0,12 -78.63162261 -304.43442955 -5385.69857168 2 0
   0,11    -0.5773503000    -0.5773503000     0.5773503000
           0.0000000000     0.0000000000     0.0000000000
   0,13     0.5773503000     0.5773503000    -0.5773503000
          -0.7923244928     0.5669440475    -0.2253804453
 0,13 -38.33497076 -250.31936240 -5389.79147811 2 0
   0,41     0.5773503000     0.5773503000    -0.5773503000
          -0.7905395765     0.5721465350    -0.2183930415
   0,12    -0.5773503000    -0.5773503000     0.5773503000
          -0.7923244928     0.5669440475    -0.2253804453
 0,14 -298.72765283 -601.65546641 -5364.73089866 2 0
   0,20    -0.5773503000    -0.5773503000     0.5773503000
           0.0000000000     0.0000000000     0.0000000000
   0,10     0.5773503000     0.5773503000    -0.5773503000
           0.6080731325     0.1678588662     0.7759319987
 0,15 -314.14772749 46.16965306 -7395.01408177 2 0
   0,17     0.5773503000     0.5773503000     0.5773503000
           0.7820607447    -0.5942193083    -0.1878414364
   0,18    -0.5773503000    -0.5773503000    -0.5773503000
           0.5456929950    -0.7988354388     0.2531424438
 0,16 -376.54316630 -707.87381420 -5360.37944633 2 0
   0,20     0.5773503000     0.5773503000    -0.5773503000
           0.7285925213    -0.0451337574     0.6834587639
   0,19    -0.5773503000    -0.5773503000     0.5773503000
          -0.7909968679     0.5708351563    -0.2201617116
 0,17 -284.66907476 85.15668069 -7412.74466110 2 0
   0,31     0.5773503000     0.5773503000     0.5773503000
          -0.4442052658     0.8154080023    -0.3712027366
   0,15    -0.5773503000    -0.5773503000    -0.5773503000
           0.7820607447    -0.5942193083    -0.1878414364
 0,18 -358.28483713 13.06722762 -7375.10229560 2 0
   0,15     0.5773503000     0.5773503000     0.5773503000
           0.5456929950    -0.7988354388     0.2531424438
   0,23    -0.5773503000    -0.5773503000    -0.5773503000
           0.5650576422    -0.7929525625     0.2278949203
 0,19 -417.14557113 -764.00393263 -5359.85686219 1 1
   0,16     0.5773503000     0.5773503000    -0.5773503000
          -0.7909968679     0.5708351563    -0.2201617116
 0,20 -339.01703727 -656.43291315 -5361.98571378 2 0
   0,14     0.5773503000     0.5773503000    -0.5773503000
           0.0000000000     0.0000000000     0.0000000000
   0,16    -0.5773503000    -0.5773503000     0.5773503000
           0.7285925213    -0.0451337574     0.6834587639
 0,21 -509.57251317 -37.92085548 -7338.80174748 2 0
   0,22     0.5773503000     0.5773503000     0.5773503000
           0.1849046073    -0.7811886209     0.5962840135
   0,27    -0.5773503000    -0.5773503000    -0.5773503000
           0.1879386887    -0.7820894552     0.5941507665
 0,22 -453.50462539 -25.35273019 -7347.37073514 2 0
   0,21    -0.5773503000    -0.5773503000    -0.5773503000
           0.1849046073    -0.7811886209     0.5962840135
   0,23     0.5773503000     0.5773503000     0.5773503000
          -0.2785771078    -0.5253888838     0.8039659917
 0,23 -404.34448192 -9.37532781 -7359.32036164 2 0
   0,22    -0.5773503000    -0.5773503000    -0.5773503000
          -0.2785771078    -0.5253888838     0.8039659917
   0,18     0.5773503000     0.5773503000     0.5773503000
           0.5650576422    -0.7929525625     0.2278949203
 0,24 -684.71816556 -72.36208125 -7326.05360244 2 0
   0,25    -0.5773503000    -0.5773503000    -0.5773503000
           0.1836237615    -0.7808051577     0.5971813962
   0,26     0.5773503000     0.5773503000     0.5773503000
           0.1962381182    -0.7844993842     0.5882612660
 0,25 -741.21776441 -84.52519151 -7324.25582116 2 0
   0,29    -0.5773503000    -0.5773503000    -0.5773503000
           0.1843600504    -0.7810258199     0.5966657695
   0,24     0.5773503000     0.5773503000     0.5773503000
           0.1836237615    -0.7808051577     0.5971813962
 0,26 -629.93183126 -61.15058707 -7328.70403473 2 0
   0,24    -0.5773503000    -0.5773503000    -0.5773503000
           0.1962381182    -0.7844993842     0.5882612660
   0,27     0.5773503000     0.5773503000     0.5773503000
           0.1886240179    -0.7822914671     0.5936674493
 0,27 -558.94272012 -47.49403125 -7333.69614361 2 0
   0,21     0.5773503000     0.5773503000     0.5773503000
           0.1879386887    -0.7820894552     0.5941507665
   0,26    -0.5773503000    -0.5773503000    -0.5773503000
           0.1886240179    -0.7822914671     0.5936674493
 0,28 -849.20657080 -109.26271945 -7322.99973847 1 1
   0,29     0.5773503000     0.5773503000     0.5773503000
           0.5702569561    -0.7911969052     0.2209399491
 0,29 -798.11769247 -97.35040650 -7323.19835088 2 0
   0,28    -0.5773503000    -0.5773503000    -0.5773503000
           0.5702569561    -0.7911969052     0.2209399491
   0,25     0.5773503000     0.5773503000     0.5773503000
           0.1843600504    -0.7810258199     0.5966657695
 0,30 -246.57480633 180.83303410 -7441.66235876 2 0
   2,19     0.5773503000     0.5773503000     0.5773503000
           0.7837635848    -0.1936748743    -0.5900887105
   0,31    -0.5773503000    -0.5773503000    -0.5773503000
           0.7865411388    -0.2034949711    -0.5830461677
 0,31 -262.24870611 129.86947248 -7428.60366489 2 0
   0,30     0.5773503000     0.5773503000     0.5773503000
           0.7865411388    -0.2034949711    -0.5830461677
   0,17    -0.5773503000    -0.5773503000    -0.5773503000
          -0.4442052658     0.8154080023    -0.3712027366
 0,32 -334.92856828 -214.02760720 -4346.50469953 2 0
   0,33     0.5773503000     0.5773503000    -0.5773503000
          -0.8100957332     0.3166811462    -0.4934145870
   0,6    -0.5773503000    -0.5773503000     0.5773503000
          -0.5665858263     0.7924445370     0.2258587107
 0,33 -295.28997844 -174.30526191 -4350.79499544 2 0
   0,32    -0.5773503000    -0.5773503000     0.5773503000
          -0.8100957332     0.3166811462    -0.4934145870
   0,34     0.5773503000     0.5773503000    -0.5773503000
          -0.7763201044     0.6072383980    -0.1690817064
 0,34 -257.46762177 -130.62641642 -4355.30124025 2 0
   0,37     0.5773503000     0.5773503000    -0.5773503000
          -0.7827376468     0.5925934049    -0.1901442419
   0,33    -0.5773503000    -0.5773503000     0.5773503000
          -0.7763201044     0.6072383980    -0.1690817064
 0,35 -39.02059172 150.98709087 -4377.66333211 2 0
   3,19     0.5773503000     0.5773503000    -0.5773503000
          -0.7954766901     0.5571517278    -0.2383249623
   0,36    -0.5773503000    -0.5773503000     0.5773503000
          -0.7925081373     0.5663955959    -0.2261125414
 0,36 -82.76411834 91.03162987 -4374.01545643 2 0
   0,38    -0.5773503000    -0.5773503000     0.5773503000
          -0.8051349014     0.5201188989    -0.2850160025
   0,35     0.5773503000     0.5773503000    -0.5773503000
          -0.7925081373     0.5663955959    -0.2261125414
 0,37 -219.84858584 -87.64163525 -4359.42022920 2 0
   0,39     0.5773503000     0.5773503000    -0.5773503000
          -0.7910341994     0.5707274635    -0.2203067359
   0,34    -0.5773503000    -0.5773503000     0.5773503000
          -0.7827376468     0.5925934049    -0.1901442419
 0,38 -138.49235186 15.40614371 -4368.34200218 2 0
   0,36     0.5773503000     0.5773503000    -0.5773503000
          -0.8051349014     0.5201188989    -0.2850160025
   0,39    -0.5773503000    -0.5773503000     0.5773503000
          -0.7891064487     0.5761661630    -0.2129402857
 0,39 -181.31396749 -40.75601569 -4363.58339369 2 0
   0,38     0.5773503000     0.5773503000    -0.5773503000
          -0.7891064487     0.5761661630    -0.2129402857
   0,37    -0.5773503000    -0.5773503000     0.5773503000
          -0.7910341994     0.5707274635    -0.2203067359
 0,40 150.53919188 -0.44924117 -5407.95305760 2 0
   6,14     0.5773503000     0.5773503000    -0.5773503000
          -0.7963167729     0.5543944190    -0.2419223540
   0,42    -0.5773503000    -0.5773503000     0.5773503000
          -0.7990047445     0.5450824659    -0.2539222786
 0,41 1.48033289 -196.77652669 -5393.82975139 2 0
   0,43     0.5773503000     0.5773503000    -0.5773503000
           0.6148554820     0.1578297707     0.7726852527
   0,13    -0.5773503000    -0.5773503000     0.5773503000
          -0.7905395765     0.5721465350    -0.2183930415
 0,42 104.49561150 -59.21160328 -5404.03453247 2 0
   0,40     0.5773503000     0.5773503000    -0.5773503000
          -0.7990047445     0.5450824659    -0.2539222786
   0,43    -0.5773503000    -0.5773503000     0.5773503000
          -0.7878801638     0.5795031053    -0.2083770585
 0,43 53.58037160 -126.82368495 -5399.09602794 2 0
   0,41    -0.5773503000    -0.5773503000     0.5773503000
           0.6148554820     0.1578297707     0.7726852527
   0,42     0.5773503000     0.5773503000    -0.5773503000
          -0.7878801638     0.5795031053    -0.2083770585
 1,0 -811.09475042 -270.70698135 -121.44653845 1 1
   1,104     0.5773503000     0.5773503000    -0.5773503000
          -0.5702604957     0.7911956836     0.2209351880
 1,1 -593.61056380 -211.03713864 -129.10939774 2 0
   1,2     0.5773503000     0.5773503000    -0.5773503000
          -0.5870063692     0.7849984968     0.1979921276
   1,17    -0.5773503000    -0.5773503000     0.5773503000
          -0.1845435599     0.7810807200     0.5965371601
 1,2 -544.44074832 -179.61618346 -125.38141238 2 0
   1,1    -0.5773503000    -0.5773503000     0.5773503000
          -0.5870063692     0.7849984968     0.1979921276
   1,3     0.5773503000     0.5773503000    -0.5773503000
          -0.5664014829     0.7925061706     0.2261046876
 1,3 -503.94947274 -151.67698644 -122.43900170 2 0
   1,4     0.5773503000     0.5773503000    -0.5773503000
          -0.5704364726     0.7911349024     0.2206984298
   1,2    -0.5773503000    -0.5773503000     0.5773503000
          -0.5664014829     0.7925061706     0.2261046876
 1,4 -455.17567752 -117.68760781 -119.50385002 2 0
   1,5     0.5773503000     0.5773503000    -0.5773503000
          -0.5735935891     0.7900291424     0.2164355533
   1,3    -0.5773503000    -0.5773503000     0.5773503000
          -0.5704364726     0.7911349024     0.2206984298
 1,5 -392.85768394 -74.00218955 -116.63769908 2 0
   1,4    -0.5773503000    -0.5773503000     0.5773503000
          -0.5735935891     0.7900291424     0.2164355533
   1,6     0.5773503000     0.5773503000    -0.5773503000
          -0.5733175155     0.7901269989     0.2168094833
 1,6 -356.63184969 -48.37403018 -115.29762140 2 0
   1,7     0.5773503000     0.5773503000    -0.5773503000
          -0.5770620188     0.7887805170     0.2117184982
   1,5    -0.5773503000    -0.5773503000     0.5773503000
          -0.5733175155     0.7901269989     0.2168094833
 1,7 -283.87222480 3.83149085 -113.39602401 2 0
   1,6    -0.5773503000    -0.5773503000     0.5773503000
          -0.5770620188     0.7887805170     0.2117184982
   1,9     0.5773503000     0.5773503000    -0.5773503000
          -0.6127801673     0.7736965676     0.1609164002
 1,8 -51.63108679 173.21328652 -110.31895525 2 0
   1,10    -0.5773503000    -0.5773503000     0.5773503000
          -0.5669868142     0.7923101368     0.2253233226
   3,15     0.5773503000     0.5773503000    -0.5773503000
          -0.5692302266     0.7915497361     0.2223195095
 1,9 -238.11878782 38.09969461 -112.42135458 2 0
   1,7    -0.5773503000    -0.5773503000     0.5773503000
          -0.6127801673     0.7736965676     0.1609164002
   1,11     0.5773503000     0.5773503000    -0.5773503000
          -0.5681279395     0.7919251548     0.2237972153
 1,10 -105.79803238 134.41329582 -110.88945718 2 0
   1,8     0.5773503000     0.5773503000    -0.5773503000
          -0.5669868142     0.7923101368     0.2253233226
   1,11    -0.5773503000    -0.5773503000     0.5773503000
          -0.5675874495     0.7921079635     0.2245205140
 1,11 -183.66544665 78.18080125 -111.62871798 2 0
   1,10     0.5773503000     0.5773503000    -0.5773503000
          -0.5675874495     0.7921079635     0.2245205140
   1,9    -0.5773503000    -0.5773503000     0.5773503000
          -0.5681279395     0.7919251548     0.2237972153
 1,17 -688.69232042 -239.60181141 -124.31654670 2 0
   1,1     0.5773503000     0.5773503000    -0.5773503000
          -0.1845435599     0.7810807200     0.5965371601
   1,104    -0.5773503000    -0.5773503000     0.5773503000
          -0.1843712589     0.7810291742     0.5966579154
 1,104 -756.90843049 -257.55838376 -121.91288208 2 0
   1,0    -0.5773503000    -0.5773503000     0.5773503000
          -0.5702604957     0.7911956836     0.2209351880
   1,17     0.5773503000     0.5773503000    -0.5773503000
          -0.1843712589     0.7810291742     0.5966579154
 2,12 -227.84696904 306.07227309 -7463.06943750 2 0
   2,19    -0.5773503000    -0.5773503000    -0.5773503000
           0.7824218960    -0.1890674778    -0.5933544181
   2,15     0.5773503000     0.5773503000     0.5773503000
           0.7826294938    -0.1897749082    -0.5928545856
 2,13 -235.01569608 819.52031995 -7521.45989368 1 1
   2,16    -0.5773503000    -0.5773503000    -0.5773503000
           0.6221723679     0.1468179091    -0.7689902770
 2,14 -197.69671772 636.77425302 -7524.28308432 2 0
   2,16     0.5773503000     0.5773503000     0.5773503000
           0.6222328643     0.1467260046    -0.7689588689
   2,17    -0.5773503000    -0.5773503000    -0.5773503000
           0.7809885218    -0.1842354510    -0.5967530707
 2,15 -223.12860585 347.55241963 -7470.05123781 2 0
   2,20     0.5773503000     0.5773503000     0.5773503000
           0.7859889543    -0.2015107367    -0.5844782175
   2,12    -0.5773503000    -0.5773503000    -0.5773503000
           0.7826294938    -0.1897749082    -0.5928545856
 2,16 -215.73212771 733.27572495 -7522.32679605 2 0
   2,14    -0.5773503000    -0.5773503000    -0.5773503000
           0.6222328643     0.1467260046    -0.7689588689
   2,13     0.5773503000     0.5773503000     0.5773503000
           0.6221723679     0.1468179091    -0.7689902770
 2,17 -204.47705096 540.61533485 -7505.41269018 2 0
   2,18    -0.5773503000    -0.5773503000    -0.5773503000
           0.7810867453    -0.1845637082    -0.5965230372
   2,14     0.5773503000     0.5773503000     0.5773503000
           0.7809885218    -0.1842354510    -0.5967530707
 2,18 -208.93319885 492.30853115 -7495.92915543 2 0
   2,17     0.5773503000     0.5773503000     0.5773503000
           0.7810867453    -0.1845637082    -0.5965230372
   2,20    -0.5773503000    -0.5773503000    -0.5773503000
           0.7822376646    -0.1884413123    -0.5937963522
 2,19 -235.43549200 243.97957255 -7453.12864083 2 0
   0,30    -0.5773503000    -0.5773503000    -0.5773503000
           0.7837635848    -0.1936748743    -0.5900887105
   2,12     0.5773503000     0.5773503000     0.5773503000
           0.7824218960    -0.1890674778    -0.5933544181
 2,20 -214.77398752 431.53986460 -7484.55657741 2 0
   2,15    -0.5773503000    -0.5773503000    -0.5773503000
           0.7859889543    -0.2015107367    -0.5844782175
   2,18     0.5773503000     0.5773503000     0.5773503000
           0.7822376646    -0.1884413123    -0.5937963522
 3,9 173.95969270 353.24556194 -103.71298701 1 1
   3,12    -0.5773503000    -0.5773503000     0.5773503000
          -0.7897923636     0.5742589896    -0.2155333740
 3,10 173.96903406 353.26446922 -103.71489422 1 1
   3,12     0.5773503000    -0.5773503000    -0.5773503000
           0.7894342988     0.5752583245     0.2141759743
 3,11 173.96900563 353.26451516 -103.71490082 1 1
   3,12    -0.5773503000     0.5773503000     0.5773503000
           0.1844189398     0.7810434419    -0.5966245021
 3,12 171.96001015 351.20945400 -101.38953232 4 0
   3,11     0.5773503000    -0.5773503000    -0.5773503000
           0.1844189398     0.7810434419    -0.5966245021
   3,10    -0.5773503000     0.5773503000     0.5773503000
           0.7894342988     0.5752583245     0.2141759743
   3,14    -0.5773503000    -0.5773503000     0.5773503000
          -0.6619131396     0.7449653218     0.0830521823
   3,9     0.5773503000     0.5773503000    -0.5773503000
          -0.7897923636     0.5742589896    -0.2155333740
 3,13 66.82409197 260.29127106 -108.19828762 2 0
   3,15    -0.5773503000    -0.5773503000     0.5773503000
          -0.5733547502     0.7901138138     0.2167590636
   3,14     0.5773503000     0.5773503000    -0.5773503000
          -0.6511783421     0.7521745378     0.1009961957
 3,14 105.23894289 292.43444495 -106.65940755 2 0
   3,13    -0.5773503000    -0.5773503000     0.5773503000
          -0.6511783421     0.7521745378     0.1009961957
   3,12     0.5773503000     0.5773503000    -0.5773503000
          -0.6619131396     0.7449653218     0.0830521823
 3,15 23.63828546 227.57703151 -109.22915432 2 0
   1,8    -0.5773503000    -0.5773503000     0.5773503000
          -0.5692302266     0.7915497361     0.2223195095
   3,13     0.5773503000     0.5773503000    -0.5773503000
          -0.5733547502     0.7901138138     0.2167590636
 3,16 139.30820069 395.27052029 -4388.86135492 2 0
   3,18    -0.5773503000    -0.5773503000     0.5773503000
          -0.2812024269     0.8044490095     0.5232465826
   7,11     0.5773503000     0.5773503000    -0.5773503000
          -0.7824670446     0.5932458809    -0.1892211637
 3,17 57.55075077 283.39795430 -4383.95699059 2 0
   3,18     0.5773503000     0.5773503000    -0.5773503000
           0.2889212835     0.5168965756     0.8058178591
   3,19    -0.5773503000    -0.5773503000     0.5773503000
           0.8158585732    -0.3799812734     0.4358772997
 3,18 99.25866594 340.46797463 -4386.41258226 2 0
   3,16     0.5773503000     0.5773503000    -0.5773503000
          -0.2812024269     0.8044490095     0.5232465826
   3,17    -0.5773503000    -0.5773503000     0.5773503000
           0.2889212835     0.5168965756     0.8058178591
 3,19 16.29076508 226.81324753 -4381.42855480 2 0
   3,17     0.5773503000     0.5773503000    -0.5773503000
           0.8158585732    -0.3799812734     0.4358772997
   0,35    -0.5773503000    -0.5773503000     0.5773503000
          -0.7954766901     0.5571517278    -0.2383249623
 6,0 614.62555959 -247.08684644 -8750.00000000 1 1
   6,2     0.5773503000    -0.5773503000     0.5773503000
           0.7069372599     0.7072761806     0.0003389207
 6,1 622.89425862 -254.95586877 -8420.06631008 2 0
   6,8     0.5773503000    -0.5773503000     0.5773503000
          -0.2740919346     0.5290285094     0.8031204440
   6,7    -0.5773503000     0.5773503000    -0.5773503000
           0.7089134683     0.7052861383    -0.0036273299
 6,2 615.09436278 -247.55517372 -8680.29177775 2 0
   6,11     0.5773503000    -0.5773503000     0.5773503000
           0.7061353370     0.7080742380     0.0019389011
   6,0    -0.5773503000     0.5773503000    -0.5773503000
           0.7069372599     0.7072761806     0.0003389207
 6,3 681.01078218 -240.61062656 -8085.42344899 2 0
   6,5     0.5773503000    -0.5773503000     0.5773503000
          -0.2776318465    -0.8037899215    -0.5261580750
   6,10    -0.5773503000     0.5773503000    -0.5773503000
           0.7068624610     0.7073508484     0.0004883875
 6,4 631.43789136 -260.97834751 -8236.68747445 2 0
   6,10     0.5773503000    -0.5773503000     0.5773503000
          -0.2740919346     0.5290285094     0.8031204440
   6,8    -0.5773503000     0.5773503000    -0.5773503000
           0.7133500095     0.7006936423    -0.0126563672
 6,5 740.09760435 -237.86012328 -8072.84413160 2 0
   6,3    -0.5773503000     0.5773503000    -0.5773503000
          -0.2776318465    -0.8037899215    -0.5261580750
   6,6     0.5773503000    -0.5773503000     0.5773503000
          -0.1841722219    -0.7809695877    -0.5967973658
 6,6 814.72731530 -255.31918956 -8073.02393137 1 1
   6,5    -0.5773503000     0.5773503000    -0.5773503000
          -0.1841722219    -0.7809695877    -0.5967973658
 6,7 620.97880590 -253.24131512 -8468.51729877 2 0
   6,9    -0.5773503000     0.5773503000    -0.5773503000
          -0.2740919346     0.5290285094     0.8031204440
   6,1     0.5773503000    -0.5773503000     0.5773503000
           0.7089134683     0.7052861383    -0.0036273299
 6,8 626.39188744 -258.05165946 -8336.06844774 2 0
   6,1    -0.5773503000     0.5773503000    -0.5773503000
          -0.2740919346     0.5290285094     0.8031204440
   6,4     0.5773503000    -0.5773503000     0.5773503000
           0.7133500095     0.7006936423    -0.0126563672
 6,9 618.27263788 -250.69353565 -8545.55147126 2 0
   6,11    -0.5773503000     0.5773503000    -0.5773503000
          -0.7226500312    -0.0321856844     0.6904643468
   6,7     0.5773503000    -0.5773503000     0.5773503000
          -0.2740919346     0.5290285094     0.8031204440
 6,10 640.80795811 -259.22738295 -8149.27476117 2 0
   6,4    -0.5773503000     0.5773503000    -0.5773503000
          -0.2740919346     0.5290285094     0.8031204440
   6,3     0.5773503000    -0.5773503000     0.5773503000
           0.7068624610     0.7073508484     0.0004883875
 6,11 616.41547667 -248.90502292 -8610.29197870 2 0
   6,9     0.5773503000    -0.5773503000     0.5773503000
          -0.7226500312    -0.0321856844     0.6904643468
   6,2    -0.5773503000     0.5773503000    -0.5773503000
           0.7061353370     0.7080742380     0.0019389011
 6,12 293.41169400 134.82102167 -5416.15166681 2 0
   6,13    -0.5773503000    -0.5773503000     0.5773503000
          -0.5828151601     0.7866296180     0.2038144579
   6,22     0.5773503000     0.5773503000    -0.5773503000
          -0.5925300238     0.7827638589     0.1902338352
 6,13 234.47205384 87.21076017 -5412.72529157 2 0
   6,14    -0.5773503000    -0.5773503000     0.5773503000
          -0.4383965263     0.8157352396     0.3773387134
   6,12     0.5773503000     0.5773503000    -0.5773503000
          -0.5828151601     0.7866296180     0.2038144579
 6,14 190.76890584 45.18311861 -5410.48727079 2 0
   0,40    -0.5773503000    -0.5773503000     0.5773503000
          -0.7963167729     0.5543944190    -0.2419223540
   6,13     0.5773503000     0.5773503000    -0.5773503000
          -0.4383965263     0.8157352396     0.3773387134
 6,15 733.57685703 459.36088347 -5432.57114873 1 1
   6,19    -0.5773503000    -0.5773503000     0.5773503000
          -0.5702692256     0.7911926705     0.2209234448
 6,16 425.03043460 233.86979394 -5423.94498891 2 0
   6,22    -0.5773503000    -0.5773503000     0.5773503000
          -0.5316530358    -0.2708379836    -0.8024910194
   6,21     0.5773503000     0.5773503000    -0.5773503000
          -0.6400434752    -0.1190207005    -0.7590641756
 6,17 529.96500639 311.15362042 -5428.73112933 2 0
   6,21    -0.5773503000    -0.5773503000     0.5773503000
          -0.6400434751    -0.1190207006    -0.7590641757
   6,18     0.5773503000     0.5773503000    -0.5773503000
          -0.5627120855     0.7937195188     0.2310074333
 6,18 584.84549059 351.40306090 -5430.58293814 2 0
   6,20     0.5773503000     0.5773503000    -0.5773503000
          -0.4451703408    -0.3701774514    -0.8153477922
   6,17    -0.5773503000    -0.5773503000     0.5773503000
          -0.5627120855     0.7937195188     0.2310074333
 6,19 680.70930497 421.22746924 -5432.47116495 2 0
   6,20    -0.5773503000    -0.5773503000     0.5773503000
           0.0000000000     0.0000000000     0.0000000000
   6,15     0.5773503000     0.5773503000    -0.5773503000
          -0.5702692256     0.7911926705     0.2209234448
 6,20 636.59148911 389.18686898 -5431.85928202 2 0
   6,19     0.5773503000     0.5773503000    -0.5773503000
           0.0000000000     0.0000000000     0.0000000000
   6,18    -0.5773503000    -0.5773503000     0.5773503000
          -0.4451703408    -0.3701774514    -0.8153477922
 6,21 475.98859488 271.47150826 -5426.46735967 2 0
   6,17     0.5773503000     0.5773503000    -0.5773503000
          -0.6400434751    -0.1190207006    -0.7590641757
   6,16    -0.5773503000    -0.5773503000     0.5773503000
          -0.6400434752    -0.1190207005    -0.7590641756
 6,22 372.80933007 195.08197322 -5421.01844490 2 0
   6,16     0.5773503000     0.5773503000    -0.5773503000
          -0.5316530358    -0.2708379836    -0.8024910194
   6,12    -0.5773503000    -0.5773503000     0.5773503000
          -0.5925300238     0.7827638589     0.1902338352
 7,4 411.15939196 768.31852647 -4399.34092147 1 1
   7,6    -0.5773503000    -0.5773503000     0.5773503000
          -0.7911941837     0.5702648415    -0.2209293422
 7,5 347.33102921 680.12096986 -4398.41691468 2 0
   7,9    -0.5773503000    -0.5773503000     0.5773503000
          -0.7993533423     0.5438143680    -0.2555389743
   7,6     0.5773503000     0.5773503000    -0.5773503000
          -0.7894343418     0.5752582051    -0.2141761367
 7,6 374.97715918 718.25468194 -4398.98987062 2 0
   7,5    -0.5773503000    -0.5773503000     0.5773503000
          -0.7894343418     0.5752582051    -0.2141761367
   7,4     0.5773503000     0.5773503000    -0.5773503000
          -0.7911941837     0.5702648415    -0.2209293422
 7,7 248.29885858 544.25171092 -4394.73753035 2 0
   7,8     0.5773503000     0.5773503000    -0.5773503000
          -0.0461447178     0.7290489865     0.6829042687
   7,10    -0.5773503000    -0.5773503000     0.5773503000
          -0.2812024269     0.8044490095     0.5232465826
 7,8 278.33547051 585.34471569 -4396.03943752 2 0
   7,7    -0.5773503000    -0.5773503000     0.5773503000
          -0.0461447178     0.7290489865     0.6829042687
   7,9     0.5773503000     0.5773503000    -0.5773503000
          -0.7964242777     0.5540366472    -0.2423876306
 7,9 312.46755293 632.15923162 -4397.34305016 2 0
   7,8    -0.5773503000    -0.5773503000     0.5773503000
          -0.7964242777     0.5540366472    -0.2423876306
   7,5     0.5773503000     0.5773503000    -0.5773503000
          -0.7993533423     0.5438143680    -0.2555389743
 7,10 214.59436945 498.20345653 -4393.12365317 2 0
   7,7     0.5773503000     0.5773503000    -0.5773503000
          -0.2812024269     0.8044490095     0.5232465826
   7,11    -0.5773503000    -0.5773503000     0.5773503000
          -0.7916272185     0.5690035633    -0.2226236552
 7,11 177.95332958 448.12963883 -4391.16688057 2 0
   7,10     0.5773503000     0.5773503000    -0.5773503000
          -0.7916272185     0.5690035633    -0.2226236552
   3,16    -0.5773503000    -0.5773503000     0.5773503000
          -0.7824670446     0.5932458809    -0.1892211637
