#
#	ParaDiS nodal data file
#

#
#	File version number
#

3

#
#	Number of data file segments
#

1

#
#	Minimum coordinate values (x, y, z)
#

-8750.0000     -8750.0000     -8750.0000    

#
#	Maximum coordinate values (x, y, z)
#

8750.0000      8750.0000      8750.0000     

#
#	Node count
#

361         

#
#	Domain geometry (x, y, z)
#

2   2   2  

#
#	Domain decomposition type
#

1

#
#	Domain boundaries (x, y, z)
#

  -8750.0000
      -8750.0000
          -8750.0000
          -3446.3316
           8750.0000
        224.3590
          -8750.0000
            222.7432
           8750.0000
       8750.0000
   -229.0180
      -8750.0000
          -8750.0000
           -936.7694
           8750.0000
       -224.3590
          -8750.0000
          -3889.3636
           8750.0000
       8750.0000
   8750.0000

#
#	Primary lines: node_tag, x, y, z, num_arms, constraint
#	Secondary lines: arm_tag, burgx, burgy, burgz, nx, ny, nz
#

 0,1 -617.88260568 -436.73760750 -4310.89027206 2 0
   0,9    -0.5773503000    -0.5773503000     0.5773503000
          -0.5796906604     0.7878102423     0.2081195819
   0,3     0.5773503000     0.5773503000    -0.5773503000
          -0.5656677911     0.7927505187     0.2270827276
 0,3 -571.42275455 -402.24412401 -4314.04103686 2 0
   0,4     0.5773503000     0.5773503000    -0.5773503000
          -0.5796906604     0.7878102423     0.2081195819
   0,1    -0.5773503000    -0.5773503000     0.5773503000
          -0.5656677911     0.7927505187     0.2270827276
 0,4 -517.88340778 -361.88521360 -4319.36291184 2 0
   0,3    -0.5773503000    -0.5773503000     0.5773503000
          -0.5796906604     0.7878102423     0.2081195819
   0,8     0.5773503000     0.5773503000    -0.5773503000
          -0.5617497823     0.7940297280     0.2322799457
 0,5 -704.48377281 -499.72538165 -4309.03847849 1 1
   0,9     0.5773503000     0.5773503000    -0.5773503000
          -0.5796906604     0.7878102423     0.2081195819
 0,8 -455.35970232 -313.77541839 -4327.78487605 2 0
   0,4    -0.5773503000    -0.5773503000     0.5773503000
          -0.5617497823     0.7940297280     0.2322799457
   0,17     0.5773503000     0.5773503000    -0.5773503000
          -0.5624570021     0.7938019988     0.2313449967
 0,9 -659.10371790 -466.92988871 -4309.34868201 2 0
   0,1     0.5773503000     0.5773503000    -0.5773503000
          -0.5796906604     0.7878102423     0.2081195819
   0,5    -0.5773503000    -0.5773503000     0.5773503000
          -0.5796906604     0.7878102423     0.2081195819
 0,14 -419.79714861 -762.09278372 -5345.45793634 1 1
   0,16     0.5773503000     0.5773503000    -0.5773503000
          -0.7909968679     0.5708351563    -0.2201617116
 0,16 -378.95350054 -705.56704404 -5345.82420109 2 0
   0,20     0.5773503000     0.5773503000    -0.5773503000
           0.7285925213    -0.0451337574     0.6834587639
   0,14    -0.5773503000    -0.5773503000     0.5773503000
          -0.7909968679     0.5708351563    -0.2201617116
 0,17 -386.36995806 -258.63020290 -4339.85609034 2 0
   0,8    -0.5773503000    -0.5773503000     0.5773503000
          -0.5624570021     0.7938019988     0.2313449967
   0,31     0.5773503000     0.5773503000    -0.5773503000
          -0.5665858263     0.7924445370     0.2258587107
 0,20 -340.97399449 -653.47608248 -5347.35855582 2 0
   0,22     0.5773503000     0.5773503000    -0.5773503000
           0.0000000000     0.0000000000     0.0000000000
   0,16    -0.5773503000    -0.5773503000     0.5773503000
           0.7285925213    -0.0451337574     0.6834587639
 0,22 -300.62362803 -598.61201741 -5350.09993969 2 0
   0,20    -0.5773503000    -0.5773503000     0.5773503000
           0.0000000000     0.0000000000     0.0000000000
   0,33     0.5773503000     0.5773503000    -0.5773503000
           0.6080731325     0.1678588662     0.7759319987
 0,31 -328.68541680 -208.41180766 -4352.00243550 2 0
   0,47     0.5773503000     0.5773503000    -0.5773503000
          -0.8100957332     0.3166811462    -0.4934145870
   0,17    -0.5773503000    -0.5773503000     0.5773503000
          -0.5665858263     0.7924445370     0.2258587107
 0,32 -853.43055105 -91.36965198 -7297.89818574 1 1
   0,35     0.5773503000     0.5773503000     0.5773503000
           0.5702569561    -0.7911969052     0.2209399491
 0,33 -259.32900153 -542.75363698 -5353.91536365 2 0
   4,14     0.5773503000     0.5773503000    -0.5773503000
           0.7176211555    -0.0215200385     0.6961011170
   0,22    -0.5773503000    -0.5773503000     0.5773503000
           0.6080731325     0.1678588662     0.7759319987
 0,34 -687.74936470 -53.23238491 -7299.60336042 2 0
   0,36    -0.5773503000    -0.5773503000    -0.5773503000
           0.1836237615    -0.7808051577     0.5971813962
   0,38     0.5773503000     0.5773503000     0.5773503000
           0.1962381182    -0.7844993842     0.5882612660
 0,35 -797.39759417 -78.20792972 -7297.98876928 2 0
   0,32    -0.5773503000    -0.5773503000    -0.5773503000
           0.5702569561    -0.7911969052     0.2209399491
   0,36     0.5773503000     0.5773503000     0.5773503000
           0.1843600504    -0.7810258199     0.5966657695
 0,36 -746.03216072 -66.34696133 -7298.52957501 2 0
   0,35    -0.5773503000    -0.5773503000    -0.5773503000
           0.1843600504    -0.7810258199     0.5966657695
   0,34     0.5773503000     0.5773503000     0.5773503000
           0.1836237615    -0.7808051577     0.5971813962
 0,37 -583.02504003 -30.90026330 -7303.37083770 2 0
   0,38    -0.5773503000    -0.5773503000    -0.5773503000
           0.1825648311    -0.7804867117     0.5979218806
   0,39     0.5773503000     0.5773503000     0.5773503000
           0.1886240179    -0.7822914671     0.5936674493
 0,38 -632.42008744 -41.23513700 -7301.24412923 2 0
   0,37     0.5773503000     0.5773503000     0.5773503000
           0.1825648311    -0.7804867117     0.5979218806
   0,34    -0.5773503000    -0.5773503000    -0.5773503000
           0.1962381182    -0.7844993842     0.5882612660
 0,39 -532.92260376 -20.77223379 -7306.28291763 2 0
   0,40     0.5773503000     0.5773503000     0.5773503000
           0.1879386887    -0.7820894552     0.5941507665
   0,37    -0.5773503000    -0.5773503000    -0.5773503000
           0.1886240179    -0.7822914671     0.5936674493
 0,40 -482.03153135 -10.32401368 -7310.50216400 2 0
   0,41     0.5773503000     0.5773503000     0.5773503000
           0.1849046073    -0.7811886209     0.5962840135
   0,39    -0.5773503000    -0.5773503000    -0.5773503000
           0.1879386887    -0.7820894552     0.5941507665
 0,41 -423.67957835 3.52736760 -7317.91543172 2 0
   0,40    -0.5773503000    -0.5773503000    -0.5773503000
           0.1849046073    -0.7811886209     0.5962840135
   0,43     0.5773503000     0.5773503000     0.5773503000
          -0.2785771078    -0.5253888838     0.8039659917
 0,42 -399.93303591 167.42016837 -4471.25384115 2 0
   2,27    -0.5773503000     0.5773503000    -0.5773503000
          -0.7634367964    -0.1309731222     0.6324636742
   0,49     0.5773503000    -0.5773503000     0.5773503000
          -0.7809474150    -0.5968492177     0.1840981973
 0,43 -373.29778292 20.74911631 -7328.38176848 2 0
   0,41    -0.5773503000    -0.5773503000    -0.5773503000
          -0.2785771078    -0.5253888838     0.8039659917
   0,45     0.5773503000     0.5773503000     0.5773503000
           0.5650576422    -0.7929525625     0.2278949203
 0,44 -335.49576255 87.89465697 -4455.95743655 2 0
   0,46     0.5773503000    -0.5773503000     0.5773503000
          -0.7884795585    -0.5778834270     0.2105961316
   0,49    -0.5773503000     0.5773503000    -0.5773503000
          -0.7859845420    -0.5844895943     0.2014949477
 0,45 -325.70696304 44.63165550 -7342.54663828 2 0
   0,48     0.5773503000     0.5773503000     0.5773503000
           0.5456929950    -0.7988354388     0.2531424438
   0,43    -0.5773503000    -0.5773503000    -0.5773503000
           0.5650576422    -0.7929525625     0.2278949203
 0,46 -294.87693169 37.45519026 -4444.76257125 2 0
   0,44    -0.5773503000     0.5773503000    -0.5773503000
          -0.7884795585    -0.5778834270     0.2105961316
   0,50     0.5773503000    -0.5773503000     0.5773503000
          -0.7728881118    -0.6144418081     0.1584463037
 0,47 -281.10129439 -160.75621767 -4364.07168631 2 0
   0,31    -0.5773503000    -0.5773503000     0.5773503000
          -0.8100957332     0.3166811462    -0.4934145870
   0,51     0.5773503000     0.5773503000    -0.5773503000
          -0.7763201044     0.6072383980    -0.1690817064
 0,48 -279.14843410 79.73599433 -7360.98056110 2 0
   0,52     0.5773503000     0.5773503000     0.5773503000
           0.7820607447    -0.5942193083    -0.1878414364
   0,45    -0.5773503000    -0.5773503000    -0.5773503000
           0.5456929950    -0.7988354388     0.2531424438
 0,49 -366.35266942 125.95012257 -4463.60738680 2 0
   0,44     0.5773503000    -0.5773503000     0.5773503000
          -0.7859845420    -0.5844895943     0.2014949477
   0,42    -0.5773503000     0.5773503000    -0.5773503000
          -0.7809474150    -0.5968492177     0.1840981973
 0,50 -255.42964083 -10.10856904 -4432.81755489 2 0
   0,46    -0.5773503000     0.5773503000    -0.5773503000
          -0.7728881118    -0.6144418081     0.1584463037
   6,54     0.5773503000    -0.5773503000     0.5773503000
          -0.7798666098    -0.5993516737     0.1805149361
 0,51 -246.87840292 -121.78290469 -4375.04716283 2 0
   6,64     0.5773503000     0.5773503000    -0.5773503000
          -0.7827376468     0.5925934049    -0.1901442419
   0,47    -0.5773503000    -0.5773503000     0.5773503000
          -0.7763201044     0.6072383980    -0.1690817064
 0,52 -248.38540471 120.30092615 -7377.12313879 2 0
   6,49     0.5773503000     0.5773503000     0.5773503000
          -0.4442052658     0.8154080023    -0.3712027366
   0,48    -0.5773503000    -0.5773503000    -0.5773503000
           0.7820607447    -0.5942193083    -0.1878414364
 1,0 -448.68418565 -741.27218543 -3154.04478111 1 1
   1,1    -0.5773503000     0.5773503000     0.5773503000
           0.6220837526    -0.1469525052     0.7690362579
 1,1 -407.88021776 -684.39453429 -3153.94551710 2 0
   1,3    -0.5773503000     0.5773503000     0.5773503000
           0.6252969669    -0.1420522724     0.7673492393
   1,0     0.5773503000    -0.5773503000    -0.5773503000
           0.6220837526    -0.1469525052     0.7690362579
 1,2 -630.12792333 -316.37448540 -1057.19675883 2 0
   1,7     0.5773503000    -0.5773503000     0.5773503000
           0.1467724171    -0.6222023143    -0.7689747315
   1,43    -0.5773503000     0.5773503000    -0.5773503000
           0.1407408164    -0.6261523961    -0.7668932125
 1,3 -371.75071163 -625.28781621 -3169.14337344 2 0
   1,10    -0.5773503000     0.5773503000     0.5773503000
           0.6219656554    -0.1471318333     0.7690974887
   1,1     0.5773503000    -0.5773503000    -0.5773503000
           0.6252969669    -0.1420522724     0.7673492393
 1,4 -623.64290894 -242.76161231 -97.89588544 2 0
   1,52     0.5773503000     0.5773503000    -0.5773503000
          -0.5870063692     0.7849984968     0.1979921276
   1,17    -0.5773503000    -0.5773503000     0.5773503000
          -0.1845435599     0.7810807200     0.5965371601
 1,5 -257.76895012 -345.05312916 -1094.97195372 2 0
   4,34     0.5773503000    -0.5773503000     0.5773503000
           0.6751451400     0.7352335814     0.0600884414
   1,33    -0.5773503000     0.5773503000    -0.5773503000
           0.0000000000     0.0000000000     0.0000000000
 1,6 -326.24206226 -532.21910988 -3240.90054571 2 0
   1,9    -0.5773503000     0.5773503000     0.5773503000
           0.4073219417    -0.4091739391     0.8164958808
   1,10     0.5773503000    -0.5773503000    -0.5773503000
           0.7707774525     0.1520936578     0.6186837948
 1,7 -538.70459491 -304.53947972 -1056.59221021 2 0
   1,18     0.5773503000    -0.5773503000     0.5773503000
          -0.1862002257    -0.7815745909    -0.5953743652
   1,2    -0.5773503000     0.5773503000    -0.5773503000
           0.1467724171    -0.6222023143    -0.7689747315
 1,8 -402.42298422 -315.39001233 -1074.39668234 2 0
   1,18    -0.5773503000     0.5773503000    -0.5773503000
           0.7258574576     0.0391259904    -0.6867314672
   1,33     0.5773503000    -0.5773503000     0.5773503000
          -0.2053415956    -0.7870508982    -0.5817093026
 1,9 -366.36295643 -543.24807766 -3299.73889191 2 0
   1,11    -0.5773503000     0.5773503000     0.5773503000
          -0.1468705723     0.6221376980    -0.7690082703
   1,6     0.5773503000    -0.5773503000    -0.5773503000
           0.4073219417    -0.4091739391     0.8164958808
 1,10 -338.15608912 -570.58940681 -3195.96309380 2 0
   1,3     0.5773503000    -0.5773503000    -0.5773503000
           0.6219656554    -0.1471318333     0.7690974887
   1,6    -0.5773503000     0.5773503000     0.5773503000
           0.7707774525     0.1520936578     0.6186837948
 1,11 -408.09951551 -577.78820869 -3331.43945003 2 0
   1,9     0.5773503000    -0.5773503000    -0.5773503000
          -0.1468705723     0.6221376980    -0.7690082703
   1,97    -0.5773503000     0.5773503000     0.5773503000
          -0.1470662640     0.6220088405    -0.7690751045
 1,17 -713.84836033 -269.37441812 -93.17975040 2 0
   1,22    -0.5773503000    -0.5773503000     0.5773503000
          -0.5702604957     0.7911956836     0.2209351880
   1,4     0.5773503000     0.5773503000    -0.5773503000
          -0.1845435599     0.7810807200     0.5965371601
 1,18 -461.63867501 -308.63380500 -1066.14046225 2 0
   1,8     0.5773503000    -0.5773503000     0.5773503000
           0.7258574576     0.0391259904    -0.6867314672
   1,7    -0.5773503000     0.5773503000    -0.5773503000
          -0.1862002257    -0.7815745909    -0.5953743652
 1,21 -792.06278907 -351.32766335 -1058.76647361 1 1
   1,43     0.5773503000    -0.5773503000     0.5773503000
          -0.1862002257    -0.7815745909    -0.5953743652
 1,22 -806.07818679 -291.95748589 -92.11796808 1 1
   1,17     0.5773503000     0.5773503000    -0.5773503000
          -0.5702604957     0.7911956836     0.2209351880
 1,33 -326.27145007 -327.52052605 -1084.63540870 2 0
   1,5     0.5773503000    -0.5773503000     0.5773503000
           0.0000000000     0.0000000000     0.0000000000
   1,8    -0.5773503000     0.5773503000    -0.5773503000
          -0.2053415956    -0.7870508982    -0.5817093026
 1,43 -716.23222136 -333.30389343 -1058.86768240 2 0
   1,21    -0.5773503000     0.5773503000    -0.5773503000
          -0.1862002257    -0.7815745909    -0.5953743652
   1,2     0.5773503000    -0.5773503000     0.5773503000
           0.1407408164    -0.6261523961    -0.7668932125
 1,46 -491.65150882 185.13222811 6355.76399844 2 0
   1,47    -0.5773503000    -0.5773503000     0.5773503000
          -0.2708347903     0.8024903951     0.5316556048
   3,40     0.5773503000     0.5773503000    -0.5773503000
          -0.7598145180     0.1210416111    -0.6387729069
 1,47 -559.27578358 168.12661408 6332.54779806 2 0
   1,46     0.5773503000     0.5773503000    -0.5773503000
          -0.2708347903     0.8024903951     0.5316556048
   1,48    -0.5773503000    -0.5773503000     0.5773503000
          -0.1836642975     0.7808173223     0.5971530248
 1,48 -632.22392094 163.49961175 6314.95524061 2 0
   1,49    -0.5773503000    -0.5773503000     0.5773503000
          -0.1842968915     0.7810069158     0.5967100244
   1,47     0.5773503000     0.5773503000    -0.5773503000
          -0.1836642975     0.7808173223     0.5971530248
 1,49 -691.33008427 165.95426404 6304.71193008 2 0
   1,48     0.5773503000     0.5773503000    -0.5773503000
          -0.1842968915     0.7810069158     0.5967100244
   1,50    -0.5773503000    -0.5773503000     0.5773503000
           0.1415753916     0.6256082450     0.7671836366
 1,50 -761.67942476 178.66072264 6300.98371326 2 0
   1,51    -0.5773503000    -0.5773503000     0.5773503000
           0.1467895802     0.6221910165     0.7689805967
   1,49     0.5773503000     0.5773503000    -0.5773503000
           0.1415753916     0.6256082450     0.7671836366
 1,51 -829.02576900 194.74996772 6300.82404350 1 1
   1,50     0.5773503000     0.5773503000    -0.5773503000
           0.1467895802     0.6221910165     0.7689805967
 1,52 -573.20703860 -209.21444699 -94.52166907 2 0
   1,4    -0.5773503000    -0.5773503000     0.5773503000
          -0.5870063692     0.7849984968     0.1979921276
   1,53     0.5773503000     0.5773503000    -0.5773503000
          -0.5664014829     0.7925061706     0.2261046876
 1,53 -500.91401426 -158.58515842 -90.89309644 2 0
   1,54     0.5773503000     0.5773503000    -0.5773503000
          -0.5704364726     0.7911349024     0.2206984298
   1,52    -0.5773503000    -0.5773503000     0.5773503000
          -0.5664014829     0.7925061706     0.2261046876
 1,54 -452.66412595 -124.51742986 -89.38650982 2 0
   1,55     0.5773503000     0.5773503000    -0.5773503000
          -0.5735935891     0.7900291424     0.2164355533
   1,53    -0.5773503000    -0.5773503000     0.5773503000
          -0.5704364726     0.7911349024     0.2206984298
 1,55 -393.40110423 -82.42096585 -88.44453009 2 0
   1,54    -0.5773503000    -0.5773503000     0.5773503000
          -0.5735935891     0.7900291424     0.2164355533
   1,57     0.5773503000     0.5773503000    -0.5773503000
          -0.5733175155     0.7901269989     0.2168094833
 1,56 -303.72163755 -17.46981738 -88.37049935 2 0
   1,57    -0.5773503000    -0.5773503000     0.5773503000
          -0.5770620188     0.7887805170     0.2117184982
   1,58     0.5773503000     0.5773503000    -0.5773503000
          -0.6127801673     0.7736965676     0.1609164002
 1,57 -358.23754831 -57.05491700 -88.23170757 2 0
   1,56     0.5773503000     0.5773503000    -0.5773503000
          -0.5770620188     0.7887805170     0.2117184982
   1,55    -0.5773503000    -0.5773503000     0.5773503000
          -0.5733175155     0.7901269989     0.2168094833
 1,58 -252.31912429 21.51035607 -88.76420726 2 0
   1,56    -0.5773503000    -0.5773503000     0.5773503000
          -0.6127801673     0.7736965676     0.1609164002
   7,61     0.5773503000     0.5773503000    -0.5773503000
          -0.5681279395     0.7919251548     0.2237972153
 1,64 -268.01279057 -581.13118796 -2738.32357621 2 0
   4,42     0.5773503000    -0.5773503000     0.5773503000
          -0.6789041420     0.0533797944     0.7322839364
   1,65    -0.5773503000     0.5773503000    -0.5773503000
           0.1420513319    -0.6252975811    -0.7673489130
 1,65 -331.23873577 -597.40526390 -2729.15119243 2 0
   1,64     0.5773503000    -0.5773503000     0.5773503000
           0.1420513319    -0.6252975811    -0.7673489130
   1,66    -0.5773503000     0.5773503000    -0.5773503000
           0.1454102605    -0.6230979253    -0.7685081858
 1,66 -388.66860605 -622.73835813 -2718.78531535 2 0
   1,65     0.5773503000    -0.5773503000     0.5773503000
           0.1454102605    -0.6230979253    -0.7685081858
   1,69    -0.5773503000     0.5773503000    -0.5773503000
           0.1466031365    -0.6223137280    -0.7689168644
 1,68 -485.72956992 -714.57138315 -2705.58097563 1 1
   1,69     0.5773503000    -0.5773503000     0.5773503000
           0.3404531752    -0.4724776419    -0.8129308171
 1,69 -445.25597732 -659.77493588 -2705.02599105 2 0
   1,66     0.5773503000    -0.5773503000     0.5773503000
           0.1466031365    -0.6223137280    -0.7689168644
   1,68    -0.5773503000     0.5773503000    -0.5773503000
           0.3404531752    -0.4724776419    -0.8129308171
 1,84 -258.86993831 173.28096477 -952.33539423 2 0
   7,66     0.5773503000    -0.5773503000    -0.5773503000
           0.7874897972     0.5805465702     0.2069432270
   2,14    -0.5773503000     0.5773503000     0.5773503000
           0.7874616246     0.5806215352     0.2068400894
 1,95 -514.48267428 -693.84731808 -3366.27705324 1 1
   1,96     0.5773503000    -0.5773503000    -0.5773503000
          -0.1468597199     0.6221448427    -0.7690045626
 1,96 -490.48103057 -661.26783995 -3366.56854061 2 0
   1,95    -0.5773503000     0.5773503000     0.5773503000
          -0.1468597199     0.6221448427    -0.7690045626
   1,97     0.5773503000    -0.5773503000    -0.5773503000
          -0.3404333162     0.4724954609    -0.8129287771
 1,97 -450.31404818 -617.70228113 -3354.06180367 2 0
   1,11     0.5773503000    -0.5773503000    -0.5773503000
          -0.1470662640     0.6220088405    -0.7690751045
   1,96    -0.5773503000     0.5773503000     0.5773503000
          -0.3404333162     0.4724954609    -0.8129287771
 1,98 -435.39205217 91.76281192 -3412.28177262 2 0
   1,99     0.5773503000    -0.5773503000    -0.5773503000
           0.5695655629     0.7914348338    -0.2218692709
   1,100    -0.5773503000     0.5773503000     0.5773503000
          -0.7638030976    -0.6318087737    -0.1319943239
 1,99 -380.39194306 57.15793220 -3399.16589453 2 0
   1,98    -0.5773503000     0.5773503000     0.5773503000
           0.5695655629     0.7914348338    -0.2218692709
   1,106     0.5773503000    -0.5773503000    -0.5773503000
           0.5496726071     0.7977081987    -0.2480355916
 1,100 -497.15450354 127.11224052 -3425.47421080 2 0
   1,101    -0.5773503000     0.5773503000     0.5773503000
           0.2158131992     0.7898659072    -0.5740527081
   1,98     0.5773503000    -0.5773503000    -0.5773503000
          -0.7638030976    -0.6318087737    -0.1319943239
 1,101 -562.76201271 153.41847257 -3434.25300274 2 0
   1,100     0.5773503000    -0.5773503000    -0.5773503000
           0.2158131992     0.7898659072    -0.5740527081
   1,105    -0.5773503000     0.5773503000     0.5773503000
           0.2002926080     0.7856476923    -0.5853550843
 1,102 -760.17183095 203.18314732 -3439.21218108 2 0
   1,103    -0.5773503000     0.5773503000     0.5773503000
           0.1844502194     0.7810528004    -0.5966025810
   1,104     0.5773503000    -0.5773503000    -0.5773503000
           0.1880264814     0.7821153637    -0.5940888823
 1,103 -823.52291712 218.06042235 -3439.31809235 1 1
   1,102     0.5773503000    -0.5773503000    -0.5773503000
           0.1844502194     0.7810528004    -0.5966025810
 1,104 -712.89833343 191.98200464 -3438.93998687 2 0
   1,102    -0.5773503000     0.5773503000     0.5773503000
           0.1880264814     0.7821153637    -0.5940888823
   1,105     0.5773503000    -0.5773503000    -0.5773503000
           0.1921215135     0.7833139801    -0.5911924667
 1,105 -623.03685123 170.17720079 -3437.47579626 2 0
   1,104    -0.5773503000     0.5773503000     0.5773503000
           0.1921215135     0.7833139801    -0.5911924667
   1,101     0.5773503000    -0.5773503000    -0.5773503000
           0.2002926080     0.7856476923    -0.5853550843
 1,106 -301.19244106 5.86726982 -3379.06973294 2 0
   1,99    -0.5773503000     0.5773503000     0.5773503000
           0.5496726071     0.7977081987    -0.2480355916
   1,107     0.5773503000    -0.5773503000    -0.5773503000
           0.5269443265     0.8036084957    -0.2766641692
 1,107 -255.15094770 -24.50146071 -3366.66162796 2 0
   1,106    -0.5773503000     0.5773503000     0.5773503000
           0.5269443265     0.8036084957    -0.2766641692
   7,82     0.5773503000    -0.5773503000    -0.5773503000
           0.5151768663     0.8061726084    -0.2909957421
 2,0 -658.02230003 564.18723172 -948.83075665 1 1
   2,6     0.5773503000    -0.5773503000    -0.5773503000
           0.5619485144     0.7939658754    -0.2320173611
 2,6 -624.61261233 540.22297793 -948.39900226 2 0
   2,7     0.5773503000    -0.5773503000    -0.5773503000
           0.5592122847     0.7948354267    -0.2356231420
   2,0    -0.5773503000     0.5773503000     0.5773503000
           0.5619485144     0.7939658754    -0.2320173611
 2,7 -569.79970017 500.31951904 -947.80388618 2 0
   2,6    -0.5773503000     0.5773503000     0.5773503000
           0.5592122847     0.7948354267    -0.2356231420
   2,12     0.5773503000    -0.5773503000    -0.5773503000
           0.5526339328     0.7968424723    -0.2442085395
 2,9 -609.26875665 355.46323509 -4496.55535403 2 0
   2,11    -0.5773503000     0.5773503000    -0.5773503000
          -0.5922097981    -0.7828960928    -0.1906862946
   2,10     0.5773503000    -0.5773503000     0.5773503000
          -0.5930209557    -0.7825604851    -0.1895395295
 2,10 -569.21522283 324.69640097 -4493.56271473 2 0
   2,9    -0.5773503000     0.5773503000    -0.5773503000
          -0.5930209557    -0.7825604851    -0.1895395295
   2,35     0.5773503000    -0.5773503000     0.5773503000
          -0.5562597130    -0.7957507108    -0.2394909977
 2,11 -648.82987489 385.08751909 -4498.70754610 2 0
   2,9     0.5773503000    -0.5773503000     0.5773503000
          -0.5922097981    -0.7828960928    -0.1906862946
   2,101    -0.5773503000     0.5773503000    -0.5773503000
          -0.5817120078    -0.7870498722    -0.2053378644
 2,12 -525.66559088 467.91949497 -947.57232734 2 0
   2,7    -0.5773503000     0.5773503000     0.5773503000
           0.5526339328     0.7968424723    -0.2442085395
   2,13     0.5773503000    -0.5773503000    -0.5773503000
           0.5765981207     0.7889495926    -0.2123514719
 2,13 -450.45417321 409.00111254 -946.94147959 2 0
   2,15     0.5773503000    -0.5773503000    -0.5773503000
          -0.4647762896    -0.8137548539     0.3489785643
   2,12    -0.5773503000     0.5773503000     0.5773503000
           0.5765981207     0.7889495926    -0.2123514719
 2,14 -311.53913871 243.90876233 -948.49922258 2 0
   2,56    -0.5773503000     0.5773503000     0.5773503000
           0.7872297566     0.5812367926     0.2059929640
   1,84     0.5773503000    -0.5773503000    -0.5773503000
           0.7874616246     0.5806215352     0.2068400894
 2,15 -411.22915359 371.15183231 -946.25040480 2 0
   2,56     0.5773503000    -0.5773503000    -0.5773503000
          -0.4647762896    -0.8137548539     0.3489785643
   2,13    -0.5773503000     0.5773503000     0.5773503000
          -0.4647762896    -0.8137548539     0.3489785643
 2,27 -456.16283944 229.22317212 -4481.01829438 2 0
   0,42     0.5773503000    -0.5773503000     0.5773503000
          -0.7634367964    -0.1309731222     0.6324636742
   2,35    -0.5773503000     0.5773503000    -0.5773503000
          -0.5581680904    -0.7951618370    -0.2369937466
 2,35 -515.13791555 281.61135372 -4488.30730149 2 0
   2,27     0.5773503000    -0.5773503000     0.5773503000
          -0.5581680904    -0.7951618370    -0.2369937466
   2,10    -0.5773503000     0.5773503000    -0.5773503000
          -0.5562597130    -0.7957507108    -0.2394909977
 2,56 -369.39238263 321.47945184 -946.22560973 2 0
   2,15    -0.5773503000     0.5773503000     0.5773503000
          -0.4647762896    -0.8137548539     0.3489785643
   2,14     0.5773503000    -0.5773503000    -0.5773503000
           0.7872297566     0.5812367926     0.2059929640
 2,60 -235.38741708 819.43256852 -7267.05782374 1 1
   6,34     0.5773503000    -0.5773503000     0.5773503000
          -0.7809129332    -0.1839831196     0.5969298136
 2,101 -692.85915191 417.53528625 -4500.00097366 2 0
   2,11     0.5773503000    -0.5773503000     0.5773503000
          -0.5817120078    -0.7870498722    -0.2053378644
   2,2159    -0.5773503000     0.5773503000    -0.5773503000
          -0.5806706611    -0.7874431534    -0.2067724923
 2,2159 -739.48244508 451.16731774 -4500.09666086 1 1
   2,101     0.5773503000    -0.5773503000     0.5773503000
          -0.5806706611    -0.7874431534    -0.2067724923
 3,10 -395.48333762 686.59456130 1451.80691114 2 0
   3,29     0.5773503000    -0.5773503000     0.5773503000
          -0.6021360877    -0.7786390845    -0.1765029968
   3,87    -0.5773503000     0.5773503000    -0.5773503000
          -0.7811305214    -0.1847101382     0.5964203831
 3,13 -546.78508799 607.48059610 6446.99397496 2 0
   3,22     0.5773503000     0.5773503000    -0.5773503000
          -0.6221467025    -0.1468568950    -0.7690035975
   3,19    -0.5773503000    -0.5773503000     0.5773503000
          -0.4724808924    -0.3404495526    -0.8129304450
 3,17 -373.79330172 587.78864512 2804.02514813 2 0
   3,25    -0.5773503000     0.5773503000    -0.5773503000
          -0.7924487377    -0.5665732713     0.2258754665
   3,32     0.5773503000    -0.5773503000     0.5773503000
          -0.7924475675    -0.5665767691     0.2258707984
 3,19 -518.03796291 563.42694821 6448.21984611 2 0
   3,21    -0.5773503000    -0.5773503000     0.5773503000
          -0.6215678170    -0.1477355422    -0.7693033592
   3,13     0.5773503000     0.5773503000    -0.5773503000
          -0.4724808924    -0.3404495526    -0.8129304450
 3,20 -447.31545199 287.70609105 6402.29276480 2 0
   3,40    -0.5773503000    -0.5773503000     0.5773503000
          -0.7602635816     0.1222568893    -0.6380066923
   3,38     0.5773503000     0.5773503000    -0.5773503000
          -0.7827111630     0.1900537521    -0.5926574109
 3,21 -488.36465363 494.68460322 6439.39808195 2 0
   3,19     0.5773503000     0.5773503000    -0.5773503000
          -0.6215678170    -0.1477355422    -0.7693033592
   3,43    -0.5773503000    -0.5773503000     0.5773503000
          -0.6227189860    -0.1459869822    -0.7687059682
 3,22 -576.46195677 649.17517878 6446.77762577 1 1
   3,13    -0.5773503000    -0.5773503000     0.5773503000
          -0.6221467025    -0.1468568950    -0.7690035975
 3,25 -408.99715403 636.30399274 2803.12274761 2 0
   3,37    -0.5773503000     0.5773503000    -0.5773503000
          -0.6446558763     0.1116237882     0.7562796646
   3,17     0.5773503000    -0.5773503000     0.5773503000
          -0.7924487377    -0.5665732713     0.2258754665
 3,27 -490.87673679 629.95209324 2357.80481993 2 0
   3,34     0.5773503000    -0.5773503000    -0.5773503000
           0.7920028825     0.5678984324     0.2241044501
   3,53    -0.5773503000     0.5773503000     0.5773503000
           0.7845524567     0.5881284226     0.1964240341
 3,29 -327.87075466 634.76890613 1447.96740746 2 0
   3,10    -0.5773503000     0.5773503000    -0.5773503000
          -0.6021360877    -0.7786390845    -0.1765029968
   3,63     0.5773503000    -0.5773503000     0.5773503000
          -0.5687100876    -0.7917273205    -0.2230172329
 3,32 -335.02700759 534.46953261 2805.31813118 2 0
   3,36     0.5773503000    -0.5773503000     0.5773503000
          -0.7931087782    -0.5645837005     0.2285250777
   3,17    -0.5773503000     0.5773503000    -0.5773503000
          -0.7924475675    -0.5665767691     0.2258707984
 3,34 -456.33979156 582.23954212 2357.23000218 2 0
   3,27    -0.5773503000     0.5773503000     0.5773503000
           0.7920028825     0.5678984324     0.2241044501
   3,39     0.5773503000    -0.5773503000    -0.5773503000
           0.7909584093     0.5709459996     0.2200124097
 3,35 -335.81096503 417.44734299 2351.05762915 2 0
   3,45    -0.5773503000     0.5773503000     0.5773503000
           0.7833733662     0.5910472279     0.1923261383
   3,41     0.5773503000    -0.5773503000    -0.5773503000
           0.7900045618     0.5736628367     0.2163417251
 3,36 -297.80277489 483.34699894 2806.81009204 2 0
   3,32    -0.5773503000     0.5773503000    -0.5773503000
          -0.7931087782    -0.5645837005     0.2285250777
   3,50     0.5773503000    -0.5773503000     0.5773503000
          -0.7930854696    -0.5646545383     0.2284309312
 3,37 -436.79920605 674.72647102 2802.68994667 2 0
   3,55    -0.5773503000     0.5773503000    -0.5773503000
          -0.7942827784    -0.5609588210     0.2333239573
   3,25     0.5773503000    -0.5773503000     0.5773503000
          -0.6446558763     0.1116237882     0.7562796646
 3,38 -448.35127297 351.02129904 6418.94384027 2 0
   3,43     0.5773503000     0.5773503000    -0.5773503000
          -0.6244585069    -0.1433348802    -0.7677933871
   3,20    -0.5773503000    -0.5773503000     0.5773503000
          -0.7827111630     0.1900537521    -0.5926574109
 3,39 -416.06023254 526.88204537 2355.76716298 2 0
   3,45     0.5773503000    -0.5773503000    -0.5773503000
           0.7937439784     0.5626364986     0.2311074797
   3,34    -0.5773503000     0.5773503000     0.5773503000
           0.7909584093     0.5709459996     0.2200124097
 3,40 -457.92648040 228.36049318 6381.89920020 2 0
   3,20     0.5773503000     0.5773503000    -0.5773503000
          -0.7602635816     0.1222568893    -0.6380066923
   1,46    -0.5773503000    -0.5773503000     0.5773503000
          -0.7598145180     0.1210416111    -0.6387729069
 3,41 -301.60357940 371.18832765 2348.38486680 2 0
   3,73     0.5773503000    -0.5773503000    -0.5773503000
           0.7869558269     0.5819597291     0.2049960978
   3,35    -0.5773503000     0.5773503000     0.5773503000
           0.7900045618     0.5736628367     0.2163417251
 3,43 -461.30315753 415.65969764 6429.92387355 2 0
   3,21     0.5773503000     0.5773503000    -0.5773503000
          -0.6227189860    -0.1459869822    -0.7687059682
   3,38    -0.5773503000    -0.5773503000     0.5773503000
          -0.6244585069    -0.1433348802    -0.7677933871
 3,45 -374.78313740 470.48049613 2353.61865325 2 0
   3,39    -0.5773503000     0.5773503000     0.5773503000
           0.7937439784     0.5626364986     0.2311074797
   3,35     0.5773503000    -0.5773503000    -0.5773503000
           0.7833733662     0.5910472279     0.1923261383
 3,50 -262.79367936 435.32995390 2808.40322383 2 0
   7,22     0.5773503000    -0.5773503000     0.5773503000
          -0.7943389727    -0.5607824362     0.2335565364
   3,36    -0.5773503000     0.5773503000    -0.5773503000
          -0.7930854696    -0.5646545383     0.2284309312
 3,53 -529.21040702 683.23216892 2357.56572578 1 1
   3,27     0.5773503000    -0.5773503000    -0.5773503000
           0.7845524567     0.5881284226     0.1964240341
 3,55 -472.45774894 724.13717049 2802.53143524 1 1
   3,37     0.5773503000    -0.5773503000     0.5773503000
          -0.7942827784    -0.5609588210     0.2333239573
 3,63 -252.81583147 581.38624987 1442.84030547 2 0
   3,29    -0.5773503000     0.5773503000    -0.5773503000
          -0.5687100876    -0.7917273205    -0.2230172329
   7,31     0.5773503000    -0.5773503000     0.5773503000
          -0.5662405468    -0.7925598992    -0.2263193524
 3,73 -268.22964182 326.50523736 2345.44449590 2 0
   3,41    -0.5773503000     0.5773503000     0.5773503000
           0.7869558269     0.5819597291     0.2049960978
   7,5     0.5773503000    -0.5773503000    -0.5773503000
           0.7912785413     0.5700201830     0.2212583583
 3,87 -439.40851955 747.95770729 1452.96630757 1 1
   3,10     0.5773503000    -0.5773503000     0.5773503000
          -0.7811305214    -0.1847101382     0.5964203831
 4,0 594.04450079 -226.54312316 -8750.00000000 1 1
   4,9     0.5773503000    -0.5773503000     0.5773503000
           0.7069372599     0.7072761806     0.0003389207
 4,1 224.30063214 -475.76406505 -1008.03825089 2 0
   4,31    -0.5773503000     0.5773503000     0.5773503000
           0.0000000000     0.0000000000     0.0000000000
   4,10     0.5773503000    -0.5773503000    -0.5773503000
           0.6284529237    -0.1371992707     0.7656521944
 4,2 392.16676294 -702.81000965 -1023.00586429 2 0
   4,3    -0.5773503000     0.5773503000     0.5773503000
           0.7911150844     0.5704937946     0.2206212898
   4,4     0.5773503000    -0.5773503000    -0.5773503000
           0.7911150844     0.5704937946     0.2206212898
 4,3 358.12387597 -656.29626320 -1021.11476599 2 0
   4,5    -0.5773503000     0.5773503000     0.5773503000
           0.7027950471    -0.0085460016     0.7113410487
   4,2     0.5773503000    -0.5773503000    -0.5773503000
           0.7911150844     0.5704937946     0.2206212898
 4,4 429.95205539 -754.77354103 -1024.18856894 1 1
   4,2    -0.5773503000     0.5773503000     0.5773503000
           0.7911150844     0.5704937946     0.2206212898
 4,5 321.76662946 -606.95748599 -1018.34154372 2 0
   4,3     0.5773503000    -0.5773503000    -0.5773503000
           0.7027950471    -0.0085460016     0.7113410487
   4,6    -0.5773503000     0.5773503000     0.5773503000
           0.7027950471    -0.0085460016     0.7113410487
 4,6 287.93414832 -561.21890822 -1015.19453985 2 0
   4,10    -0.5773503000     0.5773503000     0.5773503000
           0.7027950471    -0.0085460016     0.7113410487
   4,5     0.5773503000    -0.5773503000    -0.5773503000
           0.7027950471    -0.0085460016     0.7113410487
 4,7 608.45108254 -238.28666445 -8257.76022188 2 0
   4,28     0.5773503000    -0.5773503000     0.5773503000
          -0.2740919346     0.5290285094     0.8031204440
   4,61    -0.5773503000     0.5773503000    -0.5773503000
           0.7133500095     0.7006936423    -0.0126563672
 4,8 602.26164117 -234.30132881 -8418.58395746 2 0
   4,61     0.5773503000    -0.5773503000     0.5773503000
          -0.2740919346     0.5290285094     0.8031204440
   4,30    -0.5773503000     0.5773503000    -0.5773503000
           0.7089134683     0.7052861383    -0.0036273299
 4,9 594.55926697 -227.05723614 -8680.29248767 2 0
   4,64     0.5773503000    -0.5773503000     0.5773503000
           0.7061353370     0.7080742380     0.0019389011
   4,0    -0.5773503000     0.5773503000    -0.5773503000
           0.7069372599     0.7072761806     0.0003389207
 4,10 255.77153746 -517.91798022 -1011.77083878 2 0
   4,6     0.5773503000    -0.5773503000    -0.5773503000
           0.7027950471    -0.0085460016     0.7113410487
   4,1    -0.5773503000     0.5773503000     0.5773503000
           0.6284529237    -0.1371992707     0.7656521944
 4,11 -149.29887225 -394.71164373 -5365.89904283 2 0
   4,15    -0.5773503000    -0.5773503000     0.5773503000
           0.7285925212    -0.0451337574     0.6834587639
   4,12     0.5773503000     0.5773503000    -0.5773503000
           0.7176211554    -0.0215200383     0.6961011171
 4,12 -115.51608486 -349.39630401 -5369.79477560 2 0
   4,13     0.5773503000     0.5773503000    -0.5773503000
           0.0000000000     0.0000000000     0.0000000000
   4,11    -0.5773503000    -0.5773503000     0.5773503000
           0.7176211554    -0.0215200383     0.6961011171
 4,13 -80.55869861 -302.55320621 -5373.94256672 2 0
   4,12    -0.5773503000    -0.5773503000     0.5773503000
           0.0000000000     0.0000000000     0.0000000000
   4,18     0.5773503000     0.5773503000    -0.5773503000
          -0.7923244928     0.5669440475    -0.2253804453
 4,14 -220.20040971 -489.99067775 -5358.05759783 2 0
   0,33    -0.5773503000    -0.5773503000     0.5773503000
           0.7176211555    -0.0215200385     0.6961011170
   4,15     0.5773503000     0.5773503000    -0.5773503000
           0.7176211554    -0.0215200383     0.6961011171
 4,15 -185.32550919 -443.08062714 -5361.86632483 2 0
   4,11     0.5773503000     0.5773503000    -0.5773503000
           0.7285925212    -0.0451337574     0.6834587639
   4,14    -0.5773503000    -0.5773503000     0.5773503000
           0.7176211554    -0.0215200383     0.6961011171
 4,16 765.04537653 -415.70064491 -2862.25955457 1 1
   4,20    -0.5773503000    -0.5773503000     0.5773503000
          -0.5281347555    -0.2751962499    -0.8033310053
 4,17 -62.21003502 -266.70586161 -4407.81071437 2 0
   4,19     0.5773503000    -0.5773503000     0.5773503000
          -0.7992790431    -0.5440859077     0.2551931354
   6,55    -0.5773503000     0.5773503000    -0.5773503000
          -0.7937715847    -0.5625511283     0.2312204564
 4,18 -39.98037033 -248.36300123 -5378.81667689 2 0
   6,52     0.5773503000     0.5773503000    -0.5773503000
          -0.7905395765     0.5721465350    -0.2183930415
   4,13    -0.5773503000    -0.5773503000     0.5773503000
          -0.7923244928     0.5669440475    -0.2253804453
 4,19 -12.70901060 -339.48247854 -4411.36249839 2 0
   4,21     0.5773503000    -0.5773503000     0.5773503000
          -0.7996806632    -0.5426098229     0.2570708404
   4,17    -0.5773503000     0.5773503000    -0.5773503000
          -0.7992790431    -0.5440859077     0.2551931354
 4,20 696.27497351 -364.63250769 -2863.25773889 2 0
   4,16     0.5773503000     0.5773503000    -0.5773503000
          -0.5281347555    -0.2751962499    -0.8033310053
   4,854    -0.5773503000    -0.5773503000     0.5773503000
          -0.7619911252     0.1269736267    -0.6350174984
 4,21 26.87876742 -403.25206285 -4414.31992950 2 0
   4,22     0.5773503000    -0.5773503000     0.5773503000
          -0.8133870717    -0.3450404447     0.4683466270
   4,19    -0.5773503000     0.5773503000    -0.5773503000
          -0.7996806632    -0.5426098229     0.2570708404
 4,22 57.14827116 -468.24724972 -4414.36716619 2 0
   4,23     0.5773503000    -0.5773503000     0.5773503000
          -0.7810814371    -0.1845459578     0.5965354793
   4,21    -0.5773503000     0.5773503000    -0.5773503000
          -0.8133870717    -0.3450404447     0.4683466270
 4,23 84.93691464 -546.78373481 -4411.12634894 2 0
   4,22    -0.5773503000     0.5773503000    -0.5773503000
          -0.7810814371    -0.1845459578     0.5965354793
   4,24     0.5773503000    -0.5773503000     0.5773503000
          -0.7828051592    -0.1903750640     0.5924300952
 4,24 109.76065729 -630.33637737 -4406.57586486 2 0
   4,25     0.5773503000    -0.5773503000     0.5773503000
          -0.7819679376    -0.1875273189     0.5944406187
   4,23    -0.5773503000     0.5773503000    -0.5773503000
          -0.7828051592    -0.1903750640     0.5924300952
 4,25 130.78207652 -707.26845293 -4403.25698467 2 0
   4,24    -0.5773503000     0.5773503000    -0.5773503000
          -0.7819679376    -0.1875273189     0.5944406187
   4,26     0.5773503000    -0.5773503000     0.5773503000
          -0.7819118276    -0.1873375935     0.5945742341
 4,26 147.00438607 -770.73715847 -4401.65162247 2 0
   4,27     0.5773503000    -0.5773503000     0.5773503000
          -0.7810450800    -0.1844244148     0.5966206653
   4,25    -0.5773503000     0.5773503000    -0.5773503000
          -0.7819118276    -0.1873375935     0.5945742341
 4,27 162.76278904 -836.57691758 -4401.36782677 1 1
   4,26    -0.5773503000     0.5773503000    -0.5773503000
          -0.7810450800    -0.1844244148     0.5966206653
 4,28 616.17713673 -236.10351650 -8172.14397923 2 0
   4,7    -0.5773503000     0.5773503000    -0.5773503000
          -0.2740919346     0.5290285094     0.8031204440
   6,3     0.5773503000    -0.5773503000     0.5773503000
           0.7068624610     0.7073508484     0.0004883875
 4,29 74.74220880 -276.05602427 -988.04965016 2 0
   4,32     0.5773503000    -0.5773503000    -0.5773503000
          -0.3519519768    -0.8140178009     0.4620658241
   7,75    -0.5773503000     0.5773503000     0.5773503000
          -0.3023703432    -0.8080178228     0.5056474796
 4,30 600.49816207 -232.76147285 -8467.62016972 2 0
   4,63    -0.5773503000     0.5773503000    -0.5773503000
          -0.2740919346     0.5290285094     0.8031204440
   4,8     0.5773503000    -0.5773503000     0.5773503000
           0.7089134683     0.7052861383    -0.0036273299
 4,31 190.34945304 -430.29443067 -1003.60618451 2 0
   4,1     0.5773503000    -0.5773503000    -0.5773503000
           0.0000000000     0.0000000000     0.0000000000
   4,33    -0.5773503000     0.5773503000     0.5773503000
           0.6133527611    -0.1600663676     0.7734191286
 4,32 114.58979628 -329.18781528 -993.38918913 2 0
   4,29    -0.5773503000     0.5773503000     0.5773503000
          -0.3519519768    -0.8140178009     0.4620658241
   4,33     0.5773503000    -0.5773503000    -0.5773503000
           0.5646802028    -0.2283968186     0.7930770214
 4,33 154.05519010 -381.92768212 -998.71588712 2 0
   4,32    -0.5773503000     0.5773503000     0.5773503000
           0.5646802028    -0.2283968186     0.7930770214
   4,31     0.5773503000    -0.5773503000    -0.5773503000
           0.6133527611    -0.1600663676     0.7734191286
 4,34 -207.28811466 -377.38465439 -1110.02509160 2 0
   4,35     0.5773503000    -0.5773503000     0.5773503000
          -0.7768347651    -0.1707115931     0.6061231721
   1,5    -0.5773503000     0.5773503000    -0.5773503000
           0.6751451400     0.7352335814     0.0600884414
 4,35 -180.78471080 -428.50580089 -1122.91328712 2 0
   4,34    -0.5773503000     0.5773503000    -0.5773503000
          -0.7768347651    -0.1707115931     0.6061231721
   4,36     0.5773503000    -0.5773503000     0.5773503000
           0.0723505365    -0.6681499761    -0.7405005127
 4,36 -165.07069489 -496.52758576 -1131.53959033 2 0
   4,35    -0.5773503000     0.5773503000    -0.5773503000
           0.0723505365    -0.6681499761    -0.7405005127
   4,37     0.5773503000    -0.5773503000     0.5773503000
           0.3711109063    -0.4442917675    -0.8154026738
 4,37 -155.51768996 -555.35990481 -1138.22462105 2 0
   4,38     0.5773503000    -0.5773503000     0.5773503000
           0.0000000000     0.0000000000     0.0000000000
   4,36    -0.5773503000     0.5773503000    -0.5773503000
           0.3711109063    -0.4442917675    -0.8154026738
 4,38 -148.27866942 -616.48413689 -1145.23327690 2 0
   4,37    -0.5773503000     0.5773503000    -0.5773503000
           0.0000000000     0.0000000000     0.0000000000
   4,41     0.5773503000    -0.5773503000     0.5773503000
           0.7178454702     0.0219903818    -0.6958550884
 4,39 -174.43519309 -833.82143676 -1148.79771338 1 1
   4,40    -0.5773503000     0.5773503000    -0.5773503000
          -0.6201384635     0.1498994787     0.7700379422
 4,40 -158.38366133 -764.18637824 -1149.10775004 2 0
   4,41    -0.5773503000     0.5773503000    -0.5773503000
          -0.7810354814    -0.1843923358     0.5966431456
   4,39     0.5773503000    -0.5773503000     0.5773503000
          -0.6201384635     0.1498994787     0.7700379422
 4,41 -146.45966446 -679.63022677 -1150.32616476 2 0
   4,38    -0.5773503000     0.5773503000    -0.5773503000
           0.7178454702     0.0219903818    -0.6958550884
   4,40     0.5773503000    -0.5773503000     0.5773503000
          -0.7810354814    -0.1843923358     0.5966431456
 4,42 -212.39303563 -581.56052850 -2751.88323847 2 0
   4,43     0.5773503000    -0.5773503000     0.5773503000
          -0.1755881084    -0.7783565873    -0.6027684789
   1,64    -0.5773503000     0.5773503000    -0.5773503000
          -0.6789041420     0.0533797944     0.7322839364
 4,43 -166.08304836 -599.06820986 -2771.19610663 2 0
   4,42    -0.5773503000     0.5773503000    -0.5773503000
          -0.1755881084    -0.7783565873    -0.6027684789
   4,44     0.5773503000    -0.5773503000     0.5773503000
          -0.7840602750    -0.1947052433     0.5893550317
 4,44 -136.61635165 -647.14655951 -2795.11640581 2 0
   4,43    -0.5773503000     0.5773503000    -0.5773503000
          -0.7840602750    -0.1947052433     0.5893550317
   4,45     0.5773503000    -0.5773503000     0.5773503000
           0.6587779786    -0.0883533730    -0.7471313515
 4,45 -129.60083778 -721.68074210 -2811.56780934 2 0
   4,44    -0.5773503000     0.5773503000    -0.5773503000
           0.6587779786    -0.0883533730    -0.7471313515
   4,46     0.5773503000    -0.5773503000     0.5773503000
          -0.6244936658     0.1432811532     0.7677748189
 4,46 -141.79773086 -800.07928474 -2815.65337773 2 0
   4,45    -0.5773503000     0.5773503000    -0.5773503000
          -0.6244936658     0.1432811532     0.7677748189
   4,47     0.5773503000    -0.5773503000     0.5773503000
          -0.6232714169     0.1451460289     0.7684174459
 4,47 -151.33974516 -839.27353244 -2815.89315032 1 1
   4,46    -0.5773503000     0.5773503000    -0.5773503000
          -0.6232714169     0.1451460289     0.7684174459
 4,48 5.49660156 -334.72573070 -3262.56135278 2 0
   4,49    -0.5773503000     0.5773503000     0.5773503000
           0.8143736169     0.4581447229     0.3562288940
   4,57     0.5773503000    -0.5773503000    -0.5773503000
           0.7918594488     0.5683216036     0.2235378452
 4,49 -43.66006068 -257.58611889 -3284.26957296 2 0
   7,79    -0.5773503000     0.5773503000     0.5773503000
           0.8028951209     0.5299760344     0.2729190865
   4,48     0.5773503000    -0.5773503000    -0.5773503000
           0.8143736169     0.4581447229     0.3562288940
 4,50 749.80858118 -436.84056921 -2895.25782800 1 1
   4,854     0.5773503000     0.5773503000    -0.5773503000
          -0.7809200822     0.1840069742    -0.5969131081
 4,51 179.82852264 -832.54824436 -3222.01132724 1 1
   4,54    -0.5773503000     0.5773503000     0.5773503000
           0.7911906581     0.5702750556     0.2209156026
 4,52 113.73203373 -557.49580759 -3222.10720152 2 0
   4,53    -0.5773503000     0.5773503000     0.5773503000
           0.7810858847     0.1845608301     0.5965250546
   4,55     0.5773503000    -0.5773503000    -0.5773503000
           0.7810417789     0.1844133817     0.5966283972
 4,53 92.48177298 -483.27551034 -3227.21850333 2 0
   4,52     0.5773503000    -0.5773503000    -0.5773503000
           0.7810858847     0.1845608301     0.5965250546
   4,59    -0.5773503000     0.5773503000     0.5773503000
          -0.4112891147    -0.8164890123     0.4051998976
 4,54 165.98103954 -775.69134701 -3221.45659566 2 0
   4,51     0.5773503000    -0.5773503000    -0.5773503000
           0.7911906581     0.5702750556     0.2209156026
   4,56    -0.5773503000     0.5773503000     0.5773503000
           0.7820453549     0.1877893210     0.5942560339
 4,55 136.74020988 -654.07715089 -3220.86674135 2 0
   4,52    -0.5773503000     0.5773503000     0.5773503000
           0.7810417789     0.1844133817     0.5966283972
   4,56     0.5773503000    -0.5773503000    -0.5773503000
           0.7830149627     0.1910937189     0.5919212438
 4,56 150.06070855 -709.68969258 -3220.98151017 2 0
   4,54     0.5773503000    -0.5773503000    -0.5773503000
           0.7820453549     0.1877893210     0.5942560339
   4,55    -0.5773503000     0.5773503000     0.5773503000
           0.7830149627     0.1910937189     0.5919212438
 4,57 38.99949658 -387.72585733 -3248.50693412 2 0
   4,48    -0.5773503000     0.5773503000     0.5773503000
           0.7918594488     0.5683216036     0.2235378452
   4,59     0.5773503000    -0.5773503000    -0.5773503000
           0.7911053305     0.5705219969     0.2205833337
 4,58 820.00389926 -232.96722124 -8095.78708663 1 1
   6,5    -0.5773503000     0.5773503000    -0.5773503000
          -0.2004162495    -0.7856824096    -0.5852661601
 4,59 62.25293703 -425.77714297 -3239.06597158 2 0
   4,53     0.5773503000    -0.5773503000    -0.5773503000
          -0.4112891147    -0.8164890123     0.4051998976
   4,57    -0.5773503000     0.5773503000     0.5773503000
           0.7911053305     0.5705219969     0.2205833337
 4,61 604.70534096 -236.40387706 -8349.33167016 2 0
   4,8    -0.5773503000     0.5773503000    -0.5773503000
          -0.2740919346     0.5290285094     0.8031204440
   4,7     0.5773503000    -0.5773503000     0.5773503000
           0.7133500095     0.7006936423    -0.0126563672
 4,63 597.90413863 -230.33810525 -8544.19299352 2 0
   4,64    -0.5773503000     0.5773503000    -0.5773503000
          -0.7226500312    -0.0321856844     0.6904643468
   4,30     0.5773503000    -0.5773503000     0.5773503000
          -0.2740919346     0.5290285094     0.8031204440
 4,64 596.01503500 -228.53973790 -8608.26240317 2 0
   4,63     0.5773503000    -0.5773503000     0.5773503000
          -0.7226500312    -0.0321856844     0.6904643468
   4,9    -0.5773503000     0.5773503000    -0.5773503000
           0.7061353370     0.7080742380     0.0019389011
 4,854 705.94945124 -404.20089357 -2895.81666733 2 0
   4,50    -0.5773503000    -0.5773503000     0.5773503000
          -0.7809200822     0.1840069742    -0.5969131081
   4,20     0.5773503000     0.5773503000    -0.5773503000
          -0.7619911252     0.1269736267    -0.6350174984
 5,0 562.32168812 -526.95342029 7023.72725103 2 0
   5,18    -0.5773503000    -0.5773503000     0.5773503000
          -0.6323489255    -0.1311521822    -0.7635011077
   5,5     0.5773503000     0.5773503000    -0.5773503000
          -0.6327726528    -0.1304907008    -0.7632633536
 5,1 465.88322130 -308.16054847 2295.86020229 2 0
   5,22    -0.5773503000     0.5773503000     0.5773503000
           0.6100102937     0.7750217223    -0.1650114285
   5,25     0.5773503000    -0.5773503000    -0.5773503000
           0.5712640726     0.7908478511    -0.2195837785
 5,2 550.11576670 -370.03268178 2292.18108240 2 0
   5,25    -0.5773503000     0.5773503000     0.5773503000
           0.5626217643     0.7937487445    -0.2311269801
   5,40     0.5773503000    -0.5773503000    -0.5773503000
           0.5729821088     0.7902455852    -0.2172634764
 5,3 569.32004210 -384.51587856 2814.40438312 2 0
   5,16    -0.5773503000     0.5773503000    -0.5773503000
           0.0000000000     0.0000000000     0.0000000000
   5,23     0.5773503000    -0.5773503000     0.5773503000
          -0.5688051954    -0.7916949072    -0.2228897117
 5,5 627.92164734 -538.95656039 7056.57716705 2 0
   5,169     0.5773503000     0.5773503000    -0.5773503000
           0.1468340743     0.6221617261     0.7689958005
   5,0    -0.5773503000    -0.5773503000     0.5773503000
          -0.6327726528    -0.1304907008    -0.7632633536
 5,9 658.56625210 -448.91293683 2288.93045021 2 0
   5,47     0.5773503000    -0.5773503000    -0.5773503000
           0.5654554301     0.7928209589    -0.2273655288
   5,40    -0.5773503000     0.5773503000     0.5773503000
           0.5703694262     0.7911580704    -0.2207886442
 5,16 496.45589664 -331.52737087 2813.40706283 2 0
   5,3     0.5773503000    -0.5773503000     0.5773503000
           0.0000000000     0.0000000000     0.0000000000
   5,33    -0.5773503000     0.5773503000    -0.5773503000
          -0.5641888446    -0.7932384438    -0.2290495993
 5,18 560.78168093 -557.37593168 7002.73186349 2 0
   5,24    -0.5773503000    -0.5773503000     0.5773503000
          -0.6247967436    -0.1428178098    -0.7676145533
   5,0     0.5773503000     0.5773503000    -0.5773503000
          -0.6323489255    -0.1311521822    -0.7635011077
 5,22 409.94573371 -266.85870761 2298.81524895 2 0
   5,1     0.5773503000    -0.5773503000    -0.5773503000
           0.6100102937     0.7750217223    -0.1650114285
   5,38    -0.5773503000     0.5773503000     0.5773503000
           0.5760359168     0.7891536355    -0.2131177187
 5,23 623.43596546 -423.74924024 2815.09478755 2 0
   5,81     0.5773503000    -0.5773503000     0.5773503000
          -0.6838445601    -0.7282737563    -0.0444291961
   5,3    -0.5773503000     0.5773503000    -0.5773503000
          -0.5688051954    -0.7916949072    -0.2228897117
 5,24 609.54996799 -625.32668961 7002.81486179 1 1
   5,18     0.5773503000     0.5773503000    -0.5773503000
          -0.6247967436    -0.1428178098    -0.7676145533
 5,25 504.73984567 -336.82010885 2294.06545960 2 0
   5,2     0.5773503000    -0.5773503000    -0.5773503000
           0.5626217643     0.7937487445    -0.2311269801
   5,1    -0.5773503000     0.5773503000     0.5773503000
           0.5712640726     0.7908478511    -0.2195837785
 5,33 430.17422948 -283.46841043 2812.39730395 2 0
   5,37    -0.5773503000     0.5773503000    -0.5773503000
          -0.4563705538    -0.8145251427    -0.3581545888
   5,16     0.5773503000    -0.5773503000     0.5773503000
          -0.5641888446    -0.7932384438    -0.2290495993
 5,37 369.79159018 -239.76032435 2811.34069503 2 0
   7,15    -0.5773503000     0.5773503000    -0.5773503000
          -0.1029318017    -0.7529313548    -0.6499995532
   5,33     0.5773503000    -0.5773503000     0.5773503000
          -0.4563705538    -0.8145251427    -0.3581545888
 5,38 363.63573666 -232.76095675 2301.61398502 2 0
   7,17    -0.5773503000     0.5773503000     0.5773503000
           0.5868731846     0.7850511760    -0.1981779914
   5,22     0.5773503000    -0.5773503000    -0.5773503000
           0.5760359168     0.7891536355    -0.2131177187
 5,40 608.14516732 -412.28970227 2290.16822938 2 0
   5,9     0.5773503000    -0.5773503000    -0.5773503000
           0.5703694262     0.7911580704    -0.2207886442
   5,2    -0.5773503000     0.5773503000     0.5773503000
           0.5729821088     0.7902455852    -0.2172634764
 5,47 712.79441135 -488.19498660 2288.21958853 1 1
   5,9    -0.5773503000     0.5773503000     0.5773503000
           0.5654554301     0.7928209589    -0.2273655288
 5,81 662.90489734 -452.31460445 2815.47903141 2 0
   5,2453     0.5773503000    -0.5773503000     0.5773503000
          -0.2062813604    -0.7873087884    -0.5810274280
   5,23    -0.5773503000     0.5773503000    -0.5773503000
          -0.6838445601    -0.7282737563    -0.0444291961
 5,169 659.70528341 -561.85221701 7056.59217880 1 1
   5,5    -0.5773503000    -0.5773503000     0.5773503000
           0.1468340743     0.6221617261     0.7689958005
 5,2453 712.71083123 -488.31094783 2815.82737696 1 1
   5,81    -0.5773503000     0.5773503000    -0.5773503000
          -0.2062813604    -0.7873087884    -0.5810274280
 6,0 624.64725288 610.49263610 -7409.14322501 1 1
   6,79    -0.5773503000     0.5773503000    -0.5773503000
          -0.1839223805    -0.7808947273    -0.5969723468
 6,1 232.40029761 488.41161286 -7363.96213639 2 0
   6,30    -0.5773503000     0.5773503000    -0.5773503000
          -0.1896865326    -0.7826035912    -0.5929170586
   6,62     0.5773503000    -0.5773503000     0.5773503000
          -0.1836312767    -0.7808074131    -0.5971761364
 6,2 494.48680167 533.16629668 -7404.23437650 2 0
   6,80    -0.5773503000     0.5773503000    -0.5773503000
           0.1468526766    -0.6221494797    -0.7690021563
   6,79     0.5773503000    -0.5773503000     0.5773503000
           0.1455946085    -0.6229768383    -0.7685714468
 6,3 656.03004992 -215.91436226 -8106.69813301 2 0
   6,4     0.5773503000    -0.5773503000     0.5773503000
          -0.2776318465    -0.8037899215    -0.5261580750
   4,28    -0.5773503000     0.5773503000    -0.5773503000
           0.7068624610     0.7073508484     0.0004883875
 6,4 715.14213461 -212.91838023 -8096.27934227 2 0
   6,3    -0.5773503000     0.5773503000    -0.5773503000
          -0.2776318465    -0.8037899215    -0.5261580750
   6,5     0.5773503000    -0.5773503000     0.5773503000
          -0.1898688387    -0.7826570147    -0.5927881759
 6,5 775.42851256 -222.51519897 -8095.70179033 2 0
   4,58     0.5773503000    -0.5773503000     0.5773503000
          -0.2004162495    -0.7856824096    -0.5852661601
   6,4    -0.5773503000     0.5773503000    -0.5773503000
          -0.1898688387    -0.7826570147    -0.5927881759
 6,6 286.79705233 127.98953949 -5407.58443670 2 0
   6,8     0.5773503000     0.5773503000    -0.5773503000
          -0.5722623141     0.7904989622     0.2182366481
   6,9    -0.5773503000    -0.5773503000     0.5773503000
          -0.5828151601     0.7866296180     0.2038144579
 6,7 371.94237578 192.44785099 -5413.25104338 2 0
   6,16     0.5773503000     0.5773503000    -0.5773503000
          -0.5316530358    -0.2708379836    -0.8024910194
   6,8    -0.5773503000    -0.5773503000     0.5773503000
          -0.5925300238     0.7827638589     0.1902338352
 6,8 323.59514919 156.14417538 -5409.98755133 2 0
   6,6    -0.5773503000    -0.5773503000     0.5773503000
          -0.5722623141     0.7904989622     0.2182366481
   6,7     0.5773503000     0.5773503000    -0.5773503000
          -0.5925300238     0.7827638589     0.1902338352
 6,9 224.72484869 78.06745579 -5403.73242019 2 0
   6,47    -0.5773503000    -0.5773503000     0.5773503000
          -0.4383965263     0.8157352396     0.3773387134
   6,6     0.5773503000     0.5773503000    -0.5773503000
          -0.5828151601     0.7866296180     0.2038144579
 6,10 248.66129468 543.85287502 -4397.01605326 2 0
   6,11     0.5773503000     0.5773503000    -0.5773503000
          -0.0461447178     0.7290489865     0.6829042687
   6,41    -0.5773503000    -0.5773503000     0.5773503000
          -0.2812024269     0.8044490095     0.5232465826
 6,11 278.60159224 585.05301937 -4397.67958607 2 0
   6,10    -0.5773503000    -0.5773503000     0.5773503000
          -0.0461447178     0.7290489865     0.6829042687
   6,12     0.5773503000     0.5773503000    -0.5773503000
          -0.7964242777     0.5540366472    -0.2423876306
 6,12 312.56893255 631.88712568 -4398.33957504 2 0
   6,11    -0.5773503000    -0.5773503000     0.5773503000
          -0.7964242777     0.5540366472    -0.2423876306
   6,13     0.5773503000     0.5773503000    -0.5773503000
          -0.7993533423     0.5438143680    -0.2555389743
 6,13 347.32964559 679.90579164 -4398.90827791 2 0
   6,12    -0.5773503000    -0.5773503000     0.5773503000
          -0.7993533423     0.5438143680    -0.2555389743
   6,14     0.5773503000     0.5773503000    -0.5773503000
          -0.7894343418     0.5752582051    -0.2141761367
 6,14 375.14372770 718.38305901 -4399.19725716 2 0
   6,15     0.5773503000     0.5773503000    -0.5773503000
          -0.7964242777     0.5540366472    -0.2423876306
   6,13    -0.5773503000    -0.5773503000     0.5773503000
          -0.7894343418     0.5752582051    -0.2141761367
 6,15 411.17122125 768.31000039 -4399.34748588 1 1
   6,14    -0.5773503000    -0.5773503000     0.5773503000
          -0.7964242777     0.5540366472    -0.2423876306
 6,16 425.62822026 232.38435294 -5416.69064730 2 0
   6,7    -0.5773503000    -0.5773503000     0.5773503000
          -0.5316530358    -0.2708379836    -0.8024910194
   6,22     0.5773503000     0.5773503000    -0.5773503000
          -0.6400434752    -0.1190207005    -0.7590641756
 6,17 530.92096320 310.04459941 -5422.02809269 2 0
   6,22    -0.5773503000    -0.5773503000     0.5773503000
          -0.6400434751    -0.1190207006    -0.7590641757
   6,18     0.5773503000     0.5773503000    -0.5773503000
          -0.5627120855     0.7937195188     0.2310074333
 6,18 585.61724677 350.21295094 -5424.07343689 2 0
   6,20     0.5773503000     0.5773503000    -0.5773503000
          -0.4451703408    -0.3701774514    -0.8153477922
   6,17    -0.5773503000    -0.5773503000     0.5773503000
          -0.5627120855     0.7937195188     0.2310074333
 6,19 681.48518140 420.08569112 -5426.19623258 2 0
   6,20    -0.5773503000    -0.5773503000     0.5773503000
           0.0000000000     0.0000000000     0.0000000000
   6,21     0.5773503000     0.5773503000    -0.5773503000
          -0.6088515743     0.7755678256     0.1667162513
 6,20 637.31405869 387.99284424 -5425.49484097 2 0
   6,19     0.5773503000     0.5773503000    -0.5773503000
           0.0000000000     0.0000000000     0.0000000000
   6,18    -0.5773503000    -0.5773503000     0.5773503000
          -0.4451703408    -0.3701774514    -0.8153477922
 6,21 734.37748950 458.25006526 -5426.34250450 1 1
   6,19    -0.5773503000    -0.5773503000     0.5773503000
          -0.6088515743     0.7755678256     0.1667162513
 6,22 477.11090481 270.42631524 -5419.53346504 2 0
   6,17     0.5773503000     0.5773503000    -0.5773503000
          -0.6400434751    -0.1190207006    -0.7590641757
   6,16    -0.5773503000    -0.5773503000     0.5773503000
          -0.6400434752    -0.1190207005    -0.7590641756
 6,23 56.21252533 507.84479925 -7335.29109458 2 0
   6,25    -0.5773503000     0.5773503000    -0.5773503000
          -0.1880183606    -0.7821129676    -0.5940946070
   6,24     0.5773503000    -0.5773503000     0.5773503000
          -0.1897872096    -0.7826330986    -0.5928458890
 6,24 104.20207349 501.01085081 -7341.61210621 2 0
   6,30     0.5773503000    -0.5773503000     0.5773503000
          -0.1905387096    -0.7828529862    -0.5923142765
   6,23    -0.5773503000     0.5773503000    -0.5773503000
          -0.1897872096    -0.7826330986    -0.5928458890
 6,25 3.26062766 516.54274577 -7329.81590610 2 0
   6,23     0.5773503000    -0.5773503000     0.5773503000
          -0.1880183606    -0.7821129676    -0.5940946070
   6,26    -0.5773503000     0.5773503000    -0.5773503000
          -0.1987937137    -0.7852254029    -0.5864316892
 6,26 -88.89453427 536.59127252 -7321.47927957 2 0
   6,28    -0.5773503000     0.5773503000    -0.5773503000
          -0.1954221530    -0.7842659808    -0.5888438278
   6,25     0.5773503000    -0.5773503000     0.5773503000
          -0.1987937137    -0.7852254029    -0.5864316892
 6,27 -152.99386762 680.92159796 -7480.64652420 2 0
   6,31     0.5773503000     0.5773503000     0.5773503000
           0.6222328643     0.1467260046    -0.7689588689
   6,33    -0.5773503000    -0.5773503000    -0.5773503000
           0.7809885218    -0.1842354510    -0.5967530707
 6,28 -141.26466312 558.33250196 -7309.73557894 2 0
   6,32    -0.5773503000     0.5773503000    -0.5773503000
          -0.5720816160    -0.7905623323    -0.2184807163
   6,26     0.5773503000    -0.5773503000     0.5773503000
          -0.1954221530    -0.7842659808    -0.5888438278
 6,29 -181.27499038 373.36684977 -7423.49981521 2 0
   6,39     0.5773503000     0.5773503000     0.5773503000
           0.7859889543    -0.2015107367    -0.5844782175
   6,38    -0.5773503000    -0.5773503000    -0.5773503000
           0.7824218960    -0.1890674778    -0.5933544181
 6,30 173.51351524 493.13623326 -7352.61903441 2 0
   6,1     0.5773503000    -0.5773503000     0.5773503000
          -0.1896865326    -0.7826035912    -0.5929170586
   6,24    -0.5773503000     0.5773503000    -0.5773503000
          -0.1905387096    -0.7828529862    -0.5923142765
 6,31 -170.38584540 765.99580949 -7479.65380320 2 0
   6,40     0.5773503000     0.5773503000     0.5773503000
           0.7810463672    -0.1844287169    -0.5966176503
   6,27    -0.5773503000    -0.5773503000    -0.5773503000
           0.6222328643     0.1467260046    -0.7689588689
 6,32 -177.35112963 595.13689837 -7291.85423950 2 0
   6,36    -0.5773503000     0.5773503000    -0.5773503000
          -0.7967862111    -0.2439625374     0.5528236737
   6,28     0.5773503000    -0.5773503000     0.5773503000
          -0.5720816160    -0.7905623323    -0.2184807163
 6,33 -158.47605117 583.63151907 -7458.99021937 2 0
   6,37    -0.5773503000    -0.5773503000    -0.5773503000
           0.7810867453    -0.1845637082    -0.5965230372
   6,27     0.5773503000     0.5773503000     0.5773503000
           0.7809885218    -0.1842354510    -0.5967530707
 6,34 -224.71060488 772.71564197 -7267.52499908 2 0
   2,60    -0.5773503000     0.5773503000    -0.5773503000
          -0.7809129332    -0.1839831196     0.5969298136
   6,35     0.5773503000    -0.5773503000     0.5773503000
          -0.7793533511    -0.1788301304     0.6005232207
 6,35 -211.79195213 713.78702984 -7270.41647232 2 0
   6,36     0.5773503000    -0.5773503000     0.5773503000
          -0.7959216461    -0.2402219566     0.5556996895
   6,34    -0.5773503000     0.5773503000    -0.5773503000
          -0.7793533511    -0.1788301304     0.6005232207
 6,36 -196.78610963 645.40139640 -7278.19068532 2 0
   6,32     0.5773503000    -0.5773503000     0.5773503000
          -0.7967862111    -0.2439625374     0.5528236737
   6,35    -0.5773503000     0.5773503000    -0.5773503000
          -0.7959216461    -0.2402219566     0.5556996895
 6,37 -165.83547457 502.40065105 -7442.65164733 2 0
   6,33     0.5773503000     0.5773503000     0.5773503000
           0.7810867453    -0.1845637082    -0.5965230372
   6,39    -0.5773503000    -0.5773503000    -0.5773503000
           0.7822376646    -0.1884413123    -0.5937963522
 6,38 -194.61598350 282.75117921 -7412.11961290 2 0
   6,53    -0.5773503000    -0.5773503000    -0.5773503000
           0.7837635848    -0.1936748743    -0.5900887105
   6,29     0.5773503000     0.5773503000     0.5773503000
           0.7824218960    -0.1890674778    -0.5933544181
 6,39 -171.43502353 451.48731788 -7434.24925374 2 0
   6,29    -0.5773503000    -0.5773503000    -0.5773503000
           0.7859889543    -0.2015107367    -0.5844782175
   6,37     0.5773503000     0.5773503000     0.5773503000
           0.7822376646    -0.1884413123    -0.5937963522
 6,40 -184.72147670 831.39317459 -7478.76591370 1 1
   6,31    -0.5773503000    -0.5773503000    -0.5773503000
           0.7810463672    -0.1844287169    -0.5966176503
 6,41 215.14376751 497.76334019 -4396.18745774 2 0
   6,10     0.5773503000     0.5773503000    -0.5773503000
          -0.2812024269     0.8044490095     0.5232465826
   6,42    -0.5773503000    -0.5773503000     0.5773503000
          -0.7916272185     0.5690035633    -0.2226236552
 6,42 178.89148159 447.75185654 -4395.43901672 2 0
   6,41     0.5773503000     0.5773503000    -0.5773503000
          -0.7916272185     0.5690035633    -0.2226236552
   6,44    -0.5773503000    -0.5773503000     0.5773503000
          -0.7824670446     0.5932458809    -0.1892211637
 6,43 59.95665195 281.94948914 -4396.12922595 2 0
   6,45     0.5773503000     0.5773503000    -0.5773503000
           0.2889212835     0.5168965756     0.8058178591
   6,46    -0.5773503000    -0.5773503000     0.5773503000
           0.8158585732    -0.3799812734     0.4358772997
 6,44 140.45920868 394.39358454 -4395.13065659 2 0
   6,45    -0.5773503000    -0.5773503000     0.5773503000
          -0.2812024269     0.8044490095     0.5232465826
   6,42     0.5773503000     0.5773503000    -0.5773503000
          -0.7824670446     0.5932458809    -0.1892211637
 6,45 100.79939817 339.07853927 -4395.37250162 2 0
   6,44     0.5773503000     0.5773503000    -0.5773503000
          -0.2812024269     0.8044490095     0.5232465826
   6,43    -0.5773503000    -0.5773503000     0.5773503000
           0.2889212835     0.5168965756     0.8058178591
 6,46 19.04529940 224.35546256 -4397.28183267 2 0
   6,43     0.5773503000     0.5773503000    -0.5773503000
           0.8158585732    -0.3799812734     0.4358772997
   6,59    -0.5773503000    -0.5773503000     0.5773503000
          -0.7954766901     0.5571517278    -0.2383249623
 6,47 181.23928177 36.22855007 -5401.18764092 2 0
   6,48    -0.5773503000    -0.5773503000     0.5773503000
          -0.7963167729     0.5543944190    -0.2419223540
   6,9     0.5773503000     0.5773503000    -0.5773503000
          -0.4383965263     0.8157352396     0.3773387134
 6,48 141.60625206 -8.80147882 -5398.39408481 2 0
   6,47     0.5773503000     0.5773503000    -0.5773503000
          -0.7963167729     0.5543944190    -0.2419223540
   6,50    -0.5773503000    -0.5773503000     0.5773503000
          -0.7990047445     0.5450824659    -0.2539222786
 6,49 -224.39227661 166.62575800 -7391.47176114 2 0
   6,53     0.5773503000     0.5773503000     0.5773503000
           0.7865411388    -0.2034949711    -0.5830461677
   0,52    -0.5773503000    -0.5773503000    -0.5773503000
          -0.4442052658     0.8154080023    -0.3712027366
 6,50 96.30206344 -66.66404190 -5394.16554537 2 0
   6,48     0.5773503000     0.5773503000    -0.5773503000
          -0.7990047445     0.5450824659    -0.2539222786
   6,51    -0.5773503000    -0.5773503000     0.5773503000
          -0.7878801638     0.5795031053    -0.2083770585
 6,51 49.77156568 -128.27035029 -5389.17356514 2 0
   6,52    -0.5773503000    -0.5773503000     0.5773503000
           0.6148554820     0.1578297707     0.7726852527
   6,50     0.5773503000     0.5773503000    -0.5773503000
          -0.7878801638     0.5795031053    -0.2083770585
 6,52 -0.07944652 -194.94044047 -5383.51525734 2 0
   6,51     0.5773503000     0.5773503000    -0.5773503000
           0.6148554820     0.1578297707     0.7726852527
   4,18    -0.5773503000    -0.5773503000     0.5773503000
          -0.7905395765     0.5721465350    -0.2183930415
 6,53 -207.27490670 219.03025964 -7402.87695759 2 0
   6,38     0.5773503000     0.5773503000     0.5773503000
           0.7837635848    -0.1936748743    -0.5900887105
   6,49    -0.5773503000    -0.5773503000    -0.5773503000
           0.7865411388    -0.2034949711    -0.5830461677
 6,54 -195.66124697 -82.01242260 -4412.42139606 2 0
   0,50    -0.5773503000     0.5773503000    -0.5773503000
          -0.7798666098    -0.5993516737     0.1805149361
   6,56     0.5773503000    -0.5773503000     0.5773503000
          -0.7775288120    -0.6046039526     0.1729248594
 6,55 -95.45526243 -218.96341892 -4406.12969946 2 0
   4,17     0.5773503000    -0.5773503000     0.5773503000
          -0.7937715847    -0.5625511283     0.2312204564
   6,58    -0.5773503000     0.5773503000    -0.5773503000
          -0.7935288450    -0.5632996414     0.2302292035
 6,56 -159.08253053 -129.55568725 -4406.39979665 2 0
   6,58     0.5773503000    -0.5773503000     0.5773503000
          -0.7868402435    -0.5822635050     0.2045767385
   6,54    -0.5773503000     0.5773503000    -0.5773503000
          -0.7775288120    -0.6046039526     0.1729248594
 6,57 349.28931266 488.66204700 -7390.12356719 2 0
   6,62    -0.5773503000     0.5773503000    -0.5773503000
          -0.1840310645    -0.7809273012    -0.5968962368
   6,80     0.5773503000    -0.5773503000     0.5773503000
           0.1467647444    -0.6222073649    -0.7689721093
 6,58 -125.39149902 -176.48399406 -4405.39746537 2 0
   6,56    -0.5773503000     0.5773503000    -0.5773503000
          -0.7868402435    -0.5822635050     0.2045767385
   6,55     0.5773503000    -0.5773503000     0.5773503000
          -0.7935288450    -0.5632996414     0.2302292035
 6,59 -34.34898528 148.82435184 -4399.41475347 2 0
   6,46     0.5773503000     0.5773503000    -0.5773503000
          -0.7954766901     0.5571517278    -0.2383249623
   6,60    -0.5773503000    -0.5773503000     0.5773503000
          -0.7925081373     0.5663955959    -0.2261125414
 6,60 -75.39440043 90.61108481 -4400.89924075 2 0
   6,61    -0.5773503000    -0.5773503000     0.5773503000
          -0.8051349014     0.5201188989    -0.2850160025
   6,59     0.5773503000     0.5773503000    -0.5773503000
          -0.7925081373     0.5663955959    -0.2261125414
 6,61 -112.00972719 39.45254448 -4401.22447725 2 0
   6,60     0.5773503000     0.5773503000    -0.5773503000
          -0.8051349014     0.5201188989    -0.2850160025
   6,63    -0.5773503000    -0.5773503000     0.5773503000
          -0.7891064487     0.5761661630    -0.2129402857
 6,62 287.72959763 485.99591419 -7376.51169080 2 0
   6,57     0.5773503000    -0.5773503000     0.5773503000
          -0.1840310645    -0.7809273012    -0.5968962368
   6,1    -0.5773503000     0.5773503000    -0.5773503000
          -0.1836312767    -0.7808074131    -0.5971761364
 6,63 -144.80652004 -4.36088782 -4400.01845159 2 0
   6,61     0.5773503000     0.5773503000    -0.5773503000
          -0.7891064487     0.5761661630    -0.2129402857
   6,64    -0.5773503000    -0.5773503000     0.5773503000
          -0.7910341994     0.5707274635    -0.2203067359
 6,64 -184.16288138 -51.98791668 -4395.04464538 2 0
   6,63     0.5773503000     0.5773503000    -0.5773503000
          -0.7910341994     0.5707274635    -0.2203067359
   0,51    -0.5773503000    -0.5773503000     0.5773503000
          -0.7827376468     0.5925934049    -0.1901442419
 6,79 543.89573329 554.33657018 -7410.32415468 2 0
   6,0     0.5773503000    -0.5773503000     0.5773503000
          -0.1839223805    -0.7808947273    -0.5969723468
   6,2    -0.5773503000     0.5773503000    -0.5773503000
           0.1455946085    -0.6229768383    -0.7685714468
 6,80 429.76766315 510.05019335 -7397.57639020 2 0
   6,57    -0.5773503000     0.5773503000    -0.5773503000
           0.1467647444    -0.6222073649    -0.7689721093
   6,2     0.5773503000    -0.5773503000     0.5773503000
           0.1468526766    -0.6221494797    -0.7690021563
 7,0 675.69222432 410.05344579 1406.54475502 2 0
   7,19    -0.5773503000     0.5773503000    -0.5773503000
           0.1415765754    -0.6256074726    -0.7671840480
   7,10     0.5773503000    -0.5773503000     0.5773503000
           0.1468666349    -0.6221402902    -0.7690069251
 7,1 111.14170475 422.53895836 1422.33172022 2 0
   7,30    -0.5773503000     0.5773503000    -0.5773503000
          -0.1895273189    -0.7825569035    -0.5930295846
   7,32     0.5773503000    -0.5773503000     0.5773503000
          -0.1897401194    -0.7826192984    -0.5928791790
 7,2 813.93268931 258.68527927 6124.30452229 1 1
   7,25    -0.5773503000     0.5773503000     0.5773503000
           0.1843818840     0.7810323538    -0.5966504698
 7,3 401.12282752 367.45341042 1408.20366584 2 0
   7,13     0.5773503000    -0.5773503000     0.5773503000
          -0.1845423237    -0.7810803503    -0.5965380266
   7,18    -0.5773503000     0.5773503000    -0.5773503000
          -0.1838106035    -0.7808612122    -0.5970506087
 7,4 612.14984024 225.43868101 6129.23650923 2 0
   7,6    -0.5773503000     0.5773503000     0.5773503000
          -0.0610455555     0.6746049271    -0.7356504826
   7,11     0.5773503000    -0.5773503000    -0.5773503000
          -0.1467737352     0.6222014467    -0.7689751819
 7,5 -212.65523976 253.36817142 2340.25184445 2 0
   3,73    -0.5773503000     0.5773503000     0.5773503000
           0.7912785413     0.5700201830     0.2212583583
   7,56     0.5773503000    -0.5773503000    -0.5773503000
           0.7604721973     0.6376492449     0.1228229524
 7,6 547.41553779 229.32981038 6124.50850562 2 0
   7,4     0.5773503000    -0.5773503000    -0.5773503000
          -0.0610455555     0.6746049271    -0.7356504826
   7,26    -0.5773503000     0.5773503000     0.5773503000
           0.1757281798     0.7783999001    -0.6026717203
 7,7 308.06726622 270.27692188 6102.21353810 2 0
   7,113    -0.5773503000     0.5773503000     0.5773503000
           0.1208332287     0.7597373549    -0.6389041262
   7,14     0.5773503000    -0.5773503000    -0.5773503000
           0.0992783007     0.7514994386    -0.6522211379
 7,8 -41.07317849 461.70641042 1424.39985925 2 0
   7,21    -0.5773503000     0.5773503000    -0.5773503000
          -0.2049662415    -0.7869476048    -0.5819813633
   7,30     0.5773503000    -0.5773503000     0.5773503000
          -0.2095420960    -0.7881955738    -0.5786534779
 7,9 234.37441353 -141.86101731 2809.94247392 2 0
   7,47    -0.5773503000     0.5773503000    -0.5773503000
          -0.5876231855    -0.7847537929    -0.1971306074
   7,15     0.5773503000    -0.5773503000     0.5773503000
          -0.5642565501    -0.7932162413    -0.2289596912
 7,10 738.64240984 452.33280437 1408.33389168 1 1
   7,0    -0.5773503000     0.5773503000    -0.5773503000
           0.1468666349    -0.6221402902    -0.7690069251
 7,11 685.30619604 232.52723398 6127.15368240 2 0
   7,4    -0.5773503000     0.5773503000     0.5773503000
          -0.1467737352     0.6222014467    -0.7689751819
   7,25     0.5773503000    -0.5773503000    -0.5773503000
          -0.1468524491     0.6221496294    -0.7690020785
 7,12 563.77413233 379.28119017 1410.43327573 2 0
   7,19     0.5773503000    -0.5773503000     0.5773503000
           0.1337280865    -0.6306942691    -0.7644223556
   7,13    -0.5773503000     0.5773503000    -0.5773503000
           0.1370855331    -0.6285265754    -0.7656121085
 7,13 490.63052677 367.73950218 1407.09794521 2 0
   7,3    -0.5773503000     0.5773503000    -0.5773503000
          -0.1845423237    -0.7810803503    -0.5965380266
   7,12     0.5773503000    -0.5773503000     0.5773503000
           0.1370855331    -0.6285265754    -0.7656121085
 7,14 397.51506902 252.14667699 6109.66523534 2 0
   7,26     0.5773503000    -0.5773503000    -0.5773503000
           0.0748822890     0.7415678959    -0.6666856070
   7,7    -0.5773503000     0.5773503000     0.5773503000
           0.0992783007     0.7514994386    -0.6522211379
 7,15 312.90037769 -198.53338411 2810.51122300 2 0
   5,37     0.5773503000    -0.5773503000     0.5773503000
          -0.1029318017    -0.7529313548    -0.6499995532
   7,9    -0.5773503000     0.5773503000    -0.5773503000
          -0.5642565501    -0.7932162413    -0.2289596912
 7,16 258.72235252 390.90411234 1418.03688828 2 0
   7,18     0.5773503000    -0.5773503000     0.5773503000
          -0.1942787217    -0.7839376091    -0.5896588873
   7,32    -0.5773503000     0.5773503000    -0.5773503000
          -0.1913381491    -0.7830861856    -0.5917480365
 7,17 291.41483690 -179.68590415 2306.30001127 2 0
   5,38     0.5773503000    -0.5773503000    -0.5773503000
           0.5868731846     0.7850511760    -0.1981779914
   7,46    -0.5773503000     0.5773503000     0.5773503000
           0.5979938373     0.7804556686    -0.1824618313
 7,18 324.00626133 379.08553166 1414.30934434 2 0
   7,16    -0.5773503000     0.5773503000    -0.5773503000
          -0.1942787217    -0.7839376091    -0.5896588873
   7,3     0.5773503000    -0.5773503000     0.5773503000
          -0.1838106035    -0.7808612122    -0.5970506087
 7,19 616.76103792 391.40542423 1410.28025490 2 0
   7,12    -0.5773503000     0.5773503000    -0.5773503000
           0.1337280865    -0.6306942691    -0.7644223556
   7,0     0.5773503000    -0.5773503000     0.5773503000
           0.1415765754    -0.6256074726    -0.7671840480
 7,20 350.32438044 579.76382121 -106.22168297 2 0
   7,78    -0.5773503000    -0.5773503000     0.5773503000
          -0.7886399275     0.5774464188    -0.2111935087
   7,69     0.5773503000     0.5773503000    -0.5773503000
          -0.7897923636     0.5742589896    -0.2155333740
 7,21 -106.77429558 488.42266905 1428.50091941 2 0
   7,8     0.5773503000    -0.5773503000     0.5773503000
          -0.2049662415    -0.7869476048    -0.5819813633
   7,23    -0.5773503000     0.5773503000    -0.5773503000
          -0.5539523154    -0.7964495682    -0.2424972528
 7,22 -227.41000362 386.78737890 2809.96080585 2 0
   3,50    -0.5773503000     0.5773503000    -0.5773503000
          -0.7943389727    -0.5607824362     0.2335565364
   7,28     0.5773503000    -0.5773503000     0.5773503000
          -0.7927327753    -0.5657212229     0.2270115524
 7,23 -161.39140560 519.85486747 1434.18433282 2 0
   7,21     0.5773503000    -0.5773503000     0.5773503000
          -0.5539523154    -0.7964495682    -0.2424972528
   7,31    -0.5773503000     0.5773503000    -0.5773503000
          -0.5676668188    -0.7920811709    -0.2244143521
 7,24 -165.25522079 301.33117665 2812.11347387 2 0
   7,28    -0.5773503000     0.5773503000    -0.5773503000
          -0.7921372361    -0.5675006729     0.2246365632
   7,27     0.5773503000    -0.5773503000     0.5773503000
          -0.7921712785    -0.5673996757     0.2247716028
 7,25 750.71822341 244.16362423 6124.62961439 2 0
   7,2     0.5773503000    -0.5773503000    -0.5773503000
           0.1843818840     0.7810323538    -0.5966504698
   7,11    -0.5773503000     0.5773503000     0.5773503000
          -0.1468524491     0.6221496294    -0.7690020785
 7,26 471.96463088 239.73040898 6116.67227804 2 0
   7,14    -0.5773503000     0.5773503000     0.5773503000
           0.0748822890     0.7415678959    -0.6666856070
   7,6     0.5773503000    -0.5773503000    -0.5773503000
           0.1757281798     0.7783999001    -0.6026717203
 7,27 -133.92273680 258.17109423 2813.05160831 2 0
   7,24    -0.5773503000     0.5773503000    -0.5773503000
          -0.7921712785    -0.5673996757     0.2247716028
   7,57     0.5773503000    -0.5773503000     0.5773503000
          -0.7923642207    -0.5668256169     0.2255386037
 7,28 -196.16454592 343.85961189 2811.12416094 2 0
   7,22    -0.5773503000     0.5773503000    -0.5773503000
          -0.7927327753    -0.5657212229     0.2270115524
   7,24     0.5773503000    -0.5773503000     0.5773503000
          -0.7921372361    -0.5675006729     0.2246365632
 7,29 190.59388988 332.99214214 6079.36236751 2 0
   7,39    -0.5773503000     0.5773503000     0.5773503000
           0.7497695123     0.0949128669     0.6548566455
   7,113     0.5773503000    -0.5773503000    -0.5773503000
           0.7479805669     0.0904522724     0.6575282945
 7,30 45.18039235 437.95167241 1423.04847415 2 0
   7,8    -0.5773503000     0.5773503000    -0.5773503000
          -0.2095420960    -0.7881955738    -0.5786534779
   7,1     0.5773503000    -0.5773503000     0.5773503000
          -0.1895273189    -0.7825569035    -0.5930295846
 7,31 -198.47567062 544.35454791 1438.09523667 2 0
   7,23     0.5773503000    -0.5773503000     0.5773503000
          -0.5676668188    -0.7920811709    -0.2244143521
   3,63    -0.5773503000     0.5773503000    -0.5773503000
          -0.5662405468    -0.7925598992    -0.2263193524
 7,32 196.07687569 403.66365138 1420.38003636 2 0
   7,16     0.5773503000    -0.5773503000     0.5773503000
          -0.1913381491    -0.7830861856    -0.5917480365
   7,1    -0.5773503000     0.5773503000    -0.5773503000
          -0.1897401194    -0.7826192984    -0.5928791790
 7,33 153.22535851 447.42872919 6062.53857697 2 0
   7,40    -0.5773503000     0.5773503000     0.5773503000
           0.7766023086     0.1699742419     0.6066280667
   7,39     0.5773503000    -0.5773503000    -0.5773503000
           0.7826358346     0.1897965466     0.5928392880
 7,34 138.31516503 786.38475251 6024.96457215 2 0
   7,36     0.5773503000    -0.5773503000    -0.5773503000
           0.6221916066    -0.1467886838     0.7689802904
   7,37    -0.5773503000     0.5773503000     0.5773503000
           0.6221511015    -0.1468502131     0.7690013146
 7,35 127.05810449 648.41002104 6035.38213533 2 0
   7,36    -0.5773503000     0.5773503000     0.5773503000
           0.7834333305     0.1925329249     0.5909004057
   7,38     0.5773503000    -0.5773503000    -0.5773503000
           0.7800143707     0.1810019553     0.5990124153
 7,36 126.42152515 714.55941902 6026.53217161 2 0
   7,34    -0.5773503000     0.5773503000     0.5773503000
           0.6221916066    -0.1467886838     0.7689802904
   7,35     0.5773503000    -0.5773503000    -0.5773503000
           0.7834333305     0.1925329249     0.5909004057
 7,37 151.00678944 839.35213263 6024.80960362 1 1
   7,34     0.5773503000    -0.5773503000    -0.5773503000
           0.6221511015    -0.1468502131     0.7690013146
 7,38 135.11939847 566.68297841 6047.88292365 2 0
   7,35    -0.5773503000     0.5773503000     0.5773503000
           0.7800143707     0.1810019553     0.5990124153
   7,40     0.5773503000    -0.5773503000    -0.5773503000
           0.7820304068     0.1877387115     0.5942916953
 7,39 167.17480735 385.79717131 6069.33012583 2 0
   7,29     0.5773503000    -0.5773503000    -0.5773503000
           0.7497695123     0.0949128669     0.6548566455
   7,33    -0.5773503000     0.5773503000     0.5773503000
           0.7826358346     0.1897965466     0.5928392880
 7,40 144.29726125 499.75790680 6056.61019740 2 0
   7,33     0.5773503000    -0.5773503000    -0.5773503000
           0.7766023086     0.1699742419     0.6066280667
   7,38    -0.5773503000     0.5773503000     0.5773503000
           0.7820304068     0.1877387115     0.5942916953
 7,41 168.00759975 347.29764229 -100.82462027 4 0
   7,45    -0.5773503000    -0.5773503000     0.5773503000
          -0.6639157622     0.7435546443     0.0796388821
   7,43     0.5773503000    -0.5773503000    -0.5773503000
           0.1844189398     0.7810434419    -0.5966245021
   7,42    -0.5773503000     0.5773503000     0.5773503000
           0.7894342988     0.5752583245     0.2141759743
   7,71     0.5773503000     0.5773503000    -0.5773503000
          -0.7672135333     0.6255521029    -0.1416614305
 7,42 165.60888432 344.88163917 -96.96724951 1 1
   7,41     0.5773503000    -0.5773503000    -0.5773503000
           0.7894342988     0.5752583245     0.2141759743
 7,43 165.60900754 344.88138104 -96.96735454 1 1
   7,41    -0.5773503000     0.5773503000     0.5773503000
           0.1844189398     0.7810434419    -0.5966245021
 7,44 55.28125804 248.25147827 -95.86538557 2 0
   7,64    -0.5773503000    -0.5773503000     0.5773503000
          -0.5733547502     0.7901138138     0.2167590636
   7,45     0.5773503000     0.5773503000    -0.5773503000
          -0.6511783421     0.7521745378     0.1009961957
 7,45 95.10333293 282.12526958 -96.77067734 2 0
   7,44    -0.5773503000    -0.5773503000     0.5773503000
          -0.6511783421     0.7521745378     0.1009961957
   7,41     0.5773503000     0.5773503000    -0.5773503000
          -0.6639157622     0.7435546443     0.0796388821
 7,46 212.21236180 -121.16817987 2311.61364078 2 0
   7,17     0.5773503000    -0.5773503000    -0.5773503000
           0.5979938373     0.7804556686    -0.1824618313
   7,60    -0.5773503000     0.5773503000     0.5773503000
           0.5736300222     0.7900162116    -0.2163861894
 7,47 163.69319716 -90.46509139 2809.90183430 2 0
   7,49    -0.5773503000     0.5773503000    -0.5773503000
          -0.5817059837    -0.7870521569    -0.2053461731
   7,9     0.5773503000    -0.5773503000     0.5773503000
          -0.5876231855    -0.7847537929    -0.1971306074
 7,48 119.29127109 -52.11842440 2317.86151533 2 0
   7,60     0.5773503000    -0.5773503000    -0.5773503000
           0.6059493158     0.7769146014    -0.1709652855
   7,50    -0.5773503000     0.5773503000     0.5773503000
           0.6074715367     0.7762119572    -0.1687404205
 7,49 113.49919554 -51.77132101 2810.59350109 2 0
   7,51    -0.5773503000     0.5773503000    -0.5773503000
           0.0108923418    -0.7015976875    -0.7124900293
   7,47     0.5773503000    -0.5773503000     0.5773503000
          -0.5817059837    -0.7870521569    -0.2053461731
 7,50 49.19432050 1.28641393 2322.43018759 2 0
   7,48     0.5773503000    -0.5773503000    -0.5773503000
           0.6074715367     0.7762119572    -0.1687404205
   7,59    -0.5773503000     0.5773503000     0.5773503000
           0.6120403867     0.7740532304    -0.1620128438
 7,51 67.94873972 -10.89136133 2812.21429271 2 0
   7,49     0.5773503000    -0.5773503000     0.5773503000
           0.0108923418    -0.7015976875    -0.7124900293
   7,53    -0.5773503000     0.5773503000    -0.5773503000
          -0.7667011719    -0.1401901765     0.6265109954
 7,52 -50.08655952 80.64104347 2328.71214386 2 0
   7,59     0.5773503000    -0.5773503000    -0.5773503000
           0.6583620276     0.7474148963    -0.0890528687
   7,54    -0.5773503000     0.5773503000     0.5773503000
           0.6358528280     0.7615122409    -0.1256594130
 7,53 25.99398036 38.66829519 2813.83250970 2 0
   7,51     0.5773503000    -0.5773503000     0.5773503000
          -0.7667011719    -0.1401901765     0.6265109954
   7,55    -0.5773503000     0.5773503000    -0.5773503000
          -0.7939618193    -0.5619611269     0.2320006925
 7,54 -97.35772185 124.75298470 2331.50737260 2 0
   7,56    -0.5773503000     0.5773503000     0.5773503000
           0.7093399869     0.7048522135     0.0044877734
   7,52     0.5773503000    -0.5773503000    -0.5773503000
           0.6358528280     0.7615122409    -0.1256594130
 7,55 -17.01740475 96.87148194 2814.60163919 2 0
   7,58    -0.5773503000     0.5773503000    -0.5773503000
          -0.7923635656    -0.5668275707     0.2255359949
   7,53     0.5773503000    -0.5773503000     0.5773503000
          -0.7939618193    -0.5619611269     0.2320006925
 7,56 -157.76988139 186.69845212 2335.57257987 2 0
   7,5    -0.5773503000     0.5773503000     0.5773503000
           0.7604721973     0.6376492449     0.1228229524
   7,54     0.5773503000    -0.5773503000    -0.5773503000
           0.7093399869     0.7048522135     0.0044877734
 7,57 -101.10039217 212.90435038 2813.95774256 2 0
   7,27    -0.5773503000     0.5773503000    -0.5773503000
          -0.7923642207    -0.5668256169     0.2255386037
   7,58     0.5773503000    -0.5773503000     0.5773503000
          -0.7928662081    -0.5653188109     0.2275473972
 7,58 -58.39079632 153.85224997 2814.69978486 2 0
   7,55     0.5773503000    -0.5773503000     0.5773503000
          -0.7923635656    -0.5668275707     0.2255359949
   7,57    -0.5773503000     0.5773503000    -0.5773503000
          -0.7928662081    -0.5653188109     0.2275473972
 7,59 19.95231304 24.01093652 2324.33397720 2 0
   7,52    -0.5773503000     0.5773503000     0.5773503000
           0.6583620276     0.7474148963    -0.0890528687
   7,50     0.5773503000    -0.5773503000    -0.5773503000
           0.6120403867     0.7740532304    -0.1620128438
 7,60 173.94751709 -92.73779201 2314.20665767 2 0
   7,48    -0.5773503000     0.5773503000     0.5773503000
           0.6059493158     0.7769146014    -0.1709652855
   7,46     0.5773503000    -0.5773503000    -0.5773503000
           0.5736300222     0.7900162116    -0.2163861894
 7,61 -191.69613507 66.49006194 -89.88677789 2 0
   7,62     0.5773503000     0.5773503000    -0.5773503000
          -0.5675874495     0.7921079635     0.2245205140
   1,58    -0.5773503000    -0.5773503000     0.5773503000
          -0.5681279395     0.7919251548     0.2237972153
 7,62 -153.55785655 94.35545920 -90.73607464 2 0
   7,63     0.5773503000     0.5773503000    -0.5773503000
          -0.5865488659     0.7851792215     0.1986303556
   7,61    -0.5773503000    -0.5773503000     0.5773503000
          -0.5675874495     0.7921079635     0.2245205140
 7,63 -103.90977344 130.40712938 -91.86183092 2 0
   7,62    -0.5773503000    -0.5773503000     0.5773503000
          -0.5865488659     0.7851792215     0.1986303556
   7,65     0.5773503000     0.5773503000    -0.5773503000
          -0.5669868142     0.7923101368     0.2253233226
 7,64 12.36856405 215.28353716 -94.63555527 2 0
   7,65    -0.5773503000    -0.5773503000     0.5773503000
          -0.5692302266     0.7915497361     0.2223195095
   7,44     0.5773503000     0.5773503000    -0.5773503000
          -0.5733547502     0.7901138138     0.2167590636
 7,65 -53.92513839 166.66464898 -92.92981544 2 0
   7,63    -0.5773503000    -0.5773503000     0.5773503000
          -0.5669868142     0.7923101368     0.2253233226
   7,64     0.5773503000     0.5773503000    -0.5773503000
          -0.5692302266     0.7915497361     0.2223195095
 7,66 -207.65236725 104.12070615 -956.92844953 2 0
   1,84    -0.5773503000     0.5773503000     0.5773503000
           0.7874897972     0.5805465702     0.2069432270
   7,67     0.5773503000    -0.5773503000    -0.5773503000
           0.7913962155     0.5696780565     0.2217181589
 7,67 -165.75452417 47.11946263 -960.76778409 2 0
   7,68     0.5773503000    -0.5773503000    -0.5773503000
           0.7883333792     0.5782804111     0.2100529681
   7,66    -0.5773503000     0.5773503000     0.5773503000
           0.7913962155     0.5696780565     0.2217181589
 7,68 -134.92427096 5.42911179 -963.64943466 2 0
   7,70     0.5773503000    -0.5773503000    -0.5773503000
           0.7888699262     0.5768169241     0.2120530021
   7,67    -0.5773503000     0.5773503000     0.5773503000
           0.7883333792     0.5782804111     0.2100529681
 7,69 381.20394238 621.83056063 -107.35937836 2 0
   7,76     0.5773503000     0.5773503000    -0.5773503000
          -0.7897932985     0.5742563695    -0.2155369290
   7,20    -0.5773503000    -0.5773503000     0.5773503000
          -0.7897923636     0.5742589896    -0.2155333740
 7,70 -95.12027547 -48.37479113 -967.55977817 2 0
   7,68    -0.5773503000     0.5773503000     0.5773503000
           0.7888699262     0.5768169241     0.2120530021
   7,73     0.5773503000    -0.5773503000    -0.5773503000
           0.7910122885     0.5707906833     0.2202216052
 7,71 225.29367211 417.99880877 -100.97587814 2 0
   7,72     0.5773503000     0.5773503000    -0.5773503000
          -0.7868298093     0.5822908915    -0.2045389177
   7,41    -0.5773503000    -0.5773503000     0.5773503000
          -0.7672135333     0.6255521029    -0.1416614305
 7,72 268.31441982 470.97345435 -102.61842380 2 0
   7,78     0.5773503000     0.5773503000    -0.5773503000
           0.7424678618    -0.0770297404     0.6654381213
   7,71    -0.5773503000    -0.5773503000     0.5773503000
          -0.7868298093     0.5822908915    -0.2045389177
 7,73 -56.11914267 -100.71568963 -971.71828837 2 0
   7,74     0.5773503000    -0.5773503000    -0.5773503000
           0.7899885853     0.5737078240     0.2162807614
   7,70    -0.5773503000     0.5773503000     0.5773503000
           0.7910122885     0.5707906833     0.2202216052
 7,74 -10.19351950 -162.44892927 -977.15738955 2 0
   7,75     0.5773503000    -0.5773503000    -0.5773503000
          -0.3023703432    -0.8080178228     0.5056474796
   7,73    -0.5773503000     0.5773503000     0.5773503000
           0.7899885853     0.5737078240     0.2162807614
 7,75 33.74357430 -221.20725916 -982.64040928 2 0
   4,29     0.5773503000    -0.5773503000    -0.5773503000
          -0.3023703432    -0.8080178228     0.5056474796
   7,74    -0.5773503000     0.5773503000     0.5773503000
          -0.3023703432    -0.8080178228     0.5056474796
 7,76 419.35797117 674.25291806 -108.29598871 2 0
   7,77     0.5773503000     0.5773503000    -0.5773503000
           0.0000000000     0.0000000000     0.0000000000
   7,69    -0.5773503000    -0.5773503000     0.5773503000
          -0.7897932985     0.5742563695    -0.2155369290
 7,77 461.21408724 732.24114333 -108.50974128 1 1
   7,76    -0.5773503000    -0.5773503000     0.5773503000
           0.0000000000     0.0000000000     0.0000000000
 7,78 317.37876005 535.11390561 -104.76754035 2 0
   7,72    -0.5773503000    -0.5773503000     0.5773503000
           0.7424678618    -0.0770297404     0.6654381213
   7,20     0.5773503000     0.5773503000    -0.5773503000
          -0.7886399275     0.5774464188    -0.2111935087
 7,79 -73.30119823 -211.60429874 -3297.88970200 2 0
   4,49     0.5773503000    -0.5773503000    -0.5773503000
           0.8028951209     0.5299760344     0.2729190865
   7,80    -0.5773503000     0.5773503000     0.5773503000
           0.7876822974     0.5800331162     0.2076491812
 7,80 -115.18239513 -148.80278045 -3317.34998356 2 0
   7,81    -0.5773503000     0.5773503000     0.5773503000
           0.8003385409     0.5401466435     0.2601918974
   7,79     0.5773503000    -0.5773503000    -0.5773503000
           0.7876822974     0.5800331162     0.2076491812
 7,81 -147.39581544 -108.41422281 -3331.51461463 2 0
   7,80     0.5773503000    -0.5773503000    -0.5773503000
           0.8003385409     0.5401466435     0.2601918974
   7,82    -0.5773503000     0.5773503000     0.5773503000
          -0.1933341564     0.5903310499    -0.7836652063
 7,82 -185.74725080 -72.75367821 -3345.97439264 2 0
   7,81     0.5773503000    -0.5773503000    -0.5773503000
          -0.1933341564     0.5903310499    -0.7836652063
   1,107    -0.5773503000     0.5773503000     0.5773503000
           0.5151768663     0.8061726084    -0.2909957421
 7,113 237.03528743 293.39563464 6093.35670536 2 0
   7,7     0.5773503000    -0.5773503000    -0.5773503000
           0.1208332287     0.7597373549    -0.6389041262
   7,29    -0.5773503000     0.5773503000     0.5773503000
           0.7479805669     0.0904522724     0.6575282945
