#
#	ParaDiS nodal data file
#

#
#	File version number
#

3

#
#	Number of data file segments
#

1

#
#	Minimum coordinate values (x, y, z)
#

-8750.0000     -8750.0000     -8750.0000    

#
#	Maximum coordinate values (x, y, z)
#

8750.0000      8750.0000      8750.0000     

#
#	Node count
#

92          

#
#	Domain geometry (x, y, z)
#

2   2   2  

#
#	Domain decomposition type
#

1

#
#	Domain boundaries (x, y, z)
#

  -8750.0000
      -8750.0000
          -8750.0000
          -4322.2303
           8750.0000
        171.6074
          -8750.0000
          -4410.3602
           8750.0000
       8750.0000
    137.1551
      -8750.0000
          -8750.0000
          -5442.3352
           8750.0000
        224.3590
          -8750.0000
          -4229.1809
           8750.0000
       8750.0000
   8750.0000

#
#	Primary lines: node_tag, x, y, z, num_arms, constraint
#	Secondary lines: arm_tag, burgx, burgy, burgz, nx, ny, nz
#

 0,0 -361.27484195 -720.57537865 -5447.57347465 2 0
   0,6     0.5773503000     0.5773503000    -0.5773503000
           0.7285925213    -0.0451337574     0.6834587639
   0,1    -0.5773503000    -0.5773503000     0.5773503000
          -0.7909968679     0.5708351563    -0.2201617116
 0,1 -401.04549806 -775.60820874 -5447.19711928 1 1
   0,0     0.5773503000     0.5773503000    -0.5773503000
          -0.7909968679     0.5708351563    -0.2201617116
 0,2 -286.03253438 -617.42448305 -5450.77235350 2 0
   0,6    -0.5773503000    -0.5773503000     0.5773503000
           0.0000000000     0.0000000000     0.0000000000
   0,3     0.5773503000     0.5773503000    -0.5773503000
           0.6080731325     0.1678588662     0.7759319987
 0,3 -243.87528834 -559.93406098 -5453.24190228 2 0
   0,4     0.5773503000     0.5773503000    -0.5773503000
           0.7176211555    -0.0215200385     0.6961011170
   0,2    -0.5773503000    -0.5773503000     0.5773503000
           0.6080731325     0.1678588662     0.7759319987
 0,4 -204.93134835 -506.82891452 -5455.60329483 2 0
   0,3    -0.5773503000    -0.5773503000     0.5773503000
           0.7176211555    -0.0215200385     0.6961011170
   0,5     0.5773503000     0.5773503000    -0.5773503000
           0.7176211554    -0.0215200383     0.6961011171
 0,5 -170.14098047 -459.36961036 -5457.75723956 2 0
   0,7     0.5773503000     0.5773503000    -0.5773503000
           0.7285925212    -0.0451337574     0.6834587639
   0,4    -0.5773503000    -0.5773503000     0.5773503000
           0.7176211554    -0.0215200383     0.6961011171
 0,6 -326.12702689 -672.25032092 -5448.73806495 2 0
   0,2     0.5773503000     0.5773503000    -0.5773503000
           0.0000000000     0.0000000000     0.0000000000
   0,0    -0.5773503000    -0.5773503000     0.5773503000
           0.7285925213    -0.0451337574     0.6834587639
 0,7 -134.58639342 -410.88018166 -5459.99848180 2 0
   0,5    -0.5773503000    -0.5773503000     0.5773503000
           0.7285925212    -0.0451337574     0.6834587639
   0,8     0.5773503000     0.5773503000    -0.5773503000
           0.7176211554    -0.0215200383     0.6961011171
 0,8 -101.21197442 -365.41329744 -5462.12317697 2 0
   0,9     0.5773503000     0.5773503000    -0.5773503000
           0.0000000000     0.0000000000     0.0000000000
   0,7    -0.5773503000    -0.5773503000     0.5773503000
           0.7176211554    -0.0215200383     0.6961011171
 0,9 -65.26218932 -316.43270880 -5464.42275533 2 0
   0,8    -0.5773503000    -0.5773503000     0.5773503000
           0.0000000000     0.0000000000     0.0000000000
   0,19     0.5773503000     0.5773503000    -0.5773503000
          -0.7923244928     0.5669440475    -0.2253804453
 0,10 -567.40745629 -131.97273936 -7759.52700286 2 0
   0,14     0.5773503000     0.5773503000     0.5773503000
           0.7837635848    -0.1936748743    -0.5900887105
   0,17    -0.5773503000    -0.5773503000    -0.5773503000
           0.7865411388    -0.2034949711    -0.5830461677
 0,11 -548.96263345 56.07268766 -7803.95602723 2 0
   0,13     0.5773503000     0.5773503000     0.5773503000
           0.7831367675    -0.1915118854    -0.5916248821
   0,15    -0.5773503000    -0.5773503000    -0.5773503000
           0.7836935475    -0.1934322639    -0.5902612836
 0,12 -728.18963997 -326.94565097 -7682.90506813 2 0
   0,20     0.5773503000     0.5773503000     0.5773503000
           0.5650576422    -0.7929525625     0.2278949203
   0,23    -0.5773503000    -0.5773503000    -0.5773503000
           0.1886240179    -0.7822914671     0.5936674493
 0,13 -546.28206361 136.03667667 -7825.24577881 2 0
   2,10     0.5773503000     0.5773503000     0.5773503000
           0.7826294938    -0.1897749082    -0.5928545856
   0,11    -0.5773503000    -0.5773503000    -0.5773503000
           0.7831367675    -0.1915118854    -0.5916248821
 0,14 -557.60590808 -68.38181560 -7774.81409471 2 0
   0,10    -0.5773503000    -0.5773503000    -0.5773503000
           0.7837635848    -0.1936748743    -0.5900887105
   0,15     0.5773503000     0.5773503000     0.5773503000
           0.7835908475    -0.1930769350    -0.5905139125
 0,15 -551.06350185 17.39177151 -7794.38272192 2 0
   0,14    -0.5773503000    -0.5773503000    -0.5773503000
           0.7835908475    -0.1930769350    -0.5905139125
   0,11     0.5773503000     0.5773503000     0.5773503000
           0.7836935475    -0.1934322639    -0.5902612836
 0,16 -605.02564008 -227.19136791 -7728.40624507 2 0
   0,17     0.5773503000     0.5773503000     0.5773503000
          -0.4442052658     0.8154080023    -0.3712027366
   0,18    -0.5773503000    -0.5773503000    -0.5773503000
           0.7820607447    -0.5942193083    -0.1878414364
 0,17 -582.65417937 -182.86141579 -7744.50410320 2 0
   0,10     0.5773503000     0.5773503000     0.5773503000
           0.7865411388    -0.2034949711    -0.5830461677
   0,16    -0.5773503000    -0.5773503000    -0.5773503000
          -0.4442052658     0.8154080023    -0.3712027366
 0,18 -636.21246147 -266.62259916 -7711.52622545 2 0
   0,16     0.5773503000     0.5773503000     0.5773503000
           0.7820607447    -0.5942193083    -0.1878414364
   0,20    -0.5773503000    -0.5773503000    -0.5773503000
           0.5456929950    -0.7988354388     0.2531424438
 0,19 -26.23819516 -263.32605405 -5466.89082349 2 0
   0,25     0.5773503000     0.5773503000    -0.5773503000
          -0.7905395765     0.5721465350    -0.2183930415
   0,9    -0.5773503000    -0.5773503000     0.5773503000
          -0.7923244928     0.5669440475    -0.2253804453
 0,20 -679.16559963 -300.58371760 -7695.15666857 2 0
   0,18     0.5773503000     0.5773503000     0.5773503000
           0.5456929950    -0.7988354388     0.2531424438
   0,12    -0.5773503000    -0.5773503000    -0.5773503000
           0.5650576422    -0.7929525625     0.2278949203
 0,21 109.68499506 -78.64276343 -5475.01256456 2 0
   4,4     0.5773503000     0.5773503000    -0.5773503000
          -0.7884482931     0.5779684440    -0.2104798491
   0,22    -0.5773503000    -0.5773503000     0.5773503000
          -0.7899408053     0.5738422649    -0.2160985403
 0,22 73.65158038 -127.55006684 -5472.97016167 2 0
   0,24    -0.5773503000    -0.5773503000     0.5773503000
          -0.7906635206     0.5717925149    -0.2188710057
   0,21     0.5773503000     0.5773503000    -0.5773503000
          -0.7899408053     0.5738422649    -0.2160985403
 0,23 -794.33120675 -341.71849188 -7681.77352861 1 1
   0,12     0.5773503000     0.5773503000     0.5773503000
           0.1886240179    -0.7822914671     0.5936674493
 0,24 44.97100365 -166.47800359 -5471.28266520 2 0
   0,25    -0.5773503000    -0.5773503000     0.5773503000
           0.6148554820     0.1578297707     0.7726852527
   0,22     0.5773503000     0.5773503000    -0.5773503000
          -0.7906635206     0.5717925149    -0.2188710057
 0,25 13.28835007 -209.58622420 -5469.34768067 2 0
   0,24     0.5773503000     0.5773503000    -0.5773503000
           0.6148554820     0.1578297707     0.7726852527
   0,19    -0.5773503000    -0.5773503000     0.5773503000
          -0.7905395765     0.5721465350    -0.2183930415
 1,0 -700.27656860 -505.56256568 -4275.84912033 1 1
   1,1     0.5773503000     0.5773503000    -0.5773503000
          -0.5796906604     0.7878102423     0.2081195819
 1,1 -654.31045636 -472.40396303 -4275.94638878 2 0
   1,3     0.5773503000     0.5773503000    -0.5773503000
          -0.5796906604     0.7878102423     0.2081195819
   1,0    -0.5773503000    -0.5773503000     0.5773503000
          -0.5796906604     0.7878102423     0.2081195819
 1,2 -573.22603653 -413.05965962 -4277.12279898 2 0
   1,3    -0.5773503000    -0.5773503000     0.5773503000
          -0.5656677911     0.7927505187     0.2270827276
   1,4     0.5773503000     0.5773503000    -0.5773503000
          -0.5617497823     0.7940297280     0.2322799457
 1,3 -614.77972862 -443.58750741 -4276.35317627 2 0
   1,1    -0.5773503000    -0.5773503000     0.5773503000
          -0.5796906604     0.7878102423     0.2081195819
   1,2     0.5773503000     0.5773503000    -0.5773503000
          -0.5656677911     0.7927505187     0.2270827276
 1,4 -496.75068799 -355.80384720 -4279.11007921 2 0
   1,2    -0.5773503000    -0.5773503000     0.5773503000
          -0.5617497823     0.7940297280     0.2322799457
   1,5     0.5773503000     0.5773503000    -0.5773503000
          -0.5624570021     0.7938019988     0.2313449967
 1,5 -448.33180509 -317.74479530 -4280.53249126 2 0
   1,4    -0.5773503000    -0.5773503000     0.5773503000
          -0.5624570021     0.7938019988     0.2313449967
   1,15     0.5773503000     0.5773503000    -0.5773503000
          -0.5665858263     0.7924445370     0.2258587107
 1,6 -453.95106572 -96.69007259 -185.08616630 2 0
   1,13     0.5773503000     0.5773503000    -0.5773503000
          -0.5704364726     0.7911349024     0.2206984298
   1,7    -0.5773503000    -0.5773503000     0.5773503000
          -0.5664014829     0.7925061706     0.2261046876
 1,7 -525.43143515 -139.13202977 -193.10858495 2 0
   1,6     0.5773503000     0.5773503000    -0.5773503000
          -0.5664014829     0.7925061706     0.2261046876
   1,11    -0.5773503000    -0.5773503000     0.5773503000
          -0.2115452541     0.7887341590     0.5771889049
 1,8 -822.91935919 -220.61713479 -190.34356484 1 1
   1,10     0.5773503000     0.5773503000    -0.5773503000
          -0.5702604957     0.7911956836     0.2209351880
 1,9 -643.79894240 -176.19110688 -192.72549696 2 0
   1,11     0.5773503000     0.5773503000    -0.5773503000
          -0.1845435599     0.7810807200     0.5965371601
   1,12    -0.5773503000    -0.5773503000     0.5773503000
          -0.1866110974     0.7816965886     0.5950854911
 1,10 -746.27688181 -202.28511674 -190.65602893 2 0
   1,8    -0.5773503000    -0.5773503000     0.5773503000
          -0.5702604957     0.7911956836     0.2209351880
   1,12     0.5773503000     0.5773503000    -0.5773503000
          -0.1843712589     0.7810291742     0.5966579154
 1,11 -586.63793693 -160.02625879 -193.74389737 2 0
   1,9    -0.5773503000    -0.5773503000     0.5773503000
          -0.1845435599     0.7810807200     0.5965371601
   1,7     0.5773503000     0.5773503000    -0.5773503000
          -0.2115452541     0.7887341590     0.5771889049
 1,12 -696.12495076 -189.70466218 -191.46136102 2 0
   1,10    -0.5773503000    -0.5773503000     0.5773503000
          -0.1843712589     0.7810291742     0.5966579154
   1,9     0.5773503000     0.5773503000    -0.5773503000
          -0.1866110974     0.7816965886     0.5950854911
 1,13 -387.89520645 -52.81237509 -176.86616312 2 0
   1,14     0.5773503000     0.5773503000    -0.5773503000
          -0.5733175155     0.7901269989     0.2168094833
   1,6    -0.5773503000    -0.5773503000     0.5773503000
          -0.5704364726     0.7911349024     0.2206984298
 1,14 -330.02119878 -13.65428647 -169.80848427 2 0
   1,17     0.5773503000     0.5773503000    -0.5773503000
          -0.5770620188     0.7887805170     0.2117184982
   1,13    -0.5773503000    -0.5773503000     0.5773503000
          -0.5733175155     0.7901269989     0.2168094833
 1,15 -402.02261549 -277.61260338 -4281.83222838 2 0
   1,16     0.5773503000     0.5773503000    -0.5773503000
          -0.8100957332     0.3166811462    -0.4934145870
   1,5    -0.5773503000    -0.5773503000     0.5773503000
          -0.5665858263     0.7924445370     0.2258587107
 1,16 -359.58866113 -235.22048804 -4283.09785561 2 0
   1,15    -0.5773503000    -0.5773503000     0.5773503000
          -0.8100957332     0.3166811462    -0.4934145870
   1,21     0.5773503000     0.5773503000    -0.5773503000
          -0.7763201044     0.6072383980    -0.1690817064
 1,17 -258.15021426 35.95257303 -161.17878456 2 0
   1,14    -0.5773503000    -0.5773503000     0.5773503000
          -0.5770620188     0.7887805170     0.2117184982
   1,18     0.5773503000     0.5773503000    -0.5773503000
          -0.6127801673     0.7736965676     0.1609164002
 1,18 -228.78048829 56.66844315 -157.64621562 2 0
   1,17    -0.5773503000    -0.5773503000     0.5773503000
          -0.6127801673     0.7736965676     0.1609164002
   1,19     0.5773503000     0.5773503000    -0.5773503000
          -0.5681279395     0.7919251548     0.2237972153
 1,19 -162.00719925 104.08385234 -149.69177645 2 0
   1,20     0.5773503000     0.5773503000    -0.5773503000
          -0.5675874495     0.7921079635     0.2245205140
   1,18    -0.5773503000    -0.5773503000     0.5773503000
          -0.5681279395     0.7919251548     0.2237972153
 1,20 -102.13177049 145.86321264 -142.81464364 2 0
   3,18     0.5773503000     0.5773503000    -0.5773503000
          -0.5669868142     0.7923101368     0.2253233226
   1,19    -0.5773503000    -0.5773503000     0.5773503000
          -0.5675874495     0.7921079635     0.2245205140
 1,21 -309.86725042 -178.56389222 -4284.99456783 2 0
   1,22     0.5773503000     0.5773503000    -0.5773503000
          -0.7827376468     0.5925934049    -0.1901442419
   1,16    -0.5773503000    -0.5773503000     0.5773503000
          -0.7763201044     0.6072383980    -0.1690817064
 1,22 -255.67460931 -112.77709152 -4287.29913760 2 0
   1,23     0.5773503000     0.5773503000    -0.5773503000
          -0.7891064487     0.5761661630    -0.2129402857
   1,21    -0.5773503000    -0.5773503000     0.5773503000
          -0.7827376468     0.5925934049    -0.1901442419
 1,23 -201.22142685 -40.70335308 -4290.16627619 2 0
   1,24     0.5773503000     0.5773503000    -0.5773503000
          -0.8051349014     0.5201188989    -0.2850160025
   1,22    -0.5773503000    -0.5773503000     0.5773503000
          -0.7891064487     0.5761661630    -0.2129402857
 1,24 -155.23426969 22.28668613 -4292.95186280 2 0
   1,23    -0.5773503000    -0.5773503000     0.5773503000
          -0.8051349014     0.5201188989    -0.2850160025
   1,25     0.5773503000     0.5773503000    -0.5773503000
          -0.7922381853     0.5672009248    -0.2250372605
 1,25 -125.75060699 62.76142571 -4294.84232178 2 0
   1,26     0.5773503000     0.5773503000    -0.5773503000
          -0.7923790745     0.5667813065    -0.2255977679
   1,24    -0.5773503000    -0.5773503000     0.5773503000
          -0.7922381853     0.5672009248    -0.2250372605
 1,26 -96.11078763 103.47244890 -4296.80205702 2 0
   1,27     0.5773503000     0.5773503000    -0.5773503000
          -0.7925081373     0.5663955959    -0.2261125414
   1,25    -0.5773503000    -0.5773503000     0.5773503000
          -0.7923790745     0.5667813065    -0.2255977679
 1,27 -53.72165209 161.59734188 -4299.65729285 2 0
   3,21     0.5773503000     0.5773503000    -0.5773503000
          -0.7954766901     0.5571517278    -0.2383249623
   1,26    -0.5773503000    -0.5773503000     0.5773503000
          -0.7925081373     0.5663955959    -0.2261125414
 2,0 -661.18390488 492.19165130 -7909.98223216 2 0
   2,6    -0.5773503000    -0.5773503000    -0.5773503000
           0.4724969599     0.3404316455    -0.8129286055
   2,42     0.5773503000     0.5773503000     0.5773503000
           0.4724904687     0.3404388800    -0.8129293487
 2,6 -605.20522466 416.19588100 -7895.79588825 2 0
   2,8    -0.5773503000    -0.5773503000    -0.5773503000
           0.6221723679     0.1468179091    -0.7689902770
   2,0     0.5773503000     0.5773503000     0.5773503000
           0.4724969599     0.3404316455    -0.8129286055
 2,8 -574.61101684 351.46874929 -7882.94077410 2 0
   2,9    -0.5773503000    -0.5773503000    -0.5773503000
           0.6314565171     0.1325428650    -0.7639993821
   2,6     0.5773503000     0.5773503000     0.5773503000
           0.6221723679     0.1468179091    -0.7689902770
 2,9 -551.44725824 284.56307911 -7871.35711516 2 0
   2,8     0.5773503000     0.5773503000     0.5773503000
           0.6314565171     0.1325428650    -0.7639993821
   2,10    -0.5773503000    -0.5773503000    -0.5773503000
           0.7822376646    -0.1884413123    -0.5937963522
 2,10 -546.05483928 194.36899779 -7842.36032994 2 0
   0,13    -0.5773503000    -0.5773503000    -0.5773503000
           0.7826294938    -0.1897749082    -0.5928545856
   2,9     0.5773503000     0.5773503000     0.5773503000
           0.7822376646    -0.1884413123    -0.5937963522
 2,42 -692.59613714 516.21859511 -7909.18813322 1 1
   2,0    -0.5773503000    -0.5773503000    -0.5773503000
           0.4724904687     0.3404388800    -0.8129293487
 3,11 119.02244338 306.30519641 -114.56876371 2 0
   3,12    -0.5773503000    -0.5773503000     0.5773503000
          -0.6511783421     0.7521745378     0.1009961957
   7,2     0.5773503000     0.5773503000    -0.5773503000
          -0.6619131396     0.7449653218     0.0830521823
 3,12 77.59291393 272.99445057 -121.01907329 2 0
   3,13    -0.5773503000    -0.5773503000     0.5773503000
          -0.5733547502     0.7901138138     0.2167590636
   3,11     0.5773503000     0.5773503000    -0.5773503000
          -0.6511783421     0.7521745378     0.1009961957
 3,13 31.33353239 238.67316580 -127.21795366 2 0
   3,18    -0.5773503000    -0.5773503000     0.5773503000
          -0.5692302266     0.7915497361     0.2223195095
   3,12     0.5773503000     0.5773503000    -0.5773503000
          -0.5733547502     0.7901138138     0.2167590636
 3,18 -47.71242908 183.48950263 -136.59397864 2 0
   1,20    -0.5773503000    -0.5773503000     0.5773503000
          -0.5669868142     0.7923101368     0.2253233226
   3,13     0.5773503000     0.5773503000    -0.5773503000
          -0.5692302266     0.7915497361     0.2223195095
 3,19 126.84336513 407.54233376 -4313.17096635 2 0
   3,22    -0.5773503000    -0.5773503000     0.5773503000
          -0.2812024269     0.8044490095     0.5232465826
   6,16     0.5773503000     0.5773503000    -0.5773503000
          -0.7824670446     0.5932458809    -0.1892211637
 3,20 44.86021950 296.13591591 -4306.66403701 2 0
   3,22     0.5773503000     0.5773503000    -0.5773503000
           0.2889212835     0.5168965756     0.8058178591
   3,21    -0.5773503000    -0.5773503000     0.5773503000
           0.8158585732    -0.3799812734     0.4358772997
 3,21 2.93999138 239.01864642 -4303.59877102 2 0
   3,20     0.5773503000     0.5773503000    -0.5773503000
           0.8158585732    -0.3799812734     0.4358772997
   1,27    -0.5773503000    -0.5773503000     0.5773503000
          -0.7954766901     0.5571517278    -0.2383249623
 3,22 87.22722761 353.76304306 -4309.93976946 2 0
   3,19     0.5773503000     0.5773503000    -0.5773503000
          -0.2812024269     0.8044490095     0.5232465826
   3,20    -0.5773503000    -0.5773503000     0.5773503000
           0.2889212835     0.5168965756     0.8058178591
 4,0 359.50956352 199.92779290 -5484.26041749 2 0
   4,1    -0.5773503000    -0.5773503000     0.5773503000
          -0.5828151601     0.7866296180     0.2038144579
   6,1     0.5773503000     0.5773503000    -0.5773503000
          -0.5925300238     0.7827638589     0.1902338352
 4,1 307.45428410 156.79047282 -5482.54888218 2 0
   4,2    -0.5773503000    -0.5773503000     0.5773503000
          -0.4383965263     0.8157352396     0.3773387134
   4,0     0.5773503000     0.5773503000    -0.5773503000
          -0.5828151601     0.7866296180     0.2038144579
 4,2 262.39443228 113.38832050 -5481.52257488 2 0
   4,3    -0.5773503000    -0.5773503000     0.5773503000
          -0.7963167729     0.5543944190    -0.2419223540
   4,1     0.5773503000     0.5773503000    -0.5773503000
          -0.4383965263     0.8157352396     0.3773387134
 4,3 219.64566897 65.28170726 -5480.37620854 2 0
   4,2     0.5773503000     0.5773503000    -0.5773503000
          -0.7963167729     0.5543944190    -0.2419223540
   4,4    -0.5773503000    -0.5773503000     0.5773503000
          -0.7990047445     0.5450824659    -0.2539222786
 4,4 169.29257083 1.28419997 -5478.20146726 2 0
   4,3     0.5773503000     0.5773503000    -0.5773503000
          -0.7990047445     0.5450824659    -0.2539222786
   0,21    -0.5773503000    -0.5773503000     0.5773503000
          -0.7884482931     0.5779684440    -0.2104798491
 6,0 725.73775755 470.23705302 -5492.91907621 1 1
   6,13    -0.5773503000    -0.5773503000     0.5773503000
          -0.5702692256     0.7911926705     0.2209234448
 6,1 407.07587385 236.58434710 -5486.10270497 2 0
   4,0    -0.5773503000    -0.5773503000     0.5773503000
          -0.5925300238     0.7827638589     0.1902338352
   6,7     0.5773503000     0.5773503000    -0.5773503000
          -0.6400434752    -0.1190207005    -0.7590641756
 6,7 474.43685918 286.87035731 -5488.48659557 2 0
   6,11     0.5773503000     0.5773503000    -0.5773503000
          -0.6400434751    -0.1190207006    -0.7590641757
   6,1    -0.5773503000    -0.5773503000     0.5773503000
          -0.6400434752    -0.1190207005    -0.7590641756
 6,11 521.94215670 321.89271901 -5489.92736453 2 0
   6,7    -0.5773503000    -0.5773503000     0.5773503000
          -0.6400434751    -0.1190207006    -0.7590641757
   6,12     0.5773503000     0.5773503000    -0.5773503000
          -0.5627120855     0.7937195188     0.2310074333
 6,12 576.98016108 362.21769578 -5491.34153860 2 0
   6,14     0.5773503000     0.5773503000    -0.5773503000
          -0.4451703408    -0.3701774514    -0.8153477922
   6,11    -0.5773503000    -0.5773503000     0.5773503000
          -0.5627120855     0.7937195188     0.2310074333
 6,13 674.41971884 433.22349046 -5492.83023963 2 0
   6,14    -0.5773503000    -0.5773503000     0.5773503000
           0.0000000000     0.0000000000     0.0000000000
   6,0     0.5773503000     0.5773503000    -0.5773503000
          -0.5702692256     0.7911926705     0.2209234448
 6,14 629.27678648 400.38633949 -5492.35082630 2 0
   6,13     0.5773503000     0.5773503000    -0.5773503000
           0.0000000000     0.0000000000     0.0000000000
   6,12    -0.5773503000    -0.5773503000     0.5773503000
          -0.4451703408    -0.3701774514    -0.8153477922
 6,16 165.49055541 459.89096481 -4316.32784164 2 0
   6,24     0.5773503000     0.5773503000    -0.5773503000
          -0.7916272185     0.5690035633    -0.2226236552
   3,19    -0.5773503000    -0.5773503000     0.5773503000
          -0.7824670446     0.5932458809    -0.1892211637
 6,18 397.88577322 777.88560955 -4327.35511600 1 1
   6,20    -0.5773503000    -0.5773503000     0.5773503000
          -0.7911941837     0.5702648415    -0.2209293422
 6,19 335.10708232 691.18660090 -4326.33245753 2 0
   6,21    -0.5773503000    -0.5773503000     0.5773503000
          -0.7993533423     0.5438143680    -0.2555389743
   6,20     0.5773503000     0.5773503000    -0.5773503000
          -0.7894343418     0.5752582051    -0.2141761367
 6,20 362.55794107 729.00146559 -4327.01838526 2 0
   6,19    -0.5773503000    -0.5773503000     0.5773503000
          -0.7894343418     0.5752582051    -0.2141761367
   6,18     0.5773503000     0.5773503000    -0.5773503000
          -0.7911941837     0.5702648415    -0.2209293422
 6,21 301.81294663 645.49915968 -4325.03202523 2 0
   6,22    -0.5773503000    -0.5773503000     0.5773503000
          -0.7964242777     0.5540366472    -0.2423876306
   6,19     0.5773503000     0.5773503000    -0.5773503000
          -0.7993533423     0.5438143680    -0.2555389743
 6,22 267.31271042 598.31188230 -4323.28681860 2 0
   6,23    -0.5773503000    -0.5773503000     0.5773503000
          -0.0461447178     0.7290489865     0.6829042687
   6,21     0.5773503000     0.5773503000    -0.5773503000
          -0.7964242777     0.5540366472    -0.2423876306
 6,23 236.24944416 555.94519018 -4321.43316055 2 0
   6,22     0.5773503000     0.5773503000    -0.5773503000
          -0.0461447178     0.7290489865     0.6829042687
   6,24    -0.5773503000    -0.5773503000     0.5773503000
          -0.2812024269     0.8044490095     0.5232465826
 6,24 202.59076395 510.18301718 -4319.14967120 2 0
   6,23     0.5773503000     0.5773503000    -0.5773503000
          -0.2812024269     0.8044490095     0.5232465826
   6,16    -0.5773503000    -0.5773503000     0.5773503000
          -0.7916272185     0.5690035633    -0.2226236552
 7,2 164.10405998 344.38122476 -108.43513534 4 0
   7,6     0.5773503000    -0.5773503000    -0.5773503000
           0.1844189398     0.7810434419    -0.5966245021
   7,5    -0.5773503000     0.5773503000     0.5773503000
           0.7894342988     0.5752583245     0.2141759743
   3,11    -0.5773503000    -0.5773503000     0.5773503000
          -0.6619131396     0.7449653218     0.0830521823
   7,4     0.5773503000     0.5773503000    -0.5773503000
          -0.7897923636     0.5742589896    -0.2155333740
 7,4 160.39785109 340.79875789 -105.65026157 1 1
   7,2    -0.5773503000    -0.5773503000     0.5773503000
          -0.7897923636     0.5742589896    -0.2155333740
 7,5 160.40094864 340.78970668 -105.65393076 1 1
   7,2     0.5773503000    -0.5773503000    -0.5773503000
           0.7894342988     0.5752583245     0.2141759743
 7,6 160.40104663 340.78949201 -105.65400058 1 1
   7,2    -0.5773503000     0.5773503000     0.5773503000
           0.1844189398     0.7810434419    -0.5966245021
