#
#	ParaDiS nodal data file
#

#
#	File version number
#

3

#
#	Number of data file segments
#

1

#
#	Minimum coordinate values (x, y, z)
#

-8750.0000     -8750.0000     -8750.0000    

#
#	Maximum coordinate values (x, y, z)
#

8750.0000      8750.0000      8750.0000     

#
#	Node count
#

109         

#
#	Domain geometry (x, y, z)
#

2   2   2  

#
#	Domain decomposition type
#

1

#
#	Domain boundaries (x, y, z)
#

  -8750.0000
      -8750.0000
          -8750.0000
          -4702.4493
           8750.0000
        224.3590
          -8750.0000
          -7494.1987
           8750.0000
       8750.0000
   -331.7898
      -8750.0000
          -8750.0000
          -5024.0244
           8750.0000
        224.3586
          -8750.0000
          -3703.6135
           8750.0000
       8750.0000
   8750.0000

#
#	Primary lines: node_tag, x, y, z, num_arms, constraint
#	Secondary lines: arm_tag, burgx, burgy, burgz, nx, ny, nz
#

 0,9 -367.59092901 -715.19428746 -5411.18834587 2 0
   4,27     0.5773503000     0.5773503000    -0.5773503000
           0.7285925213    -0.0451337574     0.6834587639
   0,10    -0.5773503000    -0.5773503000     0.5773503000
          -0.7909968679     0.5708351563    -0.2201617116
 0,10 -407.76955848 -770.76178019 -5410.73114456 1 1
   0,9     0.5773503000     0.5773503000    -0.5773503000
          -0.7909968679     0.5708351563    -0.2201617116
 0,11 -441.89420013 -76.86528751 -7519.70703142 2 0
   0,12     0.5773503000     0.5773503000     0.5773503000
           0.7820607447    -0.5942193083    -0.1878414364
   0,14    -0.5773503000    -0.5773503000    -0.5773503000
           0.5456929950    -0.7988354388     0.2531424438
 0,12 -413.16527825 -39.39120114 -7538.88216847 2 0
   0,13     0.5773503000     0.5773503000     0.5773503000
          -0.4442052658     0.8154080023    -0.3712027366
   0,11    -0.5773503000    -0.5773503000    -0.5773503000
           0.7820607447    -0.5942193083    -0.1878414364
 0,13 -392.35507760 3.55090386 -7556.37033254 2 0
   0,21     0.5773503000     0.5773503000     0.5773503000
           0.7865411388    -0.2034949711    -0.5830461677
   0,12    -0.5773503000    -0.5773503000    -0.5773503000
          -0.4442052658     0.8154080023    -0.3712027366
 0,14 -483.22947636 -108.31188510 -7499.59500681 2 0
   0,11     0.5773503000     0.5773503000     0.5773503000
           0.5456929950    -0.7988354388     0.2531424438
   0,15    -0.5773503000    -0.5773503000    -0.5773503000
           0.5650576422    -0.7929525625     0.2278949203
 0,15 -528.75966095 -130.77419041 -7483.55893163 2 0
   0,17    -0.5773503000    -0.5773503000    -0.5773503000
          -0.2785771078    -0.5253888838     0.8039659917
   0,14     0.5773503000     0.5773503000     0.5773503000
           0.5650576422    -0.7929525625     0.2278949203
 0,16 -635.06344784 -161.06546973 -7463.34806882 2 0
   0,17     0.5773503000     0.5773503000     0.5773503000
           0.1849046073    -0.7811886209     0.5962840135
   0,19    -0.5773503000    -0.5773503000    -0.5773503000
           0.1886240179    -0.7822914671     0.5936674493
 0,17 -578.26304652 -147.36462259 -7471.63959021 2 0
   0,16    -0.5773503000    -0.5773503000    -0.5773503000
           0.1849046073    -0.7811886209     0.5962840135
   0,15     0.5773503000     0.5773503000     0.5773503000
          -0.2785771078    -0.5253888838     0.8039659917
 0,18 -827.02413878 -203.22900939 -7455.34030966 1 1
   0,20     0.5773503000     0.5773503000     0.5773503000
           0.1843600504    -0.7810258199     0.5966657695
 0,19 -702.21362435 -175.08976001 -7458.11712873 2 0
   0,20    -0.5773503000    -0.5773503000    -0.5773503000
           0.1962381182    -0.7844993842     0.5882612660
   0,16     0.5773503000     0.5773503000     0.5773503000
           0.1886240179    -0.7822914671     0.5936674493
 0,20 -752.50274359 -186.09085511 -7455.94393118 2 0
   0,18    -0.5773503000    -0.5773503000    -0.5773503000
           0.1843600504    -0.7810258199     0.5966657695
   0,19     0.5773503000     0.5773503000     0.5773503000
           0.1962381182    -0.7844993842     0.5882612660
 0,21 -378.05899140 53.27929550 -7571.58295074 2 0
   0,22     0.5773503000     0.5773503000     0.5773503000
           0.7837635848    -0.1936748743    -0.5900887105
   0,13    -0.5773503000    -0.5773503000    -0.5773503000
           0.7865411388    -0.2034949711    -0.5830461677
 0,22 -368.11936076 116.21489448 -7585.59630789 2 0
   0,21    -0.5773503000    -0.5773503000    -0.5773503000
           0.7837635848    -0.1936748743    -0.5900887105
   0,23     0.5773503000     0.5773503000     0.5773503000
           0.7824218960    -0.1890674778    -0.5933544181
 0,23 -358.15294435 208.22806968 -7602.44237182 2 0
   0,22    -0.5773503000    -0.5773503000    -0.5773503000
           0.7824218960    -0.1890674778    -0.5933544181
   2,17     0.5773503000     0.5773503000     0.5773503000
           0.7831367675    -0.1915118854    -0.5916248821
 1,0 -819.32734798 -235.83313843 -169.45576766 1 1
   1,12     0.5773503000     0.5773503000    -0.5773503000
          -0.5702604957     0.7911956836     0.2209351880
 1,1 -656.66047693 -466.03278049 -4305.59442289 2 0
   1,3     0.5773503000     0.5773503000    -0.5773503000
          -0.5796906604     0.7878102423     0.2081195819
   1,2    -0.5773503000    -0.5773503000     0.5773503000
          -0.5796906604     0.7878102423     0.2081195819
 1,2 -704.10258631 -500.25424967 -4305.49977880 1 1
   1,1     0.5773503000     0.5773503000    -0.5773503000
          -0.5796906604     0.7878102423     0.2081195819
 1,3 -617.01438785 -437.24390864 -4306.02021229 2 0
   1,1    -0.5773503000    -0.5773503000     0.5773503000
          -0.5796906604     0.7878102423     0.2081195819
   1,4     0.5773503000     0.5773503000    -0.5773503000
          -0.5656677911     0.7927505187     0.2270827276
 1,4 -570.29574188 -403.10867975 -4306.93133772 2 0
   1,5     0.5773503000     0.5773503000    -0.5773503000
          -0.5796906604     0.7878102423     0.2081195819
   1,3    -0.5773503000    -0.5773503000     0.5773503000
          -0.5656677911     0.7927505187     0.2270827276
 1,5 -520.29832720 -366.26491059 -4308.24983384 2 0
   1,4    -0.5773503000    -0.5773503000     0.5773503000
          -0.5796906604     0.7878102423     0.2081195819
   1,6     0.5773503000     0.5773503000    -0.5773503000
          -0.5617497823     0.7940297280     0.2322799457
 1,6 -471.51876178 -329.77637381 -4309.79319758 2 0
   1,5    -0.5773503000    -0.5773503000     0.5773503000
          -0.5617497823     0.7940297280     0.2322799457
   1,7     0.5773503000     0.5773503000    -0.5773503000
          -0.5624570021     0.7938019988     0.2313449967
 1,7 -416.73429749 -287.24749664 -4311.74891450 2 0
   1,6    -0.5773503000    -0.5773503000     0.5773503000
          -0.5624570021     0.7938019988     0.2313449967
   1,8     0.5773503000     0.5773503000    -0.5773503000
          -0.5665858263     0.7924445370     0.2258587107
 1,8 -369.59430487 -246.81816462 -4313.43682079 2 0
   5,5     0.5773503000     0.5773503000    -0.5773503000
          -0.8100957332     0.3166811462    -0.4934145870
   1,7    -0.5773503000    -0.5773503000     0.5773503000
          -0.5665858263     0.7924445370     0.2258587107
 1,9 -606.51430035 -181.22869250 -173.22744709 2 0
   1,10    -0.5773503000    -0.5773503000     0.5773503000
          -0.1845435599     0.7810807200     0.5965371601
   1,11     0.5773503000     0.5773503000    -0.5773503000
          -0.2115452541     0.7887341590     0.5771889049
 1,10 -655.25102363 -195.02389159 -171.99069460 2 0
   1,9     0.5773503000     0.5773503000    -0.5773503000
          -0.1845435599     0.7810807200     0.5965371601
   1,12    -0.5773503000    -0.5773503000     0.5773503000
          -0.1843712589     0.7810291742     0.5966579154
 1,11 -546.73133083 -162.02558682 -173.94456967 2 0
   1,13     0.5773503000     0.5773503000    -0.5773503000
          -0.5664014829     0.7925061706     0.2261046876
   1,9    -0.5773503000    -0.5773503000     0.5773503000
          -0.2115452541     0.7887341590     0.5771889049
 1,12 -744.34935835 -217.84435402 -169.83319400 2 0
   1,0    -0.5773503000    -0.5773503000     0.5773503000
          -0.5702604957     0.7911956836     0.2209351880
   1,10     0.5773503000     0.5773503000    -0.5773503000
          -0.1843712589     0.7810291742     0.5966579154
 1,13 -473.52233008 -116.63960677 -166.25278621 2 0
   1,14     0.5773503000     0.5773503000    -0.5773503000
          -0.5704364726     0.7911349024     0.2206984298
   1,11    -0.5773503000    -0.5773503000     0.5773503000
          -0.5664014829     0.7925061706     0.2261046876
 1,14 -394.35470854 -63.10293971 -157.99297481 2 0
   1,15     0.5773503000     0.5773503000    -0.5773503000
          -0.5733175155     0.7901269989     0.2168094833
   1,13    -0.5773503000    -0.5773503000     0.5773503000
          -0.5704364726     0.7911349024     0.2206984298
 1,15 -340.70843964 -26.31436846 -152.70254177 2 0
   5,4     0.5773503000     0.5773503000    -0.5773503000
          -0.5770620188     0.7887805170     0.2117184982
   1,14    -0.5773503000    -0.5773503000     0.5773503000
          -0.5733175155     0.7901269989     0.2168094833
 2,10 -386.75447481 783.69965334 -7650.49022158 1 1
   2,12    -0.5773503000    -0.5773503000    -0.5773503000
           0.6221584271     0.1468390855    -0.7689975127
 2,12 -370.09227526 708.86956627 -7651.29844220 2 0
   2,10     0.5773503000     0.5773503000     0.5773503000
           0.6221584271     0.1468390855    -0.7689975127
   2,14    -0.5773503000    -0.5773503000    -0.5773503000
           0.6260171425     0.1409483682    -0.7669655108
 2,14 -361.02888289 664.50063643 -7652.27179753 2 0
   2,20    -0.5773503000    -0.5773503000    -0.5773503000
           0.6221723679     0.1468179091    -0.7689902770
   2,12     0.5773503000     0.5773503000     0.5773503000
           0.6260171425     0.1409483682    -0.7669655108
 2,16 -347.62132858 315.92343417 -7621.81794421 2 0
   2,19     0.5773503000     0.5773503000     0.5773503000
           0.7859889543    -0.2015107367    -0.5844782175
   2,17    -0.5773503000    -0.5773503000    -0.5773503000
           0.7826294938    -0.1897749082    -0.5928545856
 2,17 -354.46077493 244.40158370 -7608.89634548 2 0
   2,16     0.5773503000     0.5773503000     0.5773503000
           0.7826294938    -0.1897749082    -0.5928545856
   0,23    -0.5773503000    -0.5773503000    -0.5773503000
           0.7831367675    -0.1915118854    -0.5916248821
 2,18 -333.11896122 501.81241119 -7656.24460344 2 0
   2,21    -0.5773503000    -0.5773503000    -0.5773503000
           0.7809885218    -0.1842354510    -0.5967530707
   2,20     0.5773503000     0.5773503000     0.5773503000
           0.6314565171     0.1325428650    -0.7639993821
 2,19 -342.30507978 374.28945032 -7632.77111104 2 0
   2,16    -0.5773503000    -0.5773503000    -0.5773503000
           0.7859889543    -0.2015107367    -0.5844782175
   2,21     0.5773503000     0.5773503000     0.5773503000
           0.7822376646    -0.1884413123    -0.5937963522
 2,20 -344.23766633 574.68282594 -7655.03993540 2 0
   2,18    -0.5773503000    -0.5773503000    -0.5773503000
           0.6314565171     0.1325428650    -0.7639993821
   2,14     0.5773503000     0.5773503000     0.5773503000
           0.6221723679     0.1468179091    -0.7689902770
 2,21 -338.37413268 418.09089473 -7641.24853263 2 0
   2,18     0.5773503000     0.5773503000     0.5773503000
           0.7809885218    -0.1842354510    -0.5967530707
   2,19    -0.5773503000    -0.5773503000    -0.5773503000
           0.7822376646    -0.1884413123    -0.5937963522
 4,0 700.07998177 -332.46922603 -8551.96534286 2 0
   4,9    -0.5773503000     0.5773503000    -0.5773503000
          -0.7226500312    -0.0321856844     0.6904643468
   4,6     0.5773503000    -0.5773503000     0.5773503000
          -0.2740919346     0.5290285094     0.8031204440
 4,1 386.04352341 212.76567045 -5452.68048210 2 0
   6,3     0.5773503000     0.5773503000    -0.5773503000
          -0.5316530358    -0.2708379836    -0.8024910194
   4,11    -0.5773503000    -0.5773503000     0.5773503000
          -0.5925300238     0.7827638589     0.1902338352
 4,2 724.62050236 -355.77245121 -8237.28862406 2 0
   4,4    -0.5773503000     0.5773503000    -0.5773503000
           0.7105508787     0.7036116083    -0.0069392704
   4,19     0.5773503000    -0.5773503000     0.5773503000
           0.7173530345     0.6963945474    -0.0209584871
 4,3 694.80299100 -327.16709598 -8750.00000000 1 1
   4,5     0.5773503000    -0.5773503000     0.5773503000
           0.7069372599     0.7072761806     0.0003389207
 4,4 716.36635831 -348.18121079 -8323.03910511 2 0
   4,10    -0.5773503000     0.5773503000    -0.5773503000
           0.7133500095     0.7006936423    -0.0126563672
   4,2     0.5773503000    -0.5773503000     0.5773503000
           0.7105508787     0.7036116083    -0.0069392704
 4,5 695.43225604 -327.79595007 -8682.36707103 2 0
   4,9     0.5773503000    -0.5773503000     0.5773503000
           0.7061353370     0.7080742380     0.0019389011
   4,3    -0.5773503000     0.5773503000    -0.5773503000
           0.7069372599     0.7072761806     0.0003389207
 4,6 704.36056604 -336.69014350 -8477.59601623 2 0
   4,0    -0.5773503000     0.5773503000    -0.5773503000
          -0.2740919346     0.5290285094     0.8031204440
   4,8     0.5773503000    -0.5773503000     0.5773503000
           0.7085325478     0.7056723375    -0.0028602103
 4,7 736.17696690 -364.55413216 -8135.13960324 2 0
   4,12     0.5773503000    -0.5773503000     0.5773503000
          -0.2740919346     0.5290285094     0.8031204440
   4,19    -0.5773503000     0.5773503000    -0.5773503000
           0.7148505693     0.6990998340    -0.0157507353
 4,8 707.87948396 -340.07907945 -8426.82140244 2 0
   4,10     0.5773503000    -0.5773503000     0.5773503000
           0.7088280321     0.7053728679    -0.0034551642
   4,6    -0.5773503000     0.5773503000    -0.5773503000
           0.7085325478     0.7056723375    -0.0028602103
 4,9 697.16034551 -329.54692798 -8619.40439128 2 0
   4,0     0.5773503000    -0.5773503000     0.5773503000
          -0.7226500312    -0.0321856844     0.6904643468
   4,5    -0.5773503000     0.5773503000    -0.5773503000
           0.7061353370     0.7080742380     0.0019389011
 4,10 712.65747931 -344.72476484 -8365.46755842 2 0
   4,8    -0.5773503000     0.5773503000    -0.5773503000
           0.7088280321     0.7053728679    -0.0034551642
   4,4     0.5773503000    -0.5773503000     0.5773503000
           0.7133500095     0.7006936423    -0.0126563672
 4,11 327.15156273 167.93405509 -5450.04251854 2 0
   4,14    -0.5773503000    -0.5773503000     0.5773503000
          -0.5828151601     0.7866296180     0.2038144579
   4,1     0.5773503000     0.5773503000    -0.5773503000
          -0.5925300238     0.7827638589     0.1902338352
 4,12 751.69679020 -364.30240213 -8053.97615869 2 0
   4,7    -0.5773503000     0.5773503000    -0.5773503000
          -0.2740919346     0.5290285094     0.8031204440
   4,13     0.5773503000    -0.5773503000     0.5773503000
          -0.1841722219    -0.7809695877    -0.5967973658
 4,13 787.07460888 -372.45793373 -8054.07146164 1 1
   4,12    -0.5773503000     0.5773503000    -0.5773503000
          -0.1841722219    -0.7809695877    -0.5967973658
 4,14 271.81961245 122.75276801 -5448.16349745 2 0
   4,15    -0.5773503000    -0.5773503000     0.5773503000
          -0.4383965263     0.8157352396     0.3773387134
   4,11     0.5773503000     0.5773503000    -0.5773503000
          -0.5828151601     0.7866296180     0.2038144579
 4,15 227.76870384 80.40345774 -5447.09714823 2 0
   4,16    -0.5773503000    -0.5773503000     0.5773503000
          -0.7963167729     0.5543944190    -0.2419223540
   4,14     0.5773503000     0.5773503000    -0.5773503000
          -0.4383965263     0.8157352396     0.3773387134
 4,16 186.77342565 34.04200128 -5445.85473006 2 0
   4,15     0.5773503000     0.5773503000    -0.5773503000
          -0.7963167729     0.5543944190    -0.2419223540
   4,17    -0.5773503000    -0.5773503000     0.5773503000
          -0.7990047445     0.5450824659    -0.2539222786
 4,17 138.74389685 -27.33966075 -5443.57625299 2 0
   4,16     0.5773503000     0.5773503000    -0.5773503000
          -0.7990047445     0.5450824659    -0.2539222786
   4,28    -0.5773503000    -0.5773503000     0.5773503000
          -0.7884482931     0.5779684440    -0.2104798491
 4,18 -175.94883357 -453.37834464 -5421.72424810 2 0
   4,23     0.5773503000     0.5773503000    -0.5773503000
           0.7285925212    -0.0451337574     0.6834587639
   4,20    -0.5773503000    -0.5773503000     0.5773503000
           0.7176211554    -0.0215200383     0.6961011171
 4,19 729.52081918 -359.53836754 -8193.55811372 2 0
   4,7     0.5773503000    -0.5773503000     0.5773503000
           0.7148505693     0.6990998340    -0.0157507353
   4,2    -0.5773503000     0.5773503000    -0.5773503000
           0.7173530345     0.6963945474    -0.0209584871
 4,20 -210.77808485 -500.83662586 -5419.37551695 2 0
   4,21    -0.5773503000    -0.5773503000     0.5773503000
           0.7176211555    -0.0215200385     0.6961011170
   4,18     0.5773503000     0.5773503000    -0.5773503000
           0.7176211554    -0.0215200383     0.6961011171
 4,21 -249.72438567 -553.93271074 -5416.88708377 2 0
   4,20     0.5773503000     0.5773503000    -0.5773503000
           0.7176211555    -0.0215200385     0.6961011170
   4,22    -0.5773503000    -0.5773503000     0.5773503000
           0.6080731325     0.1678588662     0.7759319987
 4,22 -291.46378051 -610.86217706 -5414.45269595 2 0
   4,27    -0.5773503000    -0.5773503000     0.5773503000
           0.0000000000     0.0000000000     0.0000000000
   4,21     0.5773503000     0.5773503000    -0.5773503000
           0.6080731325     0.1678588662     0.7759319987
 4,23 -140.40985787 -405.01941709 -5424.19711289 2 0
   4,18    -0.5773503000    -0.5773503000     0.5773503000
           0.7285925212    -0.0451337574     0.6834587639
   4,26     0.5773503000     0.5773503000    -0.5773503000
           0.7176211554    -0.0215200383     0.6961011171
 4,24 -31.87709700 -257.61052001 -5431.89676827 2 0
   4,30     0.5773503000     0.5773503000    -0.5773503000
          -0.7905395765     0.5721465350    -0.2183930415
   4,25    -0.5773503000    -0.5773503000     0.5773503000
          -0.7923244928     0.5669440475    -0.2253804453
 4,25 -71.20157940 -310.95742503 -5429.11856000 2 0
   4,26    -0.5773503000    -0.5773503000     0.5773503000
           0.0000000000     0.0000000000     0.0000000000
   4,24     0.5773503000     0.5773503000    -0.5773503000
          -0.7923244928     0.5669440475    -0.2253804453
 4,26 -106.91266991 -359.50091120 -5426.56779930 2 0
   4,25     0.5773503000     0.5773503000    -0.5773503000
           0.0000000000     0.0000000000     0.0000000000
   4,23    -0.5773503000    -0.5773503000     0.5773503000
           0.7176211554    -0.0215200383     0.6961011171
 4,27 -331.69786087 -665.87087054 -5412.44829828 2 0
   4,22     0.5773503000     0.5773503000    -0.5773503000
           0.0000000000     0.0000000000     0.0000000000
   0,9    -0.5773503000    -0.5773503000     0.5773503000
           0.7285925213    -0.0451337574     0.6834587639
 4,28 96.49913064 -83.91605511 -5440.98694450 2 0
   4,17     0.5773503000     0.5773503000    -0.5773503000
          -0.7884482931     0.5779684440    -0.2104798491
   4,29    -0.5773503000    -0.5773503000     0.5773503000
          -0.7906635206     0.5717925149    -0.2188710057
 4,29 37.97281350 -162.90063671 -5436.89078623 2 0
   4,30    -0.5773503000    -0.5773503000     0.5773503000
           0.6148554820     0.1578297707     0.7726852527
   4,28     0.5773503000     0.5773503000    -0.5773503000
          -0.7906635206     0.5717925149    -0.2188710057
 4,30 7.74896989 -203.88002350 -5434.71248239 2 0
   4,29     0.5773503000     0.5773503000    -0.5773503000
           0.6148554820     0.1578297707     0.7726852527
   4,24    -0.5773503000    -0.5773503000     0.5773503000
          -0.7905395765     0.5721465350    -0.2183930415
 5,0 -49.28934518 179.65943836 -127.16333875 2 0
   5,1    -0.5773503000    -0.5773503000     0.5773503000
          -0.5669868142     0.7923101368     0.2253233226
   7,2     0.5773503000     0.5773503000    -0.5773503000
          -0.5692302266     0.7915497361     0.2223195095
 5,1 -103.92743276 141.46420484 -131.51449473 2 0
   5,0     0.5773503000     0.5773503000    -0.5773503000
          -0.5669868142     0.7923101368     0.2253233226
   5,2    -0.5773503000    -0.5773503000     0.5773503000
          -0.5675874495     0.7921079635     0.2245205140
 5,2 -168.58513269 95.89272059 -136.82510523 2 0
   5,1     0.5773503000     0.5773503000    -0.5773503000
          -0.5675874495     0.7921079635     0.2245205140
   5,3    -0.5773503000    -0.5773503000     0.5773503000
          -0.5681279395     0.7919251548     0.2237972153
 5,3 -229.11213412 52.37569765 -142.20021489 2 0
   5,4    -0.5773503000    -0.5773503000     0.5773503000
          -0.6127801673     0.7736965676     0.1609164002
   5,2     0.5773503000     0.5773503000    -0.5773503000
          -0.5681279395     0.7919251548     0.2237972153
 5,4 -263.03095842 27.89861747 -145.36906772 2 0
   1,15    -0.5773503000    -0.5773503000     0.5773503000
          -0.5770620188     0.7887805170     0.2117184982
   5,3     0.5773503000     0.5773503000    -0.5773503000
          -0.6127801673     0.7736965676     0.1609164002
 5,5 -329.57888950 -206.80445369 -4314.82681459 2 0
   1,8    -0.5773503000    -0.5773503000     0.5773503000
          -0.8100957332     0.3166811462    -0.4934145870
   5,6     0.5773503000     0.5773503000    -0.5773503000
          -0.7763201044     0.6072383980    -0.1690817064
 5,6 -281.70690392 -151.79033898 -4316.72719402 2 0
   5,8     0.5773503000     0.5773503000    -0.5773503000
          -0.7827376468     0.5925934049    -0.1901442419
   5,5    -0.5773503000    -0.5773503000     0.5773503000
          -0.7763201044     0.6072383980    -0.1690817064
 5,7 -175.00707199 -16.97821451 -4321.95158046 2 0
   5,9     0.5773503000     0.5773503000    -0.5773503000
          -0.8051349014     0.5201188989    -0.2850160025
   5,8    -0.5773503000    -0.5773503000     0.5773503000
          -0.7891064487     0.5761661630    -0.2129402857
 5,8 -224.72498346 -82.92893316 -4319.13780459 2 0
   5,7     0.5773503000     0.5773503000    -0.5773503000
          -0.7891064487     0.5761661630    -0.2129402857
   5,6    -0.5773503000    -0.5773503000     0.5773503000
          -0.7827376468     0.5925934049    -0.1901442419
 5,9 -120.24980924 58.08306142 -4325.56339435 2 0
   5,7    -0.5773503000    -0.5773503000     0.5773503000
          -0.8051349014     0.5201188989    -0.2850160025
   5,10     0.5773503000     0.5773503000    -0.5773503000
          -0.7923790745     0.5667813065    -0.2255977679
 5,10 -90.96845119 98.28634520 -4327.59246069 2 0
   5,11     0.5773503000     0.5773503000    -0.5773503000
          -0.7925081373     0.5663955959    -0.2261125414
   5,9    -0.5773503000    -0.5773503000     0.5773503000
          -0.7923790745     0.5667813065    -0.2255977679
 5,11 -48.34039038 156.79190205 -4330.61079216 2 0
   6,17     0.5773503000     0.5773503000    -0.5773503000
          -0.7954766901     0.5571517278    -0.2383249623
   5,10    -0.5773503000    -0.5773503000     0.5773503000
          -0.7925081373     0.5663955959    -0.2261125414
 6,0 729.79817242 464.60352832 -5461.64925270 1 1
   6,13    -0.5773503000    -0.5773503000     0.5773503000
          -0.5702692256     0.7911926705     0.2209234448
 6,1 368.12144441 724.27082959 -4359.05286808 2 0
   6,2    -0.5773503000    -0.5773503000     0.5773503000
          -0.7894343418     0.5752582051    -0.2141761367
   6,25     0.5773503000     0.5773503000    -0.5773503000
          -0.7911941837     0.5702648415    -0.2209293422
 6,2 340.46730992 686.19345700 -4358.31653118 2 0
   6,4    -0.5773503000    -0.5773503000     0.5773503000
          -0.7993533423     0.5438143680    -0.2555389743
   6,1     0.5773503000     0.5773503000    -0.5773503000
          -0.7894343418     0.5752582051    -0.2141761367
 6,3 426.66238763 243.13385076 -5454.54914131 2 0
   4,1    -0.5773503000    -0.5773503000     0.5773503000
          -0.5316530358    -0.2708379836    -0.8024910194
   6,7     0.5773503000     0.5773503000    -0.5773503000
          -0.6400434752    -0.1190207005    -0.7590641756
 6,4 306.43003902 639.50286814 -4356.92824607 2 0
   6,6    -0.5773503000    -0.5773503000     0.5773503000
          -0.7964242777     0.5540366472    -0.2423876306
   6,2     0.5773503000     0.5773503000    -0.5773503000
          -0.7993533423     0.5438143680    -0.2555389743
 6,5 241.47038691 550.81702973 -4353.31590632 2 0
   6,6     0.5773503000     0.5773503000    -0.5773503000
          -0.0461447178     0.7290489865     0.6829042687
   6,8    -0.5773503000    -0.5773503000     0.5773503000
          -0.2812024269     0.8044490095     0.5232465826
 6,6 272.01782437 592.45667075 -4355.14597093 2 0
   6,5    -0.5773503000    -0.5773503000     0.5773503000
          -0.0461447178     0.7290489865     0.6829042687
   6,4     0.5773503000     0.5773503000    -0.5773503000
          -0.7964242777     0.5540366472    -0.2423876306
 6,7 472.20289995 276.80332419 -5456.44980354 2 0
   6,11     0.5773503000     0.5773503000    -0.5773503000
          -0.6400434751    -0.1190207006    -0.7590641757
   6,3    -0.5773503000    -0.5773503000     0.5773503000
          -0.6400434752    -0.1190207005    -0.7590641756
 6,8 207.76049020 504.99542917 -4351.07898963 2 0
   6,5     0.5773503000     0.5773503000    -0.5773503000
          -0.2812024269     0.8044490095     0.5232465826
   6,9    -0.5773503000    -0.5773503000     0.5773503000
          -0.7916272185     0.5690035633    -0.2226236552
 6,9 170.56755271 454.52094230 -4348.37684209 2 0
   6,8     0.5773503000     0.5773503000    -0.5773503000
          -0.7916272185     0.5690035633    -0.2226236552
   6,10    -0.5773503000    -0.5773503000     0.5773503000
          -0.7824670446     0.5932458809    -0.1892211637
 6,10 132.17508508 402.41510200 -4345.33351406 2 0
   6,15    -0.5773503000    -0.5773503000     0.5773503000
          -0.2812024269     0.8044490095     0.5232465826
   6,9     0.5773503000     0.5773503000    -0.5773503000
          -0.7824670446     0.5932458809    -0.1892211637
 6,11 525.56292279 315.99993546 -5458.33834547 2 0
   6,7    -0.5773503000    -0.5773503000     0.5773503000
          -0.6400434751    -0.1190207006    -0.7590641757
   6,12     0.5773503000     0.5773503000    -0.5773503000
          -0.5627120855     0.7937195188     0.2310074333
 6,12 580.99665248 356.59365685 -5459.92669382 2 0
   6,14     0.5773503000     0.5773503000    -0.5773503000
          -0.4451703408    -0.3701774514    -0.8153477922
   6,11    -0.5773503000    -0.5773503000     0.5773503000
          -0.5627120855     0.7937195188     0.2310074333
 6,13 677.27821804 426.72032668 -5461.54798442 2 0
   6,14    -0.5773503000    -0.5773503000     0.5773503000
           0.0000000000     0.0000000000     0.0000000000
   6,0     0.5773503000     0.5773503000    -0.5773503000
          -0.5702692256     0.7911926705     0.2209234448
 6,14 633.03840403 394.57042116 -5461.02491739 2 0
   6,13     0.5773503000     0.5773503000    -0.5773503000
           0.0000000000     0.0000000000     0.0000000000
   6,12    -0.5773503000    -0.5773503000     0.5773503000
          -0.4451703408    -0.3701774514    -0.8153477922
 6,15 92.24166105 348.20344854 -4341.90445414 2 0
   6,10     0.5773503000     0.5773503000    -0.5773503000
          -0.2812024269     0.8044490095     0.5232465826
   6,16    -0.5773503000    -0.5773503000     0.5773503000
           0.2889212835     0.5168965756     0.8058178591
 6,16 49.83680285 290.66727484 -4338.21306347 2 0
   6,15     0.5773503000     0.5773503000    -0.5773503000
           0.2889212835     0.5168965756     0.8058178591
   6,17    -0.5773503000    -0.5773503000     0.5773503000
           0.8158585732    -0.3799812734     0.4358772997
 6,17 8.39468391 234.28876563 -4334.82642448 2 0
   6,16     0.5773503000     0.5773503000    -0.5773503000
           0.8158585732    -0.3799812734     0.4358772997
   5,11    -0.5773503000    -0.5773503000     0.5773503000
          -0.7954766901     0.5571517278    -0.2383249623
 6,25 403.79296000 773.62795022 -4359.39950357 1 1
   6,1    -0.5773503000    -0.5773503000     0.5773503000
          -0.7911941837     0.5702648415    -0.2209293422
 7,0 114.95562669 302.06036511 -112.24678073 2 0
   7,1    -0.5773503000    -0.5773503000     0.5773503000
          -0.6511783421     0.7521745378     0.1009961957
   7,8     0.5773503000     0.5773503000    -0.5773503000
          -0.6619131396     0.7449653218     0.0830521823
 7,1 74.24750394 268.77752931 -116.76622513 2 0
   7,2    -0.5773503000    -0.5773503000     0.5773503000
          -0.5733547502     0.7901138138     0.2167590636
   7,0     0.5773503000     0.5773503000    -0.5773503000
          -0.6511783421     0.7521745378     0.1009961957
 7,2 29.60568236 235.37874809 -120.82975792 2 0
   5,0    -0.5773503000    -0.5773503000     0.5773503000
          -0.5692302266     0.7915497361     0.2223195095
   7,1     0.5773503000     0.5773503000    -0.5773503000
          -0.5733547502     0.7901138138     0.2167590636
 7,8 168.33666874 348.17968853 -106.82654427 4 0
   7,12     0.5773503000    -0.5773503000    -0.5773503000
           0.1844189398     0.7810434419    -0.5966245021
   7,11    -0.5773503000     0.5773503000     0.5773503000
           0.7894342988     0.5752583245     0.2141759743
   7,0    -0.5773503000    -0.5773503000     0.5773503000
          -0.6619131396     0.7449653218     0.0830521823
   7,10     0.5773503000     0.5773503000    -0.5773503000
          -0.7897923636     0.5742589896    -0.2155333740
 7,10 164.92862772 344.83514307 -103.95036373 1 1
   7,8    -0.5773503000    -0.5773503000     0.5773503000
          -0.7897923636     0.5742589896    -0.2155333740
 7,11 164.92871382 344.82324048 -103.95473948 1 1
   7,8     0.5773503000    -0.5773503000    -0.5773503000
           0.7894342988     0.5752583245     0.2141759743
 7,12 164.92877445 344.82309846 -103.95478524 1 1
   7,8    -0.5773503000     0.5773503000     0.5773503000
           0.1844189398     0.7810434419    -0.5966245021
