#
#	ParaDiS nodal data file
#

#
#	File version number
#

3

#
#	Number of data file segments
#

1

#
#	Minimum coordinate values (x, y, z)
#

-8750.0000     -8750.0000     -8750.0000    

#
#	Maximum coordinate values (x, y, z)
#

8750.0000      8750.0000      8750.0000     

#
#	Node count
#

110         

#
#	Domain geometry (x, y, z)
#

2   2   2  

#
#	Domain decomposition type
#

1

#
#	Domain boundaries (x, y, z)
#

  -8750.0000
      -8750.0000
          -8750.0000
          -4455.1796
           8750.0000
       -224.4382
          -8750.0000
          -7327.6434
           8750.0000
       8750.0000
   -271.2353
      -8750.0000
          -8750.0000
          -5532.6659
           8750.0000
        227.4447
          -8750.0000
          -4241.4069
           8750.0000
       8750.0000
   8750.0000

#
#	Primary lines: node_tag, x, y, z, num_arms, constraint
#	Secondary lines: arm_tag, burgx, burgy, burgz, nx, ny, nz
#

 0,6 -294.53697137 -607.09297644 -5393.74439557 2 0
   0,16    -0.5773503000    -0.5773503000     0.5773503000
           0.0000000000     0.0000000000     0.0000000000
   5,16     0.5773503000     0.5773503000    -0.5773503000
           0.6080731325     0.1678588662     0.7759319987
 0,7 -411.66222564 -767.95610445 -5389.61614006 1 1
   0,8     0.5773503000     0.5773503000    -0.5773503000
          -0.7909968679     0.5708351563    -0.2201617116
 0,8 -371.41112952 -712.29198420 -5390.08341631 2 0
   0,16     0.5773503000     0.5773503000    -0.5773503000
           0.7285925213    -0.0451337574     0.6834587639
   0,7    -0.5773503000    -0.5773503000     0.5773503000
          -0.7909968679     0.5708351563    -0.2201617116
 0,16 -334.84072093 -662.07103835 -5391.44342098 2 0
   0,6     0.5773503000     0.5773503000    -0.5773503000
           0.0000000000     0.0000000000     0.0000000000
   0,8    -0.5773503000    -0.5773503000     0.5773503000
           0.7285925213    -0.0451337574     0.6834587639
 1,0 -816.44915912 -248.02534210 -152.68051211 1 1
   1,13     0.5773503000     0.5773503000    -0.5773503000
          -0.5702604957     0.7911956836     0.2209351880
 1,1 -658.75584317 -464.02901958 -4318.45297065 2 0
   1,3     0.5773503000     0.5773503000    -0.5773503000
          -0.5796906604     0.7878102423     0.2081195819
   1,2    -0.5773503000    -0.5773503000     0.5773503000
          -0.5796906604     0.7878102423     0.2081195819
 1,2 -705.76549508 -497.94708699 -4318.32811390 1 1
   1,1     0.5773503000     0.5773503000    -0.5773503000
          -0.5796906604     0.7878102423     0.2081195819
 1,3 -618.32077819 -434.68293081 -4318.97090409 2 0
   1,1    -0.5773503000    -0.5773503000     0.5773503000
          -0.5796906604     0.7878102423     0.2081195819
   1,4     0.5773503000     0.5773503000    -0.5773503000
          -0.5656677911     0.7927505187     0.2270827276
 1,4 -570.63068041 -399.85260879 -4320.06582951 2 0
   1,5     0.5773503000     0.5773503000    -0.5773503000
          -0.5796906604     0.7878102423     0.2081195819
   1,3    -0.5773503000    -0.5773503000     0.5773503000
          -0.5656677911     0.7927505187     0.2270827276
 1,5 -516.68713135 -360.14057817 -4321.76023952 2 0
   1,4    -0.5773503000    -0.5773503000     0.5773503000
          -0.5796906604     0.7878102423     0.2081195819
   1,6     0.5773503000     0.5773503000    -0.5773503000
          -0.5617497823     0.7940297280     0.2322799457
 1,6 -460.10729608 -317.91592561 -4323.91290964 2 0
   1,5    -0.5773503000    -0.5773503000     0.5773503000
          -0.5617497823     0.7940297280     0.2322799457
   1,7     0.5773503000     0.5773503000    -0.5773503000
          -0.5624570021     0.7938019988     0.2313449967
 1,7 -401.54593280 -272.63794696 -4326.38628313 2 0
   1,6    -0.5773503000    -0.5773503000     0.5773503000
          -0.5624570021     0.7938019988     0.2313449967
   1,8     0.5773503000     0.5773503000    -0.5773503000
          -0.5665858263     0.7924445370     0.2258587107
 1,8 -354.03946643 -232.10740380 -4328.35774853 2 0
   3,7     0.5773503000     0.5773503000    -0.5773503000
          -0.8100957332     0.3166811462    -0.4934145870
   1,7    -0.5773503000    -0.5773503000     0.5773503000
          -0.5665858263     0.7924445370     0.2258587107
 1,13 -746.97131059 -231.29711141 -153.10738865 2 0
   1,0    -0.5773503000    -0.5773503000     0.5773503000
          -0.5702604957     0.7911956836     0.2209351880
   3,0     0.5773503000     0.5773503000    -0.5773503000
          -0.1843712589     0.7810291742     0.5966579154
 2,0 -299.51998844 226.37188339 -7531.30051089 2 0
   2,7    -0.5773503000    -0.5773503000    -0.5773503000
           0.7824218960    -0.1890674778    -0.5933544181
   2,21     0.5773503000     0.5773503000     0.5773503000
           0.7831367675    -0.1915118854    -0.5916248821
 2,1 -379.34112794 -16.46802443 -7458.52683078 2 0
   2,2     0.5773503000     0.5773503000     0.5773503000
           0.7820607447    -0.5942193083    -0.1878414364
   2,4    -0.5773503000    -0.5773503000    -0.5773503000
           0.5456929950    -0.7988354388     0.2531424438
 2,2 -350.85831322 21.07574574 -7477.68882231 2 0
   2,5     0.5773503000     0.5773503000     0.5773503000
          -0.4442052658     0.8154080023    -0.3712027366
   2,1    -0.5773503000    -0.5773503000    -0.5773503000
           0.7820607447    -0.5942193083    -0.1878414364
 2,3 -466.58021659 -69.98589049 -7421.42371867 2 0
   2,9    -0.5773503000    -0.5773503000    -0.5773503000
          -0.2785771078    -0.5253888838     0.8039659917
   2,4     0.5773503000     0.5773503000     0.5773503000
           0.5650576422    -0.7929525625     0.2278949203
 2,4 -421.27396522 -48.01116865 -7437.82081612 2 0
   2,1     0.5773503000     0.5773503000     0.5773503000
           0.5456929950    -0.7988354388     0.2531424438
   2,3    -0.5773503000    -0.5773503000    -0.5773503000
           0.5650576422    -0.7929525625     0.2278949203
 2,5 -329.89374710 64.24441538 -7494.96559980 2 0
   2,6     0.5773503000     0.5773503000     0.5773503000
           0.7865411388    -0.2034949711    -0.5830461677
   2,2    -0.5773503000    -0.5773503000    -0.5773503000
          -0.4442052658     0.8154080023    -0.3712027366
 2,6 -315.41642958 114.07686243 -7509.63241988 2 0
   2,7     0.5773503000     0.5773503000     0.5773503000
           0.7837635848    -0.1936748743    -0.5900887105
   2,5    -0.5773503000    -0.5773503000    -0.5773503000
           0.7865411388    -0.2034949711    -0.5830461677
 2,7 -305.06576881 177.20231504 -7522.72366040 2 0
   2,6    -0.5773503000    -0.5773503000    -0.5773503000
           0.7837635848    -0.1936748743    -0.5900887105
   2,0     0.5773503000     0.5773503000     0.5773503000
           0.7824218960    -0.1890674778    -0.5933544181
 2,8 -571.12604711 -98.38519828 -7400.06402515 2 0
   2,9     0.5773503000     0.5773503000     0.5773503000
           0.1849046073    -0.7811886209     0.5962840135
   2,10    -0.5773503000    -0.5773503000    -0.5773503000
           0.1886240179    -0.7822914671     0.5936674493
 2,9 -515.45333506 -85.83065734 -7409.04824386 2 0
   2,8    -0.5773503000    -0.5773503000    -0.5773503000
           0.1849046073    -0.7811886209     0.5962840135
   2,3     0.5773503000     0.5773503000     0.5773503000
          -0.2785771078    -0.5253888838     0.8039659917
 2,10 -658.16022958 -115.13380321 -7391.89781015 2 0
   2,11    -0.5773503000    -0.5773503000    -0.5773503000
           0.1962381182    -0.7844993842     0.5882612660
   2,8     0.5773503000     0.5773503000     0.5773503000
           0.1886240179    -0.7822914671     0.5936674493
 2,11 -730.41930599 -129.84200387 -7388.03096525 2 0
   2,13    -0.5773503000    -0.5773503000    -0.5773503000
           0.1843600504    -0.7810258199     0.5966657695
   2,10     0.5773503000     0.5773503000     0.5773503000
           0.1962381182    -0.7844993842     0.5882612660
 2,12 -314.59697119 800.73372928 -7589.12224133 1 1
   2,16    -0.5773503000    -0.5773503000    -0.5773503000
           0.6221584271     0.1468390855    -0.7689975127
 2,13 -800.06211705 -145.17773137 -7386.05703087 2 0
   2,18    -0.5773503000    -0.5773503000    -0.5773503000
           0.5702569561    -0.7911969052     0.2209399491
   2,11     0.5773503000     0.5773503000     0.5773503000
           0.1843600504    -0.7810258199     0.5966657695
 2,14 -289.71442219 684.56158750 -7590.76651540 2 0
   2,20    -0.5773503000    -0.5773503000    -0.5773503000
           0.6221723679     0.1468179091    -0.7689902770
   2,16     0.5773503000     0.5773503000     0.5773503000
           0.6260171425     0.1409483682    -0.7669655108
 2,15 -289.18031138 324.82752322 -7548.74238769 2 0
   2,17     0.5773503000     0.5773503000     0.5773503000
           0.7859889543    -0.2015107367    -0.5844782175
   2,21    -0.5773503000    -0.5773503000    -0.5773503000
           0.7826294938    -0.1897749082    -0.5928545856
 2,16 -299.39611275 732.61928084 -7589.83061246 2 0
   2,12     0.5773503000     0.5773503000     0.5773503000
           0.6221584271     0.1468390855    -0.7689975127
   2,14    -0.5773503000    -0.5773503000    -0.5773503000
           0.6260171425     0.1409483682    -0.7669655108
 2,17 -282.53000186 396.00520691 -7561.72150325 2 0
   2,15    -0.5773503000    -0.5773503000    -0.5773503000
           0.7859889543    -0.2015107367    -0.5844782175
   2,22     0.5773503000     0.5773503000     0.5773503000
           0.7822376646    -0.1884413123    -0.5937963522
 2,18 -838.62058694 -154.10566670 -7385.82361962 1 1
   2,13     0.5773503000     0.5773503000     0.5773503000
           0.5702569561    -0.7911969052     0.2209399491
 2,20 -280.04168991 633.38888458 -7592.27294074 2 0
   6,18    -0.5773503000    -0.5773503000    -0.5773503000
           0.6314565171     0.1325428650    -0.7639993821
   2,14     0.5773503000     0.5773503000     0.5773503000
           0.6221723679     0.1468179091    -0.7689902770
 2,21 -294.08219756 275.18648197 -7539.90332887 2 0
   2,15     0.5773503000     0.5773503000     0.5773503000
           0.7826294938    -0.1897749082    -0.5928545856
   2,0    -0.5773503000    -0.5773503000    -0.5773503000
           0.7831367675    -0.1915118854    -0.5916248821
 2,22 -274.93379782 478.22779946 -7577.52561335 2 0
   6,18     0.5773503000     0.5773503000     0.5773503000
           0.7809885218    -0.1842354510    -0.5967530707
   2,17    -0.5773503000    -0.5773503000    -0.5773503000
           0.7822376646    -0.1884413123    -0.5937963522
 3,0 -664.82715639 -210.02546083 -155.46153701 2 0
   3,1     0.5773503000     0.5773503000    -0.5773503000
          -0.1845435599     0.7810807200     0.5965371601
   1,13    -0.5773503000    -0.5773503000     0.5773503000
          -0.1843712589     0.7810291742     0.5966579154
 3,1 -621.52389949 -197.60386233 -156.75470259 2 0
   3,0    -0.5773503000    -0.5773503000     0.5773503000
          -0.1845435599     0.7810807200     0.5965371601
   3,2     0.5773503000     0.5773503000    -0.5773503000
          -0.2115452541     0.7887341590     0.5771889049
 3,2 -563.59264195 -179.67621143 -158.32629071 2 0
   3,3     0.5773503000     0.5773503000    -0.5773503000
          -0.5664014829     0.7925061706     0.2261046876
   3,1    -0.5773503000    -0.5773503000     0.5773503000
          -0.2115452541     0.7887341590     0.5771889049
 3,3 -486.00192753 -130.39612581 -150.67809792 2 0
   3,4     0.5773503000     0.5773503000    -0.5773503000
          -0.5704364726     0.7911349024     0.2206984298
   3,2    -0.5773503000    -0.5773503000     0.5773503000
          -0.5664014829     0.7925061706     0.2261046876
 3,4 -453.70635699 -108.49016109 -147.56715429 2 0
   3,5     0.5773503000     0.5773503000    -0.5773503000
          -0.5735935891     0.7900291424     0.2164355533
   3,3    -0.5773503000    -0.5773503000     0.5773503000
          -0.5704364726     0.7911349024     0.2206984298
 3,5 -394.88885603 -68.05302236 -142.33807401 2 0
   3,4    -0.5773503000    -0.5773503000     0.5773503000
          -0.5735935891     0.7900291424     0.2164355533
   3,6     0.5773503000     0.5773503000    -0.5773503000
          -0.5733175155     0.7901269989     0.2168094833
 3,6 -347.44122777 -35.20375653 -138.51191961 2 0
   5,1     0.5773503000     0.5773503000    -0.5773503000
          -0.5770620188     0.7887805170     0.2117184982
   3,5    -0.5773503000    -0.5773503000     0.5773503000
          -0.5733175155     0.7901269989     0.2168094833
 3,7 -315.31245519 -193.34691519 -4329.95614874 2 0
   1,8    -0.5773503000    -0.5773503000     0.5773503000
          -0.8100957332     0.3166811462    -0.4934145870
   5,5     0.5773503000     0.5773503000    -0.5773503000
          -0.7763201044     0.6072383980    -0.1690817064
 4,0 657.42605025 -289.83412329 -8548.24229534 2 0
   4,13    -0.5773503000     0.5773503000    -0.5773503000
          -0.7226500312    -0.0321856844     0.6904643468
   4,9     0.5773503000    -0.5773503000     0.5773503000
          -0.2740919346     0.5290285094     0.8031204440
 4,1 672.11447350 -303.13896100 -8273.45289442 2 0
   4,14    -0.5773503000     0.5773503000    -0.5773503000
           0.7133500095     0.7006936423    -0.0126563672
   4,10     0.5773503000    -0.5773503000     0.5773503000
           0.7148505693     0.6990998340    -0.0157507353
 4,2 730.87505331 -289.90837479 -8042.85144629 2 0
   4,22    -0.5773503000     0.5773503000    -0.5773503000
           0.7068624610     0.7073508484     0.0004883875
   4,16     0.5773503000    -0.5773503000     0.5773503000
          -0.1841722219    -0.7809695877    -0.5967973658
 4,7 653.22474425 -285.63261799 -8750.00000000 1 1
   4,8     0.5773503000    -0.5773503000     0.5773503000
           0.7069372599     0.7072761806     0.0003389207
 4,8 653.75680572 -286.16423549 -8680.80305808 2 0
   4,13     0.5773503000    -0.5773503000     0.5773503000
           0.7061353370     0.7080742380     0.0019389011
   4,7    -0.5773503000     0.5773503000    -0.5773503000
           0.7069372599     0.7072761806     0.0003389207
 4,9 660.73250059 -293.02540022 -8471.47889891 2 0
   4,0    -0.5773503000     0.5773503000    -0.5773503000
          -0.2740919346     0.5290285094     0.8031204440
   4,11     0.5773503000    -0.5773503000     0.5773503000
           0.7085325478     0.7056723375    -0.0028602103
 4,10 678.24944078 -307.13802050 -8191.36157992 2 0
   4,22     0.5773503000    -0.5773503000     0.5773503000
          -0.2740919346     0.5290285094     0.8031204440
   4,1    -0.5773503000     0.5773503000    -0.5773503000
           0.7148505693     0.6990998340    -0.0157507353
 4,11 663.25099041 -295.36382046 -8421.68957851 2 0
   4,14     0.5773503000    -0.5773503000     0.5773503000
           0.7088280321     0.7053728679    -0.0034551642
   4,9    -0.5773503000     0.5773503000    -0.5773503000
           0.7085325478     0.7056723375    -0.0028602103
 4,13 655.19844272 -287.63483271 -8614.59106744 2 0
   4,0     0.5773503000    -0.5773503000     0.5773503000
          -0.7226500312    -0.0321856844     0.6904643468
   4,8    -0.5773503000     0.5773503000    -0.5773503000
           0.7061353370     0.7080742380     0.0019389011
 4,14 666.11972115 -298.05389586 -8369.27766808 2 0
   4,11    -0.5773503000     0.5773503000    -0.5773503000
           0.7088280321     0.7053728679    -0.0034551642
   4,1     0.5773503000    -0.5773503000     0.5773503000
           0.7133500095     0.7006936423    -0.0126563672
 4,16 802.63039869 -306.56255066 -8043.13241481 1 1
   4,2    -0.5773503000     0.5773503000    -0.5773503000
          -0.1841722219    -0.7809695877    -0.5967973658
 4,22 690.51241251 -306.46679406 -8102.78800556 2 0
   4,10    -0.5773503000     0.5773503000    -0.5773503000
          -0.2740919346     0.5290285094     0.8031204440
   4,2     0.5773503000    -0.5773503000     0.5773503000
           0.7068624610     0.7073508484     0.0004883875
 5,0 -50.37953256 176.80566320 -119.84159699 2 0
   5,2    -0.5773503000    -0.5773503000     0.5773503000
          -0.5669868142     0.7923101368     0.2253233226
   7,3     0.5773503000     0.5773503000    -0.5773503000
          -0.5692302266     0.7915497361     0.2223195095
 5,1 -270.21022099 19.17460439 -132.85234127 2 0
   3,6    -0.5773503000    -0.5773503000     0.5773503000
          -0.5770620188     0.7887805170     0.2117184982
   5,4     0.5773503000     0.5773503000    -0.5773503000
          -0.6127801673     0.7736965676     0.1609164002
 5,2 -104.97039167 138.26083739 -122.63095589 2 0
   5,0     0.5773503000     0.5773503000    -0.5773503000
          -0.5669868142     0.7923101368     0.2253233226
   5,3    -0.5773503000    -0.5773503000     0.5773503000
          -0.5675874495     0.7921079635     0.2245205140
 5,3 -174.76553100 88.63990190 -126.49413234 2 0
   5,2     0.5773503000     0.5773503000    -0.5773503000
          -0.5675874495     0.7921079635     0.2245205140
   5,4    -0.5773503000    -0.5773503000     0.5773503000
          -0.5681279395     0.7919251548     0.2237972153
 5,4 -231.10308266 47.79543953 -130.08534643 2 0
   5,1    -0.5773503000    -0.5773503000     0.5773503000
          -0.6127801673     0.7736965676     0.1609164002
   5,3     0.5773503000     0.5773503000    -0.5773503000
          -0.5681279395     0.7919251548     0.2237972153
 5,5 -268.80139452 -139.68275672 -4332.23689542 2 0
   5,8     0.5773503000     0.5773503000    -0.5773503000
          -0.7827376468     0.5925934049    -0.1901442419
   3,7    -0.5773503000    -0.5773503000     0.5773503000
          -0.7763201044     0.6072383980    -0.1690817064
 5,6 -88.29569357 95.49933877 -4343.75801046 2 0
   5,10     0.5773503000     0.5773503000    -0.5773503000
          -0.7925081373     0.5663955959    -0.2261125414
   5,9    -0.5773503000    -0.5773503000     0.5773503000
          -0.7923790745     0.5667813065    -0.2255977679
 5,7 -162.27211883 -5.77931674 -4338.26959255 2 0
   5,9     0.5773503000     0.5773503000    -0.5773503000
          -0.8051349014     0.5201188989    -0.2850160025
   5,8    -0.5773503000    -0.5773503000     0.5773503000
          -0.7891064487     0.5761661630    -0.2129402857
 5,8 -208.67360468 -67.31911571 -4335.25467374 2 0
   5,7     0.5773503000     0.5773503000    -0.5773503000
          -0.7891064487     0.5761661630    -0.2129402857
   5,5    -0.5773503000    -0.5773503000     0.5773503000
          -0.7827376468     0.5925934049    -0.1901442419
 5,9 -117.39224736 55.64042659 -4341.55737214 2 0
   5,7    -0.5773503000    -0.5773503000     0.5773503000
          -0.8051349014     0.5201188989    -0.2850160025
   5,6     0.5773503000     0.5773503000    -0.5773503000
          -0.7923790745     0.5667813065    -0.2255977679
 5,10 -45.26918269 154.50119607 -4347.08464804 2 0
   6,23     0.5773503000     0.5773503000    -0.5773503000
          -0.7954766901     0.5571517278    -0.2383249623
   5,6    -0.5773503000    -0.5773503000     0.5773503000
          -0.7925081373     0.5663955959    -0.2261125414
 5,11 -74.38758069 -308.16696226 -5410.53664595 2 0
   5,12    -0.5773503000    -0.5773503000     0.5773503000
           0.0000000000     0.0000000000     0.0000000000
   5,17     0.5773503000     0.5773503000    -0.5773503000
          -0.7923244928     0.5669440475    -0.2253804453
 5,12 -109.89003085 -356.26871442 -5407.61220516 2 0
   5,11     0.5773503000     0.5773503000    -0.5773503000
           0.0000000000     0.0000000000     0.0000000000
   5,14    -0.5773503000    -0.5773503000     0.5773503000
           0.7176211554    -0.0215200383     0.6961011171
 5,13 -179.09310168 -450.07547729 -5402.06440277 2 0
   5,14     0.5773503000     0.5773503000    -0.5773503000
           0.7285925212    -0.0451337574     0.6834587639
   5,15    -0.5773503000    -0.5773503000     0.5773503000
           0.7176211554    -0.0215200383     0.6961011171
 5,14 -143.46945305 -401.75576777 -5404.88826501 2 0
   5,13    -0.5773503000    -0.5773503000     0.5773503000
           0.7285925212    -0.0451337574     0.6834587639
   5,12     0.5773503000     0.5773503000    -0.5773503000
           0.7176211554    -0.0215200383     0.6961011171
 5,15 -213.92443929 -497.41302490 -5399.40090858 2 0
   5,16    -0.5773503000    -0.5773503000     0.5773503000
           0.7176211555    -0.0215200385     0.6961011170
   5,13     0.5773503000     0.5773503000    -0.5773503000
           0.7176211554    -0.0215200383     0.6961011171
 5,16 -252.98879319 -550.56086850 -5396.56073118 2 0
   5,15     0.5773503000     0.5773503000    -0.5773503000
           0.7176211555    -0.0215200385     0.6961011170
   0,6    -0.5773503000    -0.5773503000     0.5773503000
           0.6080731325     0.1678588662     0.7759319987
 5,17 -34.68712648 -254.51815175 -5413.79881513 2 0
   5,25     0.5773503000     0.5773503000    -0.5773503000
          -0.7905395765     0.5721465350    -0.2183930415
   5,11    -0.5773503000    -0.5773503000     0.5773503000
          -0.7923244928     0.5669440475    -0.2253804453
 5,18 311.83985536 152.89765782 -5434.54922170 2 0
   5,19    -0.5773503000    -0.5773503000     0.5773503000
          -0.5828151601     0.7866296180     0.2038144579
   5,20     0.5773503000     0.5773503000    -0.5773503000
          -0.5925300238     0.7827638589     0.1902338352
 5,19 255.06796485 106.80805210 -5432.22471638 2 0
   5,21    -0.5773503000    -0.5773503000     0.5773503000
          -0.4383965263     0.8157352396     0.3773387134
   5,18     0.5773503000     0.5773503000    -0.5773503000
          -0.5828151601     0.7866296180     0.2038144579
 5,20 380.13327590 204.75899037 -5438.03246417 2 0
   6,3     0.5773503000     0.5773503000    -0.5773503000
          -0.5316530358    -0.2708379836    -0.8024910194
   5,18    -0.5773503000    -0.5773503000     0.5773503000
          -0.5925300238     0.7827638589     0.1902338352
 5,21 211.30490113 64.74370066 -5430.79219167 2 0
   5,22    -0.5773503000    -0.5773503000     0.5773503000
          -0.7963167729     0.5543944190    -0.2419223540
   5,19     0.5773503000     0.5773503000    -0.5773503000
          -0.4383965263     0.8157352396     0.3773387134
 5,22 170.82371844 18.88573719 -5429.10872116 2 0
   5,21     0.5773503000     0.5773503000    -0.5773503000
          -0.7963167729     0.5543944190    -0.2419223540
   5,23    -0.5773503000    -0.5773503000     0.5773503000
          -0.7990047445     0.5450824659    -0.2539222786
 5,23 122.87638548 -42.41528428 -5426.20704625 2 0
   5,22     0.5773503000     0.5773503000    -0.5773503000
          -0.7990047445     0.5450824659    -0.2539222786
   5,26    -0.5773503000    -0.5773503000     0.5773503000
          -0.7884482931     0.5779684440    -0.2104798491
 5,24 62.81336381 -122.73114187 -5421.76063329 2 0
   5,25    -0.5773503000    -0.5773503000     0.5773503000
           0.6148554820     0.1578297707     0.7726852527
   5,26     0.5773503000     0.5773503000    -0.5773503000
          -0.7878801638     0.5795031053    -0.2083770585
 5,25 5.01006828 -200.85646698 -5417.06392610 2 0
   5,24     0.5773503000     0.5773503000    -0.5773503000
           0.6148554820     0.1578297707     0.7726852527
   5,17    -0.5773503000    -0.5773503000     0.5773503000
          -0.7905395765     0.5721465350    -0.2183930415
 5,26 92.63458262 -82.86842673 -5424.01978586 2 0
   5,24    -0.5773503000    -0.5773503000     0.5773503000
          -0.7878801638     0.5795031053    -0.2083770585
   5,23     0.5773503000     0.5773503000    -0.5773503000
          -0.7884482931     0.5779684440    -0.2104798491
 6,0 731.50752362 462.23193022 -5448.49344147 1 1
   6,13    -0.5773503000    -0.5773503000     0.5773503000
          -0.5702692256     0.7911926705     0.2209234448
 6,3 424.87081930 238.11023767 -5440.36213987 2 0
   5,20    -0.5773503000    -0.5773503000     0.5773503000
          -0.5316530358    -0.2708379836    -0.8024910194
   6,7     0.5773503000     0.5773503000    -0.5773503000
          -0.6400434752    -0.1190207005    -0.7590641756
 6,6 210.45826362 502.27109327 -4367.79690259 2 0
   6,8     0.5773503000     0.5773503000    -0.5773503000
          -0.2812024269     0.8044490095     0.5232465826
   6,19    -0.5773503000    -0.5773503000     0.5773503000
          -0.7916272185     0.5690035633    -0.2226236552
 6,7 473.67647984 274.16509519 -5442.64851014 2 0
   6,11     0.5773503000     0.5773503000    -0.5773503000
          -0.6400434751    -0.1190207006    -0.7590641757
   6,3    -0.5773503000    -0.5773503000     0.5773503000
          -0.6400434752    -0.1190207005    -0.7590641756
 6,8 244.17789490 548.14336806 -4369.91174635 2 0
   6,9     0.5773503000     0.5773503000    -0.5773503000
          -0.0461447178     0.7290489865     0.6829042687
   6,6    -0.5773503000    -0.5773503000     0.5773503000
          -0.2812024269     0.8044490095     0.5232465826
 6,9 274.46026328 589.45420291 -4371.59984779 2 0
   6,8    -0.5773503000    -0.5773503000     0.5773503000
          -0.0461447178     0.7290489865     0.6829042687
   6,10     0.5773503000     0.5773503000    -0.5773503000
          -0.7964242777     0.5540366472    -0.2423876306
 6,10 308.77238030 636.40619678 -4373.24750236 2 0
   6,9    -0.5773503000    -0.5773503000     0.5773503000
          -0.7964242777     0.5540366472    -0.2423876306
   6,15     0.5773503000     0.5773503000    -0.5773503000
          -0.7993533423     0.5438143680    -0.2555389743
 6,11 527.55018662 313.76465643 -5444.79003479 2 0
   6,7    -0.5773503000    -0.5773503000     0.5773503000
          -0.6400434751    -0.1190207006    -0.7590641757
   6,12     0.5773503000     0.5773503000    -0.5773503000
          -0.5627120855     0.7937195188     0.2310074333
 6,12 582.73649396 354.21914405 -5446.56210786 2 0
   6,14     0.5773503000     0.5773503000    -0.5773503000
          -0.4451703408    -0.3701774514    -0.8153477922
   6,11    -0.5773503000    -0.5773503000     0.5773503000
          -0.5627120855     0.7937195188     0.2310074333
 6,13 678.75031351 424.17173843 -5448.37053693 2 0
   6,14    -0.5773503000    -0.5773503000     0.5773503000
           0.0000000000     0.0000000000     0.0000000000
   6,0     0.5773503000     0.5773503000    -0.5773503000
          -0.5702692256     0.7911926705     0.2209234448
 6,14 634.63556835 392.11456768 -5447.78297720 2 0
   6,13     0.5773503000     0.5773503000    -0.5773503000
           0.0000000000     0.0000000000     0.0000000000
   6,12    -0.5773503000    -0.5773503000     0.5773503000
          -0.4451703408    -0.3701774514    -0.8153477922
 6,15 343.23078049 683.72799597 -4374.52258316 2 0
   6,10    -0.5773503000    -0.5773503000     0.5773503000
          -0.7993533423     0.5438143680    -0.2555389743
   6,16     0.5773503000     0.5773503000    -0.5773503000
          -0.7894343418     0.5752582051    -0.2141761367
 6,16 370.84621321 721.79319818 -4375.15437216 2 0
   6,15    -0.5773503000    -0.5773503000     0.5773503000
          -0.7894343418     0.5752582051    -0.2141761367
   6,17     0.5773503000     0.5773503000    -0.5773503000
          -0.7911941837     0.5702648415    -0.2209293422
 6,17 406.76121428 771.48855358 -4375.49980557 1 1
   6,16    -0.5773503000    -0.5773503000     0.5773503000
          -0.7911941837     0.5702648415    -0.2209293422
 6,18 -269.01525630 565.51849967 -7593.69565797 2 0
   2,22    -0.5773503000    -0.5773503000    -0.5773503000
           0.7809885218    -0.1842354510    -0.5967530707
   2,20     0.5773503000     0.5773503000     0.5773503000
           0.6314565171     0.1325428650    -0.7639993821
 6,19 173.37661682 451.91221194 -4365.14085485 2 0
   6,6     0.5773503000     0.5773503000    -0.5773503000
          -0.7916272185     0.5690035633    -0.2226236552
   6,20    -0.5773503000    -0.5773503000     0.5773503000
          -0.7824670446     0.5932458809    -0.1892211637
 6,20 134.88497902 399.65079583 -4362.02715114 2 0
   6,21    -0.5773503000    -0.5773503000     0.5773503000
          -0.2812024269     0.8044490095     0.5232465826
   6,19     0.5773503000     0.5773503000    -0.5773503000
          -0.7824670446     0.5932458809    -0.1892211637
 6,21 94.83607801 345.24695010 -4358.61050140 2 0
   6,20     0.5773503000     0.5773503000    -0.5773503000
          -0.2812024269     0.8044490095     0.5232465826
   6,22    -0.5773503000    -0.5773503000     0.5773503000
           0.2889212835     0.5168965756     0.8058178591
 6,22 52.54936899 287.82895735 -4355.02512549 2 0
   6,21     0.5773503000     0.5773503000    -0.5773503000
           0.2889212835     0.5168965756     0.8058178591
   6,23    -0.5773503000    -0.5773503000     0.5773503000
           0.8158585732    -0.3799812734     0.4358772997
 6,23 11.29033510 231.68410346 -4351.59572725 2 0
   6,22     0.5773503000     0.5773503000    -0.5773503000
           0.8158585732    -0.3799812734     0.4358772997
   5,10    -0.5773503000    -0.5773503000     0.5773503000
          -0.7954766901     0.5571517278    -0.2383249623
 7,0 167.24249160 346.96308951 -103.55759105 4 0
   7,6     0.5773503000    -0.5773503000    -0.5773503000
           0.1844189398     0.7810434419    -0.5966245021
   7,5    -0.5773503000     0.5773503000     0.5773503000
           0.7894342988     0.5752583245     0.2141759743
   7,1    -0.5773503000    -0.5773503000     0.5773503000
          -0.6619131396     0.7449653218     0.0830521823
   7,4     0.5773503000     0.5773503000    -0.5773503000
          -0.7897923636     0.5742589896    -0.2155333740
 7,1 111.30137684 298.41038038 -110.17370594 2 0
   7,2    -0.5773503000    -0.5773503000     0.5773503000
          -0.6511783421     0.7521745378     0.1009961957
   7,0     0.5773503000     0.5773503000    -0.5773503000
          -0.6619131396     0.7449653218     0.0830521823
 7,2 71.23037390 265.29678718 -113.26141430 2 0
   7,3    -0.5773503000    -0.5773503000     0.5773503000
          -0.5733547502     0.7901138138     0.2167590636
   7,1     0.5773503000     0.5773503000    -0.5773503000
          -0.6511783421     0.7521745378     0.1009961957
 7,3 27.19522570 232.14282765 -115.90241289 2 0
   5,0    -0.5773503000    -0.5773503000     0.5773503000
          -0.5692302266     0.7915497361     0.2223195095
   7,2     0.5773503000     0.5773503000    -0.5773503000
          -0.5733547502     0.7901138138     0.2167590636
 7,4 170.99377908 350.51342390 -105.59012823 1 1
   7,0    -0.5773503000    -0.5773503000     0.5773503000
          -0.7897923636     0.5742589896    -0.2155333740
 7,5 170.98662262 350.51841208 -105.60434440 1 1
   7,0     0.5773503000    -0.5773503000    -0.5773503000
           0.7894342988     0.5752583245     0.2141759743
 7,6 170.98657590 350.51847283 -105.60428715 1 1
   7,0    -0.5773503000     0.5773503000     0.5773503000
           0.1844189398     0.7810434419    -0.5966245021
