#
#	ParaDiS nodal data file
#

#
#	File version number
#

3

#
#	Number of data file segments
#

1

#
#	Minimum coordinate values (x, y, z)
#

-8750.0000     -8750.0000     -8750.0000    

#
#	Maximum coordinate values (x, y, z)
#

8750.0000      8750.0000      8750.0000     

#
#	Node count
#

89          

#
#	Domain geometry (x, y, z)
#

2   2   2  

#
#	Domain decomposition type
#

1

#
#	Domain boundaries (x, y, z)
#

  -8750.0000
      -8750.0000
          -8750.0000
          -3934.1009
           8750.0000
       -238.2018
          -8750.0000
          -4705.2286
           8750.0000
       8750.0000
    161.6276
      -8750.0000
          -8750.0000
          -5505.6280
           8750.0000
        224.3590
          -8750.0000
          -4163.6464
           8750.0000
       8750.0000
   8750.0000

#
#	Primary lines: node_tag, x, y, z, num_arms, constraint
#	Secondary lines: arm_tag, burgx, burgy, burgz, nx, ny, nz
#

 0,7 -686.41584635 -285.14465543 -7847.60181250 2 0
   2,5     0.5773503000     0.5773503000     0.5773503000
           0.7865411388    -0.2034949711    -0.5830461677
   0,8    -0.5773503000    -0.5773503000    -0.5773503000
          -0.4442052658     0.8154080023    -0.3712027366
 0,8 -711.73579018 -332.16606165 -7834.25945400 2 0
   0,7     0.5773503000     0.5773503000     0.5773503000
          -0.4442052658     0.8154080023    -0.3712027366
   0,10    -0.5773503000    -0.5773503000    -0.5773503000
           0.1886240179    -0.7822914671     0.5936674493
 0,9 -698.97921492 -507.36254776 -4265.64578337 1 1
   0,11     0.5773503000     0.5773503000    -0.5773503000
          -0.5796906604     0.7878102423     0.2081195819
 0,10 -792.27384338 -350.43362297 -7832.23614068 1 1
   0,8     0.5773503000     0.5773503000     0.5773503000
           0.1886240179    -0.7822914671     0.5936674493
 0,11 -653.61930468 -474.63980081 -4265.74566574 2 0
   0,9    -0.5773503000    -0.5773503000     0.5773503000
          -0.5796906604     0.7878102423     0.2081195819
   0,13     0.5773503000     0.5773503000    -0.5773503000
          -0.5656677911     0.7927505187     0.2270827276
 0,12 -324.47670901 -674.40466778 -5460.16661450 2 0
   0,27     0.5773503000     0.5773503000    -0.5773503000
           0.0000000000     0.0000000000     0.0000000000
   0,20    -0.5773503000    -0.5773503000     0.5773503000
           0.7285925213    -0.0451337574     0.6834587639
 0,13 -578.68528503 -419.71993234 -4266.78168088 2 0
   0,11    -0.5773503000    -0.5773503000     0.5773503000
          -0.5656677911     0.7927505187     0.2270827276
   0,15     0.5773503000     0.5773503000    -0.5773503000
          -0.5617497823     0.7940297280     0.2322799457
 0,14 -458.91834482 -327.98333476 -4269.91962809 2 0
   0,15    -0.5773503000    -0.5773503000     0.5773503000
          -0.5624570021     0.7938019988     0.2313449967
   0,16     0.5773503000     0.5773503000    -0.5773503000
          -0.5665858263     0.7924445370     0.2258587107
 0,15 -507.32523062 -366.19674295 -4268.56528874 2 0
   0,13    -0.5773503000    -0.5773503000     0.5773503000
          -0.5617497823     0.7940297280     0.2322799457
   0,14     0.5773503000     0.5773503000    -0.5773503000
          -0.5624570021     0.7938019988     0.2313449967
 0,16 -412.80654634 -287.87776279 -4271.18950457 2 0
   0,17     0.5773503000     0.5773503000    -0.5773503000
          -0.8100957332     0.3166811462    -0.4934145870
   0,14    -0.5773503000    -0.5773503000     0.5773503000
          -0.5665858263     0.7924445370     0.2258587107
 0,17 -369.67221015 -244.79072571 -4272.51975947 2 0
   0,16    -0.5773503000    -0.5773503000     0.5773503000
          -0.8100957332     0.3166811462    -0.4934145870
   3,24     0.5773503000     0.5773503000    -0.5773503000
          -0.7763201044     0.6072383980    -0.1690817064
 0,19 -24.38037537 -265.15530852 -5478.26654327 2 0
   2,14     0.5773503000     0.5773503000    -0.5773503000
          -0.7905395765     0.5721465350    -0.2183930415
   0,21    -0.5773503000    -0.5773503000     0.5773503000
          -0.7923244928     0.5669440475    -0.2253804453
 0,20 -359.27628297 -722.24681388 -5459.00636121 2 0
   0,12     0.5773503000     0.5773503000    -0.5773503000
           0.7285925213    -0.0451337574     0.6834587639
   0,28    -0.5773503000    -0.5773503000     0.5773503000
          -0.7909968679     0.5708351563    -0.2201617116
 0,21 -63.38739210 -318.26711878 -5475.83281978 2 0
   0,23    -0.5773503000    -0.5773503000     0.5773503000
           0.0000000000     0.0000000000     0.0000000000
   0,19     0.5773503000     0.5773503000    -0.5773503000
          -0.7923244928     0.5669440475    -0.2253804453
 0,22 -132.73047316 -412.73675172 -5471.37402525 2 0
   0,25    -0.5773503000    -0.5773503000     0.5773503000
           0.7285925212    -0.0451337574     0.6834587639
   0,23     0.5773503000     0.5773503000    -0.5773503000
           0.7176211554    -0.0215200383     0.6961011171
 0,23 -99.37154061 -367.29682316 -5473.53065577 2 0
   0,21     0.5773503000     0.5773503000    -0.5773503000
           0.0000000000     0.0000000000     0.0000000000
   0,22    -0.5773503000    -0.5773503000     0.5773503000
           0.7176211554    -0.0215200383     0.6961011171
 0,24 -203.09180273 -508.65660839 -5466.86805373 2 0
   0,26    -0.5773503000    -0.5773503000     0.5773503000
           0.7176211555    -0.0215200385     0.6961011170
   0,25     0.5773503000     0.5773503000    -0.5773503000
           0.7176211554    -0.0215200383     0.6961011171
 0,25 -168.30824211 -461.23558410 -5469.07337180 2 0
   0,22     0.5773503000     0.5773503000    -0.5773503000
           0.7285925212    -0.0451337574     0.6834587639
   0,24    -0.5773503000    -0.5773503000     0.5773503000
           0.7176211554    -0.0215200383     0.6961011171
 0,26 -242.07240879 -561.80429447 -5464.50428168 2 0
   0,24     0.5773503000     0.5773503000    -0.5773503000
           0.7176211555    -0.0215200385     0.6961011170
   0,27    -0.5773503000    -0.5773503000     0.5773503000
           0.6080731325     0.1678588662     0.7759319987
 0,27 -284.31415172 -619.45245285 -5462.13273139 2 0
   0,12    -0.5773503000    -0.5773503000     0.5773503000
           0.0000000000     0.0000000000     0.0000000000
   0,26     0.5773503000     0.5773503000    -0.5773503000
           0.6080731325     0.1678588662     0.7759319987
 0,28 -398.93873372 -777.12667857 -5458.62265204 1 1
   0,20     0.5773503000     0.5773503000    -0.5773503000
          -0.7909968679     0.5708351563    -0.2201617116
 2,0 -761.62001921 387.52331512 -8010.94101722 2 0
   2,6    -0.5773503000    -0.5773503000    -0.5773503000
           0.4724969599     0.3404316455    -0.8129286055
   2,42     0.5773503000     0.5773503000     0.5773503000
           0.4724904687     0.3404388800    -0.8129293487
 2,1 -649.23951731 186.97034078 -7968.06634987 2 0
   2,8     0.5773503000     0.5773503000     0.5773503000
           0.6314565171     0.1325428650    -0.7639993821
   2,9    -0.5773503000    -0.5773503000    -0.5773503000
           0.7822376646    -0.1884413123    -0.5937963522
 2,2 -644.38296939 -46.55030864 -7896.65522545 2 0
   2,4    -0.5773503000    -0.5773503000    -0.5773503000
           0.7835908475    -0.1930769350    -0.5905139125
   2,3     0.5773503000     0.5773503000     0.5773503000
           0.7836935475    -0.1934322639    -0.5902612836
 2,3 -641.85352998 14.82609222 -7912.41577281 2 0
   2,9     0.5773503000     0.5773503000     0.5773503000
           0.7831367675    -0.1915118854    -0.5916248821
   2,2    -0.5773503000    -0.5773503000    -0.5773503000
           0.7836935475    -0.1934322639    -0.5902612836
 2,4 -647.06863277 -84.12220006 -7888.03058063 2 0
   2,2     0.5773503000     0.5773503000     0.5773503000
           0.7835908475    -0.1930769350    -0.5905139125
   2,7    -0.5773503000    -0.5773503000    -0.5773503000
           0.7839718475    -0.1943976986    -0.5895741489
 2,5 -668.07478645 -231.03344423 -7859.80227574 2 0
   2,7     0.5773503000     0.5773503000     0.5773503000
           0.7837635848    -0.1936748743    -0.5900887105
   0,7    -0.5773503000    -0.5773503000    -0.5773503000
           0.7865411388    -0.2034949711    -0.5830461677
 2,6 -706.00832947 316.31353172 -7995.74067575 2 0
   2,8    -0.5773503000    -0.5773503000    -0.5773503000
           0.6221723679     0.1468179091    -0.7689902770
   2,0     0.5773503000     0.5773503000     0.5773503000
           0.4724969599     0.3404316455    -0.8129286055
 2,7 -655.20024624 -163.87762011 -7872.45076144 2 0
   2,5    -0.5773503000    -0.5773503000    -0.5773503000
           0.7837635848    -0.1936748743    -0.5900887105
   2,4     0.5773503000     0.5773503000     0.5773503000
           0.7839718475    -0.1943976986    -0.5895741489
 2,8 -673.82676059 253.42798640 -7981.44784894 2 0
   2,1    -0.5773503000    -0.5773503000    -0.5773503000
           0.6314565171     0.1325428650    -0.7639993821
   2,6     0.5773503000     0.5773503000     0.5773503000
           0.6221723679     0.1468179091    -0.7689902770
 2,9 -642.16076216 103.24287603 -7939.21663133 2 0
   2,1     0.5773503000     0.5773503000     0.5773503000
           0.7822376646    -0.1884413123    -0.5937963522
   2,3    -0.5773503000    -0.5773503000    -0.5773503000
           0.7831367675    -0.1915118854    -0.5916248821
 2,10 141.55100196 -40.05780127 -5488.01239331 2 0
   2,11    -0.5773503000    -0.5773503000     0.5773503000
          -0.7884482931     0.5779684440    -0.2104798491
   5,4     0.5773503000     0.5773503000    -0.5773503000
          -0.7879506250     0.5793138120    -0.2086368130
 2,11 114.16002847 -76.88601046 -5486.57152956 2 0
   2,10     0.5773503000     0.5773503000    -0.5773503000
          -0.7884482931     0.5779684440    -0.2104798491
   2,12    -0.5773503000    -0.5773503000     0.5773503000
          -0.7899408053     0.5738422649    -0.2160985403
 2,12 75.50657002 -129.34374199 -5484.33593664 2 0
   2,13    -0.5773503000    -0.5773503000     0.5773503000
          -0.7906635206     0.5717925149    -0.2188710057
   2,11     0.5773503000     0.5773503000    -0.5773503000
          -0.7899408053     0.5738422649    -0.2160985403
 2,13 46.99455108 -168.05774544 -5482.62655586 2 0
   2,14    -0.5773503000    -0.5773503000     0.5773503000
           0.6148554820     0.1578297707     0.7726852527
   2,12     0.5773503000     0.5773503000    -0.5773503000
          -0.7906635206     0.5717925149    -0.2188710057
 2,14 15.11965488 -211.42739096 -5480.68150697 2 0
   2,13     0.5773503000     0.5773503000    -0.5773503000
           0.6148554820     0.1578297707     0.7726852527
   0,19    -0.5773503000    -0.5773503000     0.5773503000
          -0.7905395765     0.5721465350    -0.2183930415
 2,42 -776.92472130 399.21893445 -8010.56472944 1 1
   2,0    -0.5773503000    -0.5773503000    -0.5773503000
           0.4724904687     0.3404388800    -0.8129293487
 3,0 31.41362701 239.24662337 -128.74181866 2 0
   3,19    -0.5773503000    -0.5773503000     0.5773503000
          -0.5692302266     0.7915497361     0.2223195095
   3,1     0.5773503000     0.5773503000    -0.5773503000
          -0.5733547502     0.7901138138     0.2167590636
 3,1 78.32575629 274.00766384 -122.08333025 2 0
   3,0    -0.5773503000    -0.5773503000     0.5773503000
          -0.5733547502     0.7901138138     0.2167590636
   3,2     0.5773503000     0.5773503000    -0.5773503000
          -0.6511783421     0.7521745378     0.1009961957
 3,2 119.82814194 307.22534552 -115.25859622 2 0
   3,1    -0.5773503000    -0.5773503000     0.5773503000
          -0.6511783421     0.7521745378     0.1009961957
   7,0     0.5773503000     0.5773503000    -0.5773503000
          -0.6619131396     0.7449653218     0.0830521823
 3,3 159.74826858 340.36759375 -107.55849738 1 1
   7,0    -0.5773503000    -0.5773503000     0.5773503000
          -0.7897923636     0.5742589896    -0.2155333740
 3,4 125.12817345 409.12829581 -4302.96079066 2 0
   3,5    -0.5773503000    -0.5773503000     0.5773503000
          -0.2812024269     0.8044490095     0.5232465826
   6,18     0.5773503000     0.5773503000    -0.5773503000
          -0.7824670446     0.5932458809    -0.1892211637
 3,5 85.60327405 355.50027953 -4299.72501780 2 0
   3,4     0.5773503000     0.5773503000    -0.5773503000
          -0.2812024269     0.8044490095     0.5232465826
   3,6    -0.5773503000    -0.5773503000     0.5773503000
           0.2889212835     0.5168965756     0.8058178591
 3,6 43.24931220 297.92087578 -4296.39975049 2 0
   3,5     0.5773503000     0.5773503000    -0.5773503000
           0.2889212835     0.5168965756     0.8058178591
   3,7    -0.5773503000    -0.5773503000     0.5773503000
           0.8158585732    -0.3799812734     0.4358772997
 3,7 1.16148908 240.60321431 -4293.28651834 2 0
   3,6     0.5773503000     0.5773503000    -0.5773503000
           0.8158585732    -0.3799812734     0.4358772997
   3,28    -0.5773503000    -0.5773503000     0.5773503000
          -0.7954766901     0.5571517278    -0.2383249623
 3,8 159.73767082 340.35536237 -107.55584222 1 1
   7,0     0.5773503000    -0.5773503000    -0.5773503000
           0.7894342988     0.5752583245     0.2141759743
 3,9 159.73780466 340.35527415 -107.55587763 1 1
   7,0    -0.5773503000     0.5773503000     0.5773503000
           0.1844189398     0.7810434419    -0.5966245021
 3,10 -823.67929308 -217.39800316 -194.74830047 1 1
   3,13     0.5773503000     0.5773503000    -0.5773503000
          -0.5702604957     0.7911956836     0.2209351880
 3,11 -640.41254174 -171.91318653 -197.08870079 2 0
   3,14     0.5773503000     0.5773503000    -0.5773503000
          -0.1845435599     0.7810807200     0.5965371601
   3,15    -0.5773503000    -0.5773503000     0.5773503000
          -0.1866110974     0.7816965886     0.5950854911
 3,12 -449.84857901 -92.39499287 -189.04308840 2 0
   3,17     0.5773503000     0.5773503000    -0.5773503000
          -0.5704364726     0.7911349024     0.2206984298
   3,16    -0.5773503000    -0.5773503000     0.5773503000
          -0.5664014829     0.7925061706     0.2261046876
 3,13 -749.83415877 -199.75192983 -195.02725655 2 0
   3,10    -0.5773503000    -0.5773503000     0.5773503000
          -0.5702604957     0.7911956836     0.2209351880
   3,15     0.5773503000     0.5773503000    -0.5773503000
          -0.1843712589     0.7810291742     0.5966579154
 3,14 -582.49344306 -155.47318680 -197.98562028 2 0
   3,11    -0.5773503000    -0.5773503000     0.5773503000
          -0.1845435599     0.7810807200     0.5965371601
   3,16     0.5773503000     0.5773503000    -0.5773503000
          -0.2115452541     0.7887341590     0.5771889049
 3,15 -697.63581652 -186.70595199 -195.80699573 2 0
   3,13    -0.5773503000    -0.5773503000     0.5773503000
          -0.1843712589     0.7810291742     0.5966579154
   3,11     0.5773503000     0.5773503000    -0.5773503000
          -0.1866110974     0.7816965886     0.5950854911
 3,16 -520.88215781 -134.07346134 -197.01690815 2 0
   3,12     0.5773503000     0.5773503000    -0.5773503000
          -0.5664014829     0.7925061706     0.2261046876
   3,14    -0.5773503000    -0.5773503000     0.5773503000
          -0.2115452541     0.7887341590     0.5771889049
 3,17 -385.51710667 -49.87453228 -180.87366311 2 0
   3,18     0.5773503000     0.5773503000    -0.5773503000
          -0.5733175155     0.7901269989     0.2168094833
   3,12    -0.5773503000    -0.5773503000     0.5773503000
          -0.5704364726     0.7911349024     0.2206984298
 3,18 -327.37990921 -10.65189234 -173.51049451 2 0
   3,20     0.5773503000     0.5773503000    -0.5773503000
          -0.5770620188     0.7887805170     0.2117184982
   3,17    -0.5773503000    -0.5773503000     0.5773503000
          -0.5733175155     0.7901269989     0.2168094833
 3,19 -47.21284570 184.45684291 -138.68240858 2 0
   3,21    -0.5773503000    -0.5773503000     0.5773503000
          -0.5669868142     0.7923101368     0.2253233226
   3,0     0.5773503000     0.5773503000    -0.5773503000
          -0.5692302266     0.7915497361     0.2223195095
 3,20 -257.81234809 37.22992853 -164.72767435 2 0
   3,18    -0.5773503000    -0.5773503000     0.5773503000
          -0.5770620188     0.7887805170     0.2117184982
   3,23     0.5773503000     0.5773503000    -0.5773503000
          -0.6127801673     0.7736965676     0.1609164002
 3,21 -101.70590272 146.85599268 -145.31948977 2 0
   3,19     0.5773503000     0.5773503000    -0.5773503000
          -0.5669868142     0.7923101368     0.2253233226
   3,22    -0.5773503000    -0.5773503000     0.5773503000
          -0.5675874495     0.7921079635     0.2245205140
 3,22 -160.90312380 105.63726823 -152.54220099 2 0
   3,21     0.5773503000     0.5773503000    -0.5773503000
          -0.5675874495     0.7921079635     0.2245205140
   3,23    -0.5773503000    -0.5773503000     0.5773503000
          -0.5681279395     0.7919251548     0.2237972153
 3,23 -227.99050146 58.15029836 -160.96099563 2 0
   3,20    -0.5773503000    -0.5773503000     0.5773503000
          -0.6127801673     0.7736965676     0.1609164002
   3,22     0.5773503000     0.5773503000    -0.5773503000
          -0.5681279395     0.7919251548     0.2237972153
 3,24 -319.49673743 -187.76247335 -4274.49267769 2 0
   3,25     0.5773503000     0.5773503000    -0.5773503000
          -0.7827376468     0.5925934049    -0.1901442419
   0,17    -0.5773503000    -0.5773503000     0.5773503000
          -0.7763201044     0.6072383980    -0.1690817064
 3,25 -265.78092934 -122.46772749 -4276.73214446 2 0
   3,26     0.5773503000     0.5773503000    -0.5773503000
          -0.7891064487     0.5761661630    -0.2129402857
   3,24    -0.5773503000    -0.5773503000     0.5773503000
          -0.7827376468     0.5925934049    -0.1901442419
 3,26 -209.73743169 -48.31832830 -4279.58271848 2 0
   3,29     0.5773503000     0.5773503000    -0.5773503000
          -0.8051349014     0.5201188989    -0.2850160025
   3,25    -0.5773503000    -0.5773503000     0.5773503000
          -0.7891064487     0.5761661630    -0.2129402857
 3,27 -97.85455620 105.13489952 -4286.55867271 2 0
   3,28     0.5773503000     0.5773503000    -0.5773503000
          -0.7925081373     0.5663955959    -0.2261125414
   3,30    -0.5773503000    -0.5773503000     0.5773503000
          -0.7923790745     0.5667813065    -0.2255977679
 3,28 -55.51158248 163.18030807 -4289.36963540 2 0
   3,7     0.5773503000     0.5773503000    -0.5773503000
          -0.7954766901     0.5571517278    -0.2383249623
   3,27    -0.5773503000    -0.5773503000     0.5773503000
          -0.7925081373     0.5663955959    -0.2261125414
 3,29 -157.29851981 23.49989180 -4282.71738228 2 0
   3,26    -0.5773503000    -0.5773503000     0.5773503000
          -0.8051349014     0.5201188989    -0.2850160025
   3,30     0.5773503000     0.5773503000    -0.5773503000
          -0.7922381853     0.5672009248    -0.2250372605
 3,30 -127.47154897 64.46457793 -4284.62110617 2 0
   3,27     0.5773503000     0.5773503000    -0.5773503000
          -0.7923790745     0.5667813065    -0.2255977679
   3,29    -0.5773503000    -0.5773503000     0.5773503000
          -0.7922381853     0.5672009248    -0.2250372605
 5,0 370.19374675 210.50939714 -5495.82263102 2 0
   5,1    -0.5773503000    -0.5773503000     0.5773503000
          -0.5828151601     0.7866296180     0.2038144579
   6,1     0.5773503000     0.5773503000    -0.5773503000
          -0.5925300238     0.7827638589     0.1902338352
 5,1 319.30253076 168.11897279 -5494.13194005 2 0
   5,2    -0.5773503000    -0.5773503000     0.5773503000
          -0.4383965263     0.8157352396     0.3773387134
   5,0     0.5773503000     0.5773503000    -0.5773503000
          -0.5828151601     0.7866296180     0.2038144579
 5,2 273.97706685 124.42179365 -5493.08262672 2 0
   5,3    -0.5773503000    -0.5773503000     0.5773503000
          -0.7963167729     0.5543944190    -0.2419223540
   5,1     0.5773503000     0.5773503000    -0.5773503000
          -0.4383965263     0.8157352396     0.3773387134
 5,3 230.67967266 75.76705317 -5491.95904297 2 0
   5,2     0.5773503000     0.5773503000    -0.5773503000
          -0.7963167729     0.5543944190    -0.2419223540
   5,4    -0.5773503000    -0.5773503000     0.5773503000
          -0.7990047445     0.5450824659    -0.2539222786
 5,4 180.68941494 12.32123808 -5489.95913770 2 0
   5,3     0.5773503000     0.5773503000    -0.5773503000
          -0.7990047445     0.5450824659    -0.2539222786
   2,10    -0.5773503000    -0.5773503000     0.5773503000
          -0.7879506250     0.5793138120    -0.2086368130
 6,0 724.28203027 472.25676674 -5504.15012988 1 1
   6,13    -0.5773503000    -0.5773503000     0.5773503000
          -0.5702692256     0.7911926705     0.2209234448
 6,1 416.89699421 246.68306006 -5497.63399695 2 0
   5,0    -0.5773503000    -0.5773503000     0.5773503000
          -0.5925300238     0.7827638589     0.1902338352
   6,7     0.5773503000     0.5773503000    -0.5773503000
          -0.6400434752    -0.1190207005    -0.7590641756
 6,7 476.04270063 290.95163842 -5499.74360689 2 0
   6,11     0.5773503000     0.5773503000    -0.5773503000
          -0.6400434751    -0.1190207006    -0.7590641757
   6,1    -0.5773503000    -0.5773503000     0.5773503000
          -0.6400434752    -0.1190207005    -0.7590641756
 6,11 521.66207984 324.67921629 -5501.14141451 2 0
   6,7    -0.5773503000    -0.5773503000     0.5773503000
          -0.6400434751    -0.1190207006    -0.7590641757
   6,12     0.5773503000     0.5773503000    -0.5773503000
          -0.5627120855     0.7937195188     0.2310074333
 6,12 575.69372586 364.31690980 -5502.54897168 2 0
   6,14     0.5773503000     0.5773503000    -0.5773503000
          -0.4451703408    -0.3701774514    -0.8153477922
   6,11    -0.5773503000    -0.5773503000     0.5773503000
          -0.5627120855     0.7937195188     0.2310074333
 6,13 673.61875321 435.71501820 -5504.06101362 2 0
   6,14    -0.5773503000    -0.5773503000     0.5773503000
           0.0000000000     0.0000000000     0.0000000000
   6,0     0.5773503000     0.5773503000    -0.5773503000
          -0.5702692256     0.7911926705     0.2209234448
 6,14 627.97346095 402.49483857 -5503.57283425 2 0
   6,13     0.5773503000     0.5773503000    -0.5773503000
           0.0000000000     0.0000000000     0.0000000000
   6,12    -0.5773503000    -0.5773503000     0.5773503000
          -0.4451703408    -0.3701774514    -0.8153477922
 6,17 200.98544147 511.98808502 -4308.74214831 2 0
   6,19     0.5773503000     0.5773503000    -0.5773503000
          -0.2812024269     0.8044490095     0.5232465826
   6,18    -0.5773503000    -0.5773503000     0.5773503000
          -0.7916272185     0.5690035633    -0.2226236552
 6,18 163.92422455 461.70003296 -4306.03920374 2 0
   6,17     0.5773503000     0.5773503000    -0.5773503000
          -0.7916272185     0.5690035633    -0.2226236552
   3,4    -0.5773503000    -0.5773503000     0.5773503000
          -0.7824670446     0.5932458809    -0.1892211637
 6,19 234.50727557 557.58209413 -4310.99484342 2 0
   6,24     0.5773503000     0.5773503000    -0.5773503000
          -0.0461447178     0.7290489865     0.6829042687
   6,17    -0.5773503000    -0.5773503000     0.5773503000
          -0.2812024269     0.8044490095     0.5232465826
 6,20 396.00436872 779.24164919 -4317.14952805 1 1
   6,22    -0.5773503000    -0.5773503000     0.5773503000
          -0.7911941837     0.5702648415    -0.2209293422
 6,21 333.37576050 692.76752871 -4316.08288703 2 0
   6,23    -0.5773503000    -0.5773503000     0.5773503000
          -0.7993533423     0.5438143680    -0.2555389743
   6,22     0.5773503000     0.5773503000    -0.5773503000
          -0.7894343418     0.5752582051    -0.2141761367
 6,22 360.75844383 730.47580862 -4316.80074246 2 0
   6,21    -0.5773503000    -0.5773503000     0.5773503000
          -0.7894343418     0.5752582051    -0.2141761367
   6,20     0.5773503000     0.5773503000    -0.5773503000
          -0.7911941837     0.5702648415    -0.2209293422
 6,23 300.30899287 647.41750425 -4314.72949419 2 0
   6,24    -0.5773503000    -0.5773503000     0.5773503000
          -0.7964242777     0.5540366472    -0.2423876306
   6,21     0.5773503000     0.5773503000    -0.5773503000
          -0.7993533423     0.5438143680    -0.2555389743
 6,24 265.78575971 600.22836788 -4312.90707614 2 0
   6,19    -0.5773503000    -0.5773503000     0.5773503000
          -0.0461447178     0.7290489865     0.6829042687
   6,23     0.5773503000     0.5773503000    -0.5773503000
          -0.7964242777     0.5540366472    -0.2423876306
 7,0 161.63091612 342.03667258 -107.94111344 4 0
   3,9     0.5773503000    -0.5773503000    -0.5773503000
           0.1844189398     0.7810434419    -0.5966245021
   3,8    -0.5773503000     0.5773503000     0.5773503000
           0.7894342988     0.5752583245     0.2141759743
   3,2    -0.5773503000    -0.5773503000     0.5773503000
          -0.6619131396     0.7449653218     0.0830521823
   3,3     0.5773503000     0.5773503000    -0.5773503000
          -0.7897923636     0.5742589896    -0.2155333740
