#
#	ParaDiS nodal data file
#

#
#	File version number
#

3

#
#	Number of data file segments
#

1

#
#	Minimum coordinate values (x, y, z)
#

-8750.0000     -8750.0000     -8750.0000    

#
#	Maximum coordinate values (x, y, z)
#

8750.0000      8750.0000      8750.0000     

#
#	Node count
#

361         

#
#	Domain geometry (x, y, z)
#

2   2   2  

#
#	Domain decomposition type
#

1

#
#	Domain boundaries (x, y, z)
#

  -8750.0000
      -8750.0000
          -8750.0000
          -3509.9375
           8750.0000
        224.3590
          -8750.0000
            -93.9293
           8750.0000
       8750.0000
   -242.5752
      -8750.0000
          -8750.0000
           -175.2365
           8750.0000
       -224.3590
          -8750.0000
          -4453.2673
           8750.0000
       8750.0000
   8750.0000

#
#	Primary lines: node_tag, x, y, z, num_arms, constraint
#	Secondary lines: arm_tag, burgx, burgy, burgz, nx, ny, nz
#

 0,1 -617.46836400 -439.37402121 -4300.66507656 2 0
   0,9    -0.5773503000    -0.5773503000     0.5773503000
          -0.5796906604     0.7878102423     0.2081195819
   0,3     0.5773503000     0.5773503000    -0.5773503000
          -0.5656677911     0.7927505187     0.2270827276
 0,3 -572.19669256 -405.77435114 -4303.68389016 2 0
   0,4     0.5773503000     0.5773503000    -0.5773503000
          -0.5796906604     0.7878102423     0.2081195819
   0,1    -0.5773503000    -0.5773503000     0.5773503000
          -0.5656677911     0.7927505187     0.2270827276
 0,4 -520.91404524 -367.14047293 -4308.68454175 2 0
   0,3    -0.5773503000    -0.5773503000     0.5773503000
          -0.5796906604     0.7878102423     0.2081195819
   0,8     0.5773503000     0.5773503000    -0.5773503000
          -0.5617497823     0.7940297280     0.2322799457
 0,5 -703.10002519 -501.64522892 -4298.88907395 1 1
   0,9     0.5773503000     0.5773503000    -0.5773503000
          -0.5796906604     0.7878102423     0.2081195819
 0,8 -461.80033694 -321.71427060 -4316.45632818 2 0
   0,4    -0.5773503000    -0.5773503000     0.5773503000
          -0.5617497823     0.7940297280     0.2322799457
   0,17     0.5773503000     0.5773503000    -0.5773503000
          -0.5624570021     0.7938019988     0.2313449967
 0,9 -658.06499310 -469.10461235 -4299.17704613 2 0
   0,1     0.5773503000     0.5773503000    -0.5773503000
          -0.5796906604     0.7878102423     0.2081195819
   0,5    -0.5773503000    -0.5773503000     0.5773503000
          -0.5796906604     0.7878102423     0.2081195819
 0,14 -421.52081284 -760.85043683 -5336.05474782 1 1
   0,16     0.5773503000     0.5773503000    -0.5773503000
          -0.7909968679     0.5708351563    -0.2201617116
 0,16 -380.37065132 -703.90430723 -5336.43363945 2 0
   0,20     0.5773503000     0.5773503000    -0.5773503000
           0.7285925213    -0.0451337574     0.6834587639
   0,14    -0.5773503000    -0.5773503000     0.5773503000
          -0.7909968679     0.5708351563    -0.2201617116
 0,17 -396.52878723 -269.71870101 -4327.52889376 2 0
   0,8    -0.5773503000    -0.5773503000     0.5773503000
          -0.5624570021     0.7938019988     0.2313449967
   0,37     0.5773503000     0.5773503000    -0.5773503000
          -0.5665858263     0.7924445370     0.2258587107
 0,20 -341.98403547 -651.28493358 -5338.04827593 2 0
   0,22     0.5773503000     0.5773503000    -0.5773503000
           0.0000000000     0.0000000000     0.0000000000
   0,16    -0.5773503000    -0.5773503000     0.5773503000
           0.7285925213    -0.0451337574     0.6834587639
 0,22 -301.26725099 -595.95534515 -5340.89576398 2 0
   0,20    -0.5773503000    -0.5773503000     0.5773503000
           0.0000000000     0.0000000000     0.0000000000
   0,30     0.5773503000     0.5773503000    -0.5773503000
           0.6080731325     0.1678588662     0.7759319987
 0,30 -260.23283592 -540.42992235 -5344.70396635 2 0
   4,11     0.5773503000     0.5773503000    -0.5773503000
           0.7176211555    -0.0215200385     0.6961011170
   0,22    -0.5773503000    -0.5773503000     0.5773503000
           0.6080731325     0.1678588662     0.7759319987
 0,37 -340.24086601 -220.96021753 -4339.00298667 2 0
   0,51     0.5773503000     0.5773503000    -0.5773503000
          -0.8100957332     0.3166811462    -0.4934145870
   0,17    -0.5773503000    -0.5773503000     0.5773503000
          -0.5665858263     0.7924445370     0.2258587107
 0,38 -856.62913020 -77.82025327 -7278.76100385 1 1
   0,40     0.5773503000     0.5773503000     0.5773503000
           0.5702569561    -0.7911969052     0.2209399491
 0,39 -691.22011919 -38.79435459 -7279.15492780 2 0
   0,41    -0.5773503000    -0.5773503000    -0.5773503000
           0.1836237615    -0.7808051577     0.5971813962
   0,43     0.5773503000     0.5773503000     0.5773503000
           0.1962381182    -0.7844993842     0.5882612660
 0,40 -797.89625366 -63.92718863 -7278.72810238 2 0
   0,38    -0.5773503000    -0.5773503000    -0.5773503000
           0.5702569561    -0.7911969052     0.2209399491
   0,41     0.5773503000     0.5773503000     0.5773503000
           0.1843600504    -0.7810258199     0.5966657695
 0,41 -749.91417012 -52.58259139 -7278.85042806 2 0
   0,40    -0.5773503000    -0.5773503000    -0.5773503000
           0.1843600504    -0.7810258199     0.5966657695
   0,39     0.5773503000     0.5773503000     0.5773503000
           0.1836237615    -0.7808051577     0.5971813962
 0,42 -583.13035070 -14.10047101 -7280.70221154 2 0
   0,43    -0.5773503000    -0.5773503000    -0.5773503000
           0.1825648311    -0.7804867117     0.5979218806
   0,44     0.5773503000     0.5773503000     0.5773503000
           0.1886240179    -0.7822914671     0.5936674493
 0,43 -633.78633277 -25.55021189 -7279.76747265 2 0
   0,42     0.5773503000     0.5773503000     0.5773503000
           0.1825648311    -0.7804867117     0.5979218806
   0,39    -0.5773503000    -0.5773503000    -0.5773503000
           0.1962381182    -0.7844993842     0.5882612660
 0,44 -511.61789144 1.76860941 -7282.75089190 2 0
   0,45     0.5773503000     0.5773503000     0.5773503000
           0.1879386887    -0.7820894552     0.5941507665
   0,42    -0.5773503000    -0.5773503000    -0.5773503000
           0.1886240179    -0.7822914671     0.5936674493
 0,45 -457.23570997 14.15946408 -7285.28315000 2 0
   0,47     0.5773503000     0.5773503000     0.5773503000
           0.1849046073    -0.7811886209     0.5962840135
   0,44    -0.5773503000    -0.5773503000    -0.5773503000
           0.1879386887    -0.7820894552     0.5941507665
 0,46 -442.43859622 216.32763542 -4467.56407226 2 0
   0,48     0.5773503000    -0.5773503000     0.5773503000
          -0.7634367964    -0.1309731222     0.6324636742
   2,35    -0.5773503000     0.5773503000    -0.5773503000
          -0.5581680904    -0.7951618370    -0.2369937466
 0,47 -395.69405413 30.34644266 -7290.31727712 2 0
   0,45    -0.5773503000    -0.5773503000    -0.5773503000
           0.1849046073    -0.7811886209     0.5962840135
   0,50     0.5773503000     0.5773503000     0.5773503000
          -0.2785771078    -0.5253888838     0.8039659917
 0,48 -386.16258761 154.26045227 -4457.63867445 2 0
   0,46    -0.5773503000     0.5773503000    -0.5773503000
          -0.7634367964    -0.1309731222     0.6324636742
   0,49     0.5773503000    -0.5773503000     0.5773503000
          -0.7859845420    -0.5844895943     0.2014949477
 0,49 -327.60479292 81.75224546 -4443.76163022 2 0
   0,52     0.5773503000    -0.5773503000     0.5773503000
          -0.7884795585    -0.5778834270     0.2105961316
   0,48    -0.5773503000     0.5773503000    -0.5773503000
          -0.7859845420    -0.5844895943     0.2014949477
 0,50 -343.15028762 49.77405009 -7298.27629797 2 0
   0,47    -0.5773503000    -0.5773503000    -0.5773503000
          -0.2785771078    -0.5253888838     0.8039659917
   0,53     0.5773503000     0.5773503000     0.5773503000
           0.5650576422    -0.7929525625     0.2278949203
 0,51 -292.41814048 -173.09263665 -4350.77557304 2 0
   0,37    -0.5773503000    -0.5773503000     0.5773503000
          -0.8100957332     0.3166811462    -0.4934145870
   0,65     0.5773503000     0.5773503000    -0.5773503000
          -0.7763201044     0.6072383980    -0.1690817064
 0,52 -289.13796337 33.90126563 -4433.10854264 2 0
   0,49    -0.5773503000     0.5773503000    -0.5773503000
          -0.7884795585    -0.5778834270     0.2105961316
   0,62     0.5773503000    -0.5773503000     0.5773503000
          -0.7728881118    -0.6144418081     0.1584463037
 0,53 -292.76989753 76.31399008 -7309.60710309 2 0
   6,48     0.5773503000     0.5773503000     0.5773503000
           0.5456929950    -0.7988354388     0.2531424438
   0,50    -0.5773503000    -0.5773503000    -0.5773503000
           0.5650576422    -0.7929525625     0.2278949203
 0,62 -252.97651154 -9.45457797 -4422.18288563 2 0
   0,52    -0.5773503000     0.5773503000    -0.5773503000
          -0.7728881118    -0.6144418081     0.1584463037
   7,64     0.5773503000    -0.5773503000     0.5773503000
          -0.7739891019    -0.6121737075     0.1618153944
 0,65 -248.23471368 -122.10710295 -4364.95442570 2 0
   7,66     0.5773503000     0.5773503000    -0.5773503000
          -0.7827376468     0.5925934049    -0.1901442419
   0,51    -0.5773503000    -0.5773503000     0.5773503000
          -0.7763201044     0.6072383980    -0.1690817064
 1,0 -308.03524581 -344.46554006 -1067.39798342 2 0
   4,28     0.5773503000    -0.5773503000     0.5773503000
           0.0000000000     0.0000000000     0.0000000000
   1,8    -0.5773503000     0.5773503000    -0.5773503000
          -0.2053415956    -0.7870508982    -0.5817093026
 1,1 -597.23151806 -244.13763839 -33.52492792 2 0
   1,6    -0.5773503000    -0.5773503000     0.5773503000
          -0.6012596401     0.7790283296     0.1777686895
   1,40     0.5773503000     0.5773503000    -0.5773503000
          -0.5950334494     0.7817185376     0.1866850882
 1,2 -616.09597609 -329.70603787 -1043.48800459 2 0
   1,7     0.5773503000    -0.5773503000     0.5773503000
           0.1467724171    -0.6222023143    -0.7689747315
   1,43    -0.5773503000     0.5773503000    -0.5773503000
           0.1407408164    -0.6261523961    -0.7668932125
 1,3 -440.50308278 -747.16879076 -3160.29195200 1 1
   1,5    -0.5773503000     0.5773503000     0.5773503000
           0.6220837526    -0.1469525052     0.7690362579
 1,4 -683.17579432 -304.03964154 -37.82477989 2 0
   1,6     0.5773503000     0.5773503000    -0.5773503000
          -0.5870063692     0.7849984968     0.1979921276
   1,17    -0.5773503000    -0.5773503000     0.5773503000
          -0.1845435599     0.7810807200     0.5965371601
 1,5 -400.35318812 -691.31005743 -3160.23893334 2 0
   1,10    -0.5773503000     0.5773503000     0.5773503000
           0.6252969669    -0.1420522724     0.7673492393
   1,3     0.5773503000    -0.5773503000    -0.5773503000
           0.6220837526    -0.1469525052     0.7690362579
 1,6 -643.55766987 -276.93970539 -35.06421298 2 0
   1,1     0.5773503000     0.5773503000    -0.5773503000
          -0.6012596401     0.7790283296     0.1777686895
   1,4    -0.5773503000    -0.5773503000     0.5773503000
          -0.5870063692     0.7849984968     0.1979921276
 1,7 -523.75715855 -318.61403732 -1041.67841010 2 0
   1,18     0.5773503000    -0.5773503000     0.5773503000
          -0.1862002257    -0.7815745909    -0.5953743652
   1,2    -0.5773503000     0.5773503000    -0.5773503000
           0.1467724171    -0.6222023143    -0.7689747315
 1,8 -387.05046510 -331.25845681 -1057.89954839 2 0
   1,18    -0.5773503000     0.5773503000    -0.5773503000
           0.7258574576     0.0391259904    -0.6867314672
   1,0     0.5773503000    -0.5773503000     0.5773503000
          -0.2053415956    -0.7870508982    -0.5817093026
 1,9 -343.36766404 -563.14235345 -3188.45697789 2 0
   1,10     0.5773503000    -0.5773503000    -0.5773503000
           0.6219656554    -0.1471318333     0.7690974887
   1,11    -0.5773503000     0.5773503000     0.5773503000
           0.7707774525     0.1520936578     0.6186837948
 1,10 -368.26478260 -627.20950491 -3171.32698257 2 0
   1,9    -0.5773503000     0.5773503000     0.5773503000
           0.6219656554    -0.1471318333     0.7690974887
   1,5     0.5773503000    -0.5773503000    -0.5773503000
           0.6252969669    -0.1420522724     0.7673492393
 1,11 -340.82239815 -511.55480717 -3222.50461592 2 0
   1,99    -0.5773503000     0.5773503000     0.5773503000
           0.4073219417    -0.4091739391     0.8164958808
   1,9     0.5773503000    -0.5773503000    -0.5773503000
           0.7707774525     0.1520936578     0.6186837948
 1,16 -256.02698731 -535.97230351 -2795.73126157 2 0
   4,37     0.5773503000    -0.5773503000     0.5773503000
          -0.1755881084    -0.7783565873    -0.6027684789
   1,62    -0.5773503000     0.5773503000    -0.5773503000
          -0.6789041420     0.0533797944     0.7322839364
 1,17 -744.44287125 -321.28566925 -34.61625149 2 0
   1,22    -0.5773503000    -0.5773503000     0.5773503000
          -0.5702604957     0.7911956836     0.2209351880
   1,4     0.5773503000     0.5773503000    -0.5773503000
          -0.1845435599     0.7810807200     0.5965371601
 1,18 -445.55599917 -323.92942260 -1050.54050678 2 0
   1,8     0.5773503000    -0.5773503000     0.5773503000
           0.7258574576     0.0391259904    -0.6867314672
   1,7    -0.5773503000     0.5773503000    -0.5773503000
          -0.1862002257    -0.7815745909    -0.5953743652
 1,21 -788.56601670 -366.14022881 -1045.97446257 1 1
   1,43     0.5773503000    -0.5773503000     0.5773503000
          -0.1862002257    -0.7815745909    -0.5953743652
 1,22 -796.12986047 -334.09927246 -33.81483565 1 1
   1,17     0.5773503000     0.5773503000    -0.5773503000
          -0.5702604957     0.7911956836     0.2209351880
 1,35 -465.76401268 207.80604204 6331.31643800 2 0
   1,36    -0.5773503000    -0.5773503000     0.5773503000
          -0.2708347903     0.8024903951     0.5316556048
   3,40     0.5773503000     0.5773503000    -0.5773503000
          -0.7598145180     0.1210416111    -0.6387729069
 1,36 -533.97162788 191.97459915 6307.88572612 2 0
   1,35     0.5773503000     0.5773503000    -0.5773503000
          -0.2708347903     0.8024903951     0.5316556048
   1,37    -0.5773503000    -0.5773503000     0.5773503000
          -0.1836642975     0.7808173223     0.5971530248
 1,37 -607.56615237 187.87376435 6289.70791631 2 0
   1,38    -0.5773503000    -0.5773503000     0.5773503000
          -0.1842968915     0.7810069158     0.5967100244
   1,36     0.5773503000     0.5773503000    -0.5773503000
          -0.1836642975     0.7808173223     0.5971530248
 1,38 -665.71544755 190.42264125 6279.26306736 2 0
   1,37     0.5773503000     0.5773503000    -0.5773503000
          -0.1842968915     0.7810069158     0.5967100244
   1,39    -0.5773503000    -0.5773503000     0.5773503000
           0.1415753916     0.6256082450     0.7671836366
 1,39 -735.93552522 203.43435432 6275.60747072 2 0
   1,47    -0.5773503000    -0.5773503000     0.5773503000
           0.1467895802     0.6221910165     0.7689805967
   1,38     0.5773503000     0.5773503000    -0.5773503000
           0.1415753916     0.6256082450     0.7671836366
 1,40 -548.80930607 -209.31318890 -33.51493944 2 0
   1,1    -0.5773503000    -0.5773503000     0.5773503000
          -0.5950334494     0.7817185376     0.1866850882
   1,41     0.5773503000     0.5773503000    -0.5773503000
          -0.5664014829     0.7925061706     0.2261046876
 1,41 -501.38192717 -174.86226097 -34.68896499 2 0
   1,42     0.5773503000     0.5773503000    -0.5773503000
          -0.5704364726     0.7911349024     0.2206984298
   1,40    -0.5773503000    -0.5773503000     0.5773503000
          -0.5664014829     0.7925061706     0.2261046876
 1,42 -448.00437529 -136.03403312 -37.29646695 2 0
   1,44     0.5773503000     0.5773503000    -0.5773503000
          -0.5735935891     0.7900291424     0.2164355533
   1,41    -0.5773503000    -0.5773503000     0.5773503000
          -0.5704364726     0.7911349024     0.2206984298
 1,43 -707.03361293 -346.91711658 -1045.95682454 2 0
   1,21    -0.5773503000     0.5773503000    -0.5773503000
          -0.1862002257    -0.7815745909    -0.5953743652
   1,2     0.5773503000    -0.5773503000     0.5773503000
           0.1407408164    -0.6261523961    -0.7668932125
 1,44 -404.34655966 -103.78942553 -40.24398965 2 0
   1,42    -0.5773503000    -0.5773503000     0.5773503000
          -0.5735935891     0.7900291424     0.2164355533
   1,45     0.5773503000     0.5773503000    -0.5773503000
          -0.5770620188     0.7887805170     0.2117184982
 1,45 -337.88577263 -53.89301835 -45.93569161 2 0
   1,44    -0.5773503000    -0.5773503000     0.5773503000
          -0.5770620188     0.7887805170     0.2117184982
   1,46     0.5773503000     0.5773503000    -0.5773503000
          -0.6127801673     0.7736965676     0.1609164002
 1,46 -278.31839879 -7.25406350 -51.79078412 2 0
   1,45    -0.5773503000    -0.5773503000     0.5773503000
          -0.6127801673     0.7736965676     0.1609164002
   7,87     0.5773503000     0.5773503000    -0.5773503000
          -0.5681279395     0.7919251548     0.2237972153
 1,47 -822.10412795 224.07050973 6275.36353225 1 1
   1,39     0.5773503000     0.5773503000    -0.5773503000
           0.1467895802     0.6221910165     0.7689805967
 1,59 -436.62019675 -573.68749095 -2767.09819658 2 0
   1,63     0.5773503000    -0.5773503000     0.5773503000
           0.1454102605    -0.6230979253    -0.7685081858
   1,61    -0.5773503000     0.5773503000    -0.5773503000
           0.1466031365    -0.6223137280    -0.7689168644
 1,60 -542.34297919 -673.76674645 -2754.46609399 1 1
   1,61     0.5773503000    -0.5773503000     0.5773503000
           0.3404531752    -0.4724776419    -0.8129308171
 1,61 -494.99357570 -609.63367124 -2753.82670188 2 0
   1,59     0.5773503000    -0.5773503000     0.5773503000
           0.1466031365    -0.6223137280    -0.7689168644
   1,60    -0.5773503000     0.5773503000    -0.5773503000
           0.3404531752    -0.4724776419    -0.8129308171
 1,62 -313.31066946 -534.39459719 -2783.66372696 2 0
   1,16     0.5773503000    -0.5773503000     0.5773503000
          -0.6789041420     0.0533797944     0.7322839364
   1,63    -0.5773503000     0.5773503000    -0.5773503000
           0.1420513319    -0.6252975811    -0.7673489130
 1,63 -377.70419410 -549.50003084 -2776.19960742 2 0
   1,62     0.5773503000    -0.5773503000     0.5773503000
           0.1420513319    -0.6252975811    -0.7673489130
   1,59    -0.5773503000     0.5773503000    -0.5773503000
           0.1454102605    -0.6230979253    -0.7685081858
 1,89 -411.00954741 67.51104535 -3437.50373776 2 0
   1,97     0.5773503000    -0.5773503000    -0.5773503000
           0.5695655629     0.7914348338    -0.2218692709
   1,96    -0.5773503000     0.5773503000     0.5773503000
          -0.7638030976    -0.6318087737    -0.1319943239
 1,90 -538.92711223 130.01715435 -3458.64118331 2 0
   1,96     0.5773503000    -0.5773503000    -0.5773503000
           0.2158131992     0.7898659072    -0.5740527081
   1,94    -0.5773503000     0.5773503000     0.5773503000
           0.2002926080     0.7856476923    -0.5853550843
 1,91 -760.57068403 185.76173730 -3462.45242599 2 0
   1,92    -0.5773503000     0.5773503000     0.5773503000
           0.1844502194     0.7810528004    -0.5966025810
   1,93     0.5773503000    -0.5773503000    -0.5773503000
           0.1880264814     0.7821153637    -0.5940888823
 1,92 -827.42738724 201.52082150 -3462.48652189 1 1
   1,91     0.5773503000    -0.5773503000    -0.5773503000
           0.1844502194     0.7810528004    -0.5966025810
 1,93 -703.76396099 172.25628144 -3462.41043002 2 0
   1,95     0.5773503000    -0.5773503000    -0.5773503000
           0.5702641925     0.7911944077    -0.2209302151
   1,91    -0.5773503000     0.5773503000     0.5773503000
           0.1880264814     0.7821153637    -0.5940888823
 1,94 -599.29666723 146.75122738 -3461.34865838 2 0
   1,95    -0.5773503000     0.5773503000     0.5773503000
           0.1921215135     0.7833139801    -0.5911924667
   1,90     0.5773503000    -0.5773503000    -0.5773503000
           0.2002926080     0.7856476923    -0.5853550843
 1,95 -646.72725457 158.59900155 -3462.18082730 2 0
   1,93    -0.5773503000     0.5773503000     0.5773503000
           0.5702641925     0.7911944077    -0.2209302151
   1,94     0.5773503000    -0.5773503000    -0.5773503000
           0.1921215135     0.7833139801    -0.5911924667
 1,96 -472.51989675 103.21036486 -3450.24321480 2 0
   1,90    -0.5773503000     0.5773503000     0.5773503000
           0.2158131992     0.7898659072    -0.5740527081
   1,89     0.5773503000    -0.5773503000    -0.5773503000
          -0.7638030976    -0.6318087737    -0.1319943239
 1,97 -361.21640378 36.02799416 -3426.07311656 2 0
   1,89    -0.5773503000     0.5773503000     0.5773503000
           0.5695655629     0.7914348338    -0.2218692709
   1,98     0.5773503000    -0.5773503000    -0.5773503000
           0.5496726071     0.7977081987    -0.2480355916
 1,98 -283.36111366 -14.54110430 -3407.15242142 2 0
   1,97    -0.5773503000     0.5773503000     0.5773503000
           0.5496726071     0.7977081987    -0.2480355916
   7,99     0.5773503000    -0.5773503000    -0.5773503000
           0.5269443265     0.8036084957    -0.2766641692
 1,99 -396.98390170 -510.89782184 -3270.02303468 2 0
   1,100    -0.5773503000     0.5773503000     0.5773503000
          -0.1468705723     0.6221376980    -0.7690082703
   1,11     0.5773503000    -0.5773503000    -0.5773503000
           0.4073219417    -0.4091739391     0.8164958808
 1,100 -447.24123840 -537.33149494 -3292.41985826 2 0
   1,99     0.5773503000    -0.5773503000    -0.5773503000
          -0.1468705723     0.6221376980    -0.7690082703
   1,102    -0.5773503000     0.5773503000     0.5773503000
          -0.1470662640     0.6220088405    -0.7690751045
 1,101 -568.86850713 -654.64822762 -3319.61255067 1 1
   1,103     0.5773503000    -0.5773503000    -0.5773503000
          -0.1468597199     0.6221448427    -0.7690045626
 1,102 -495.34427256 -572.08826718 -3309.71358810 2 0
   1,100     0.5773503000    -0.5773503000    -0.5773503000
          -0.1470662640     0.6220088405    -0.7690751045
   1,103    -0.5773503000     0.5773503000     0.5773503000
          -0.3404333162     0.4724954609    -0.8129287771
 1,103 -538.69554534 -613.81726503 -3320.03367600 2 0
   1,101    -0.5773503000     0.5773503000     0.5773503000
          -0.1468597199     0.6221448427    -0.7690045626
   1,102     0.5773503000    -0.5773503000    -0.5773503000
          -0.3404333162     0.4724954609    -0.8129287771
 2,1 -667.76662945 550.66769683 -1024.02458505 1 1
   2,5     0.5773503000    -0.5773503000    -0.5773503000
           0.5619485144     0.7939658754    -0.2320173611
 2,2 -526.38253553 448.46008708 -1023.82470344 2 0
   2,6    -0.5773503000     0.5773503000     0.5773503000
           0.5493648461     0.7977968459    -0.2484319998
   2,7     0.5773503000    -0.5773503000    -0.5773503000
           0.5526339328     0.7968424723    -0.2442085395
 2,5 -617.75445269 514.75346766 -1023.53814844 2 0
   2,6     0.5773503000    -0.5773503000    -0.5773503000
           0.5592122847     0.7948354267    -0.2356231420
   2,1    -0.5773503000     0.5773503000     0.5773503000
           0.5619485144     0.7939658754    -0.2320173611
 2,6 -573.07715635 482.41822164 -1023.48635619 2 0
   2,5    -0.5773503000     0.5773503000     0.5773503000
           0.5592122847     0.7948354267    -0.2356231420
   2,2     0.5773503000    -0.5773503000    -0.5773503000
           0.5493648461     0.7977968459    -0.2484319998
 2,7 -482.78883407 416.50033279 -1024.37586977 2 0
   2,2    -0.5773503000     0.5773503000     0.5773503000
           0.5526339328     0.7968424723    -0.2442085395
   2,15     0.5773503000    -0.5773503000    -0.5773503000
          -0.2969216113    -0.8071550956     0.5102334843
 2,9 -603.10487319 347.94497773 -4484.60768836 2 0
   2,11    -0.5773503000     0.5773503000    -0.5773503000
          -0.5922097981    -0.7828960928    -0.1906862946
   2,10     0.5773503000    -0.5773503000     0.5773503000
          -0.5930209557    -0.7825604851    -0.1895395295
 2,10 -562.50992800 316.91352985 -4481.46505076 2 0
   2,9    -0.5773503000     0.5773503000    -0.5773503000
          -0.5930209557    -0.7825604851    -0.1895395295
   2,35     0.5773503000    -0.5773503000     0.5773503000
          -0.5562597130    -0.7957507108    -0.2394909977
 2,11 -645.23031883 379.38705317 -4486.99531018 2 0
   2,9     0.5773503000    -0.5773503000     0.5773503000
          -0.5922097981    -0.7828960928    -0.1906862946
   2,101    -0.5773503000     0.5773503000    -0.5773503000
          -0.5817120078    -0.7870498722    -0.2053378644
 2,12 -371.27530981 330.63889230 -1026.14624200 2 0
   2,13     0.5773503000    -0.5773503000    -0.5773503000
          -0.4647762896    -0.8137548539     0.3489785643
   2,15    -0.5773503000     0.5773503000     0.5773503000
           0.5765981207     0.7889495926    -0.2123514719
 2,13 -331.52003904 292.46571364 -1026.68247607 2 0
   2,61     0.5773503000    -0.5773503000    -0.5773503000
          -0.4647762896    -0.8137548539     0.3489785643
   2,12    -0.5773503000     0.5773503000     0.5773503000
          -0.4647762896    -0.8137548539     0.3489785643
 2,15 -411.37471729 363.31974118 -1025.60327887 2 0
   2,7    -0.5773503000     0.5773503000     0.5773503000
          -0.2969216113    -0.8071550956     0.5102334843
   2,12     0.5773503000    -0.5773503000    -0.5773503000
           0.5765981207     0.7889495926    -0.2123514719
 2,35 -502.21606836 269.11948693 -4475.33665693 2 0
   0,46     0.5773503000    -0.5773503000     0.5773503000
          -0.5581680904    -0.7951618370    -0.2369937466
   2,10    -0.5773503000     0.5773503000    -0.5773503000
          -0.5562597130    -0.7957507108    -0.2394909977
 2,61 -288.80798549 241.95204932 -1028.36618206 2 0
   2,13    -0.5773503000     0.5773503000     0.5773503000
          -0.4647762896    -0.8137548539     0.3489785643
   7,92     0.5773503000    -0.5773503000    -0.5773503000
           0.7878345664     0.5796254468     0.2082091196
 2,101 -691.67291821 413.56418645 -4488.42622550 2 0
   2,11     0.5773503000    -0.5773503000     0.5773503000
          -0.5817120078    -0.7870498722    -0.2053378644
   2,2159    -0.5773503000     0.5773503000    -0.5773503000
          -0.5806706611    -0.7874431534    -0.2067724923
 2,2159 -740.95865459 449.11918645 -4488.53609936 1 1
   2,101     0.5773503000    -0.5773503000     0.5773503000
          -0.5806706611    -0.7874431534    -0.2067724923
 3,17 -373.02282786 588.22746369 2808.25597752 2 0
   3,25    -0.5773503000     0.5773503000    -0.5773503000
          -0.7924487377    -0.5665732713     0.2258754665
   3,32     0.5773503000    -0.5773503000     0.5773503000
          -0.7924475675    -0.5665767691     0.2258707984
 3,19 -497.11764399 584.65401233 6427.97598857 2 0
   3,21    -0.5773503000    -0.5773503000     0.5773503000
          -0.6215678170    -0.1477355422    -0.7693033592
   3,22     0.5773503000     0.5773503000    -0.5773503000
          -0.6221467025    -0.1468568950    -0.7690035975
 3,20 -422.86455403 310.86195028 6378.76126835 2 0
   3,40    -0.5773503000    -0.5773503000     0.5773503000
          -0.7602635816     0.1222568893    -0.6380066923
   3,38     0.5773503000     0.5773503000    -0.5773503000
          -0.7827111630     0.1900537521    -0.5926574109
 3,21 -466.53220324 516.30503482 6417.94437028 2 0
   3,19     0.5773503000     0.5773503000    -0.5773503000
          -0.6215678170    -0.1477355422    -0.7693033592
   3,43    -0.5773503000    -0.5773503000     0.5773503000
          -0.6227189860    -0.1459869822    -0.7687059682
 3,22 -554.36491626 665.10182446 6427.55757235 1 1
   3,19    -0.5773503000    -0.5773503000     0.5773503000
          -0.6221467025    -0.1468568950    -0.7690035975
 3,25 -408.28972721 636.77356849 2807.21950093 2 0
   3,37    -0.5773503000     0.5773503000    -0.5773503000
          -0.6446558763     0.1116237882     0.7562796646
   3,17     0.5773503000    -0.5773503000     0.5773503000
          -0.7924487377    -0.5665732713     0.2258754665
 3,27 -483.14049427 635.68878477 2315.79841109 2 0
   3,34     0.5773503000    -0.5773503000    -0.5773503000
           0.7920028825     0.5678984324     0.2241044501
   3,53    -0.5773503000     0.5773503000     0.5773503000
           0.7845524567     0.5881284226     0.1964240341
 3,29 -387.49482562 689.94865198 1565.39279926 2 0
   3,51     0.5773503000    -0.5773503000     0.5773503000
          -0.7979013504    -0.5490009211     0.2489004292
   3,87    -0.5773503000     0.5773503000    -0.5773503000
          -0.7811305214    -0.1847101382     0.5964203831
 3,31 -296.92096292 483.80946029 2811.46913287 2 0
   3,32    -0.5773503000     0.5773503000    -0.5773503000
          -0.7931087782    -0.5645837005     0.2285250777
   3,54     0.5773503000    -0.5773503000     0.5773503000
          -0.7930854696    -0.5646545383     0.2284309312
 3,32 -334.29624758 535.04864254 2809.75118334 2 0
   3,31     0.5773503000    -0.5773503000     0.5773503000
          -0.7931087782    -0.5645837005     0.2285250777
   3,17    -0.5773503000     0.5773503000    -0.5773503000
          -0.7924475675    -0.5665767691     0.2258707984
 3,34 -448.58240839 587.96714889 2315.23526611 2 0
   3,27    -0.5773503000     0.5773503000     0.5773503000
           0.7920028825     0.5678984324     0.2241044501
   3,39     0.5773503000    -0.5773503000    -0.5773503000
           0.7909584093     0.5709459996     0.2200124097
 3,36 -292.19035031 374.37121972 2306.33465417 2 0
   3,56     0.5773503000    -0.5773503000    -0.5773503000
           0.7869558269     0.5819597291     0.2049960978
   3,44    -0.5773503000     0.5773503000     0.5773503000
           0.7900045618     0.5736628367     0.2163417251
 3,37 -436.29786655 675.45310291 2806.71829935 2 0
   3,55    -0.5773503000     0.5773503000    -0.5773503000
          -0.7942827784    -0.5609588210     0.2333239573
   3,25     0.5773503000    -0.5773503000     0.5773503000
          -0.6446558763     0.1116237882     0.7562796646
 3,38 -424.51810369 373.92042151 6396.10526040 2 0
   3,43     0.5773503000     0.5773503000    -0.5773503000
          -0.6244585069    -0.1433348802    -0.7677933871
   3,20    -0.5773503000    -0.5773503000     0.5773503000
          -0.7827111630     0.1900537521    -0.5926574109
 3,39 -408.42713872 532.74838436 2313.80203144 2 0
   3,45     0.5773503000    -0.5773503000    -0.5773503000
           0.7937439784     0.5626364986     0.2311074797
   3,34    -0.5773503000     0.5773503000     0.5773503000
           0.7909584093     0.5709459996     0.2200124097
 3,40 -432.43702198 251.43049454 6358.09447124 2 0
   3,20     0.5773503000     0.5773503000    -0.5773503000
          -0.7602635816     0.1222568893    -0.6380066923
   1,35    -0.5773503000    -0.5773503000     0.5773503000
          -0.7598145180     0.1210416111    -0.6387729069
 3,43 -438.14480807 437.39975763 6407.54671800 2 0
   3,21     0.5773503000     0.5773503000    -0.5773503000
          -0.6227189860    -0.1459869822    -0.7687059682
   3,38    -0.5773503000    -0.5773503000     0.5773503000
          -0.6244585069    -0.1433348802    -0.7677933871
 3,44 -328.83688606 424.12302559 2309.17528070 2 0
   3,45    -0.5773503000     0.5773503000     0.5773503000
           0.7833733662     0.5910472279     0.1923261383
   3,36     0.5773503000    -0.5773503000    -0.5773503000
           0.7900045618     0.5736628367     0.2163417251
 3,45 -367.73309529 477.10029873 2311.70914689 2 0
   3,39    -0.5773503000     0.5773503000     0.5773503000
           0.7937439784     0.5626364986     0.2311074797
   3,44     0.5773503000    -0.5773503000    -0.5773503000
           0.7833733662     0.5910472279     0.1923261383
 3,51 -346.13937338 637.32807503 1562.21180690 2 0
   3,29    -0.5773503000     0.5773503000    -0.5773503000
          -0.7979013504    -0.5490009211     0.2489004292
   3,52     0.5773503000    -0.5773503000     0.5773503000
          -0.5239987989    -0.8042806402    -0.2802818413
 3,52 -291.95145095 582.04699912 1556.24600049 2 0
   3,51    -0.5773503000     0.5773503000    -0.5773503000
          -0.5239987989    -0.8042806402    -0.2802818413
   7,46     0.5773503000    -0.5773503000     0.5773503000
          -0.5756954182    -0.7892767560    -0.2135813379
 3,53 -521.40308799 688.85936609 2315.58652082 1 1
   3,27     0.5773503000    -0.5773503000    -0.5773503000
           0.7845524567     0.5881284226     0.1964240341
 3,54 -262.03100339 436.03639493 2813.24435119 2 0
   7,35     0.5773503000    -0.5773503000     0.5773503000
          -0.7943389727    -0.5607824362     0.2335565364
   3,31    -0.5773503000     0.5773503000    -0.5773503000
          -0.7930854696    -0.5646545383     0.2284309312
 3,55 -471.78962015 724.61873048 2806.52420206 1 1
   3,37     0.5773503000    -0.5773503000     0.5773503000
          -0.7942827784    -0.5609588210     0.2333239573
 3,56 -253.27624523 321.88259126 2302.92049887 2 0
   7,48     0.5773503000    -0.5773503000    -0.5773503000
           0.7789567803     0.6014211911     0.1775355892
   3,36    -0.5773503000     0.5773503000     0.5773503000
           0.7869558269     0.5819597291     0.2049960978
 3,87 -432.54510898 752.90457374 1566.58445487 1 1
   3,29     0.5773503000    -0.5773503000     0.5773503000
          -0.7811305214    -0.1847101382     0.5964203831
 4,0 236.21481951 -460.62991435 -1089.09359508 2 0
   4,24    -0.5773503000     0.5773503000     0.5773503000
           0.0000000000     0.0000000000     0.0000000000
   4,6     0.5773503000    -0.5773503000    -0.5773503000
           0.6284529237    -0.1371992707     0.7656521944
 4,1 405.93012471 -690.69165684 -1103.01214203 2 0
   4,2    -0.5773503000     0.5773503000     0.5773503000
           0.7911150844     0.5704937946     0.2206212898
   4,3     0.5773503000    -0.5773503000    -0.5773503000
           0.7911150844     0.5704937946     0.2206212898
 4,2 370.61169041 -642.37499056 -1101.24944374 2 0
   4,4    -0.5773503000     0.5773503000     0.5773503000
           0.7027950471    -0.0085460016     0.7113410487
   4,1     0.5773503000    -0.5773503000    -0.5773503000
           0.7911150844     0.5704937946     0.2206212898
 4,3 444.73457749 -744.11890192 -1104.06730376 1 1
   4,1    -0.5773503000     0.5773503000     0.5773503000
           0.7911150844     0.5704937946     0.2206212898
 4,4 333.87728579 -592.41506916 -1098.68743617 2 0
   4,2     0.5773503000    -0.5773503000    -0.5773503000
           0.7027950471    -0.0085460016     0.7113410487
   4,5    -0.5773503000     0.5773503000     0.5773503000
           0.7027950471    -0.0085460016     0.7113410487
 4,5 300.16075287 -546.73596816 -1095.79728264 2 0
   4,6    -0.5773503000     0.5773503000     0.5773503000
           0.7027950471    -0.0085460016     0.7113410487
   4,4     0.5773503000    -0.5773503000    -0.5773503000
           0.7027950471    -0.0085460016     0.7113410487
 4,6 267.68980597 -502.97499897 -1092.59803034 2 0
   4,5     0.5773503000    -0.5773503000    -0.5773503000
           0.7027950471    -0.0085460016     0.7113410487
   4,0    -0.5773503000     0.5773503000     0.5773503000
           0.6284529237    -0.1371992707     0.7656521944
 4,7 167.88797370 -835.36702560 -4394.16886999 1 1
   4,23    -0.5773503000     0.5773503000    -0.5773503000
          -0.7810450800    -0.1844244148     0.5966206653
 4,8 -150.62083403 -392.91636337 -5356.52561893 2 0
   4,12    -0.5773503000    -0.5773503000     0.5773503000
           0.7285925212    -0.0451337574     0.6834587639
   4,9     0.5773503000     0.5773503000    -0.5773503000
           0.7176211554    -0.0215200383     0.6961011171
 4,9 -116.83547815 -347.59482073 -5360.43848852 2 0
   4,10     0.5773503000     0.5773503000    -0.5773503000
           0.0000000000     0.0000000000     0.0000000000
   4,8    -0.5773503000    -0.5773503000     0.5773503000
           0.7176211554    -0.0215200383     0.6961011171
 4,10 -81.99531168 -300.92343689 -5364.60860313 2 0
   4,9    -0.5773503000    -0.5773503000     0.5773503000
           0.0000000000     0.0000000000     0.0000000000
   4,14     0.5773503000     0.5773503000    -0.5773503000
          -0.7923244928     0.5669440475    -0.2253804453
 4,11 -221.50124679 -488.17368111 -5348.75206157 2 0
   0,30    -0.5773503000    -0.5773503000     0.5773503000
           0.7176211555    -0.0215200385     0.6961011170
   4,12     0.5773503000     0.5773503000    -0.5773503000
           0.7176211554    -0.0215200383     0.6961011171
 4,12 -186.70782426 -441.36967647 -5352.50321960 2 0
   4,8     0.5773503000     0.5773503000    -0.5773503000
           0.7285925212    -0.0451337574     0.6834587639
   4,11    -0.5773503000    -0.5773503000     0.5773503000
           0.7176211554    -0.0215200383     0.6961011171
 4,13 -56.37279930 -271.22050750 -4398.62128729 2 0
   4,15     0.5773503000    -0.5773503000     0.5773503000
          -0.7992790431    -0.5440859077     0.2551931354
   7,63    -0.5773503000     0.5773503000    -0.5773503000
          -0.7868402435    -0.5822635050     0.2045767385
 4,14 -41.36783200 -246.69890881 -5369.54482692 2 0
   6,54     0.5773503000     0.5773503000    -0.5773503000
          -0.7905395765     0.5721465350    -0.2183930415
   4,10    -0.5773503000    -0.5773503000     0.5773503000
          -0.7923244928     0.5669440475    -0.2253804453
 4,15 -3.62866752 -348.73523860 -4402.86994845 2 0
   4,17     0.5773503000    -0.5773503000     0.5773503000
          -0.7996806632    -0.5426098229     0.2570708404
   4,13    -0.5773503000     0.5773503000    -0.5773503000
          -0.7992790431    -0.5440859077     0.2551931354
 4,16 735.31988233 -456.94256506 -2770.91818036 1 1
   4,53    -0.5773503000    -0.5773503000     0.5773503000
          -0.1891173220     0.7824365418     0.5933192198
 4,17 35.58571215 -411.52584614 -4406.17927461 2 0
   4,18     0.5773503000    -0.5773503000     0.5773503000
          -0.8133870717    -0.3450404447     0.4683466270
   4,15    -0.5773503000     0.5773503000    -0.5773503000
          -0.7996806632    -0.5426098229     0.2570708404
 4,18 65.22323838 -475.60823919 -4406.43597378 2 0
   4,19     0.5773503000    -0.5773503000     0.5773503000
          -0.7810814371    -0.1845459578     0.5965354793
   4,17    -0.5773503000     0.5773503000    -0.5773503000
          -0.8133870717    -0.3450404447     0.4683466270
 4,19 92.63801422 -553.91611866 -4403.36454001 2 0
   4,18    -0.5773503000     0.5773503000    -0.5773503000
          -0.7810814371    -0.1845459578     0.5965354793
   4,21     0.5773503000    -0.5773503000     0.5773503000
          -0.7828051592    -0.1903750640     0.5924300952
 4,20 636.80233285 -412.06605708 -2809.37431582 2 0
   4,53     0.5773503000     0.5773503000    -0.5773503000
          -0.5281347555    -0.2751962499    -0.8033310053
   4,854    -0.5773503000    -0.5773503000     0.5773503000
          -0.7619911252     0.1269736267    -0.6350174984
 4,21 116.31735810 -634.28242855 -4399.11094622 2 0
   4,22     0.5773503000    -0.5773503000     0.5773503000
          -0.7819679376    -0.1875273189     0.5944406187
   4,19    -0.5773503000     0.5773503000    -0.5773503000
          -0.7828051592    -0.1903750640     0.5924300952
 4,22 136.15950503 -707.06912456 -4396.03657274 2 0
   4,21    -0.5773503000     0.5773503000    -0.5773503000
          -0.7819679376    -0.1875273189     0.5944406187
   4,23     0.5773503000    -0.5773503000     0.5773503000
          -0.7819118276    -0.1873375935     0.5945742341
 4,23 152.14398610 -769.60982001 -4394.45920333 2 0
   4,7     0.5773503000    -0.5773503000     0.5773503000
          -0.7810450800    -0.1844244148     0.5966206653
   4,22    -0.5773503000     0.5773503000    -0.5773503000
          -0.7819118276    -0.1873375935     0.5945742341
 4,24 203.94334571 -417.40928740 -1085.10046208 2 0
   4,0     0.5773503000    -0.5773503000    -0.5773503000
           0.0000000000     0.0000000000     0.0000000000
   4,25    -0.5773503000     0.5773503000     0.5773503000
           0.6133527611    -0.1600663676     0.7734191286
 4,25 167.55019687 -368.91801927 -1080.18265042 2 0
   4,27    -0.5773503000     0.5773503000     0.5773503000
           0.5646802028    -0.2283968186     0.7930770214
   4,24     0.5773503000    -0.5773503000    -0.5773503000
           0.6133527611    -0.1600663676     0.7734191286
 4,26 87.48185987 -262.29030410 -1068.70610596 2 0
   4,27     0.5773503000    -0.5773503000    -0.5773503000
          -0.3519519768    -0.8140178009     0.4620658241
   7,98    -0.5773503000     0.5773503000     0.5773503000
          -0.3023703432    -0.8080178228     0.5056474796
 4,27 127.36310050 -315.30009428 -1074.43536860 2 0
   4,26    -0.5773503000     0.5773503000     0.5773503000
          -0.3519519768    -0.8140178009     0.4620658241
   4,25     0.5773503000    -0.5773503000    -0.5773503000
           0.5646802028    -0.2283968186     0.7930770214
 4,28 -239.50408924 -361.44385081 -1077.27284310 2 0
   4,31     0.5773503000    -0.5773503000     0.5773503000
           0.6751451400     0.7352335814     0.0600884414
   1,0    -0.5773503000     0.5773503000    -0.5773503000
           0.0000000000     0.0000000000     0.0000000000
 4,29 -149.47452044 -511.20121396 -1116.23733597 2 0
   4,30    -0.5773503000     0.5773503000    -0.5773503000
           0.0723505365    -0.6681499761    -0.7405005127
   4,32     0.5773503000    -0.5773503000     0.5773503000
           0.3711109063    -0.4442917675    -0.8154026738
 4,30 -163.66972023 -443.82653691 -1106.72764389 2 0
   4,31    -0.5773503000     0.5773503000    -0.5773503000
          -0.7768347651    -0.1707115931     0.6061231721
   4,29     0.5773503000    -0.5773503000     0.5773503000
           0.0723505365    -0.6681499761    -0.7405005127
 4,31 -188.60367923 -393.00956547 -1093.14889446 2 0
   4,30     0.5773503000    -0.5773503000     0.5773503000
          -0.7768347651    -0.1707115931     0.6061231721
   4,28    -0.5773503000     0.5773503000    -0.5773503000
           0.6751451400     0.7352335814     0.0600884414
 4,32 -141.01672813 -568.41791199 -1123.71963773 2 0
   4,33     0.5773503000    -0.5773503000     0.5773503000
           0.0000000000     0.0000000000     0.0000000000
   4,29    -0.5773503000     0.5773503000    -0.5773503000
           0.3711109063    -0.4442917675    -0.8154026738
 4,33 -134.41417351 -629.87477425 -1131.89992213 2 0
   4,32    -0.5773503000     0.5773503000    -0.5773503000
           0.0000000000     0.0000000000     0.0000000000
   4,36     0.5773503000    -0.5773503000     0.5773503000
           0.7178454702     0.0219903818    -0.6958550884
 4,34 -146.26487423 -776.37405341 -1137.25173834 2 0
   4,36    -0.5773503000     0.5773503000    -0.5773503000
          -0.7810354814    -0.1843923358     0.5966431456
   4,35     0.5773503000    -0.5773503000     0.5773503000
          -0.6201384635     0.1498994787     0.7700379422
 4,35 -160.37148088 -837.14142886 -1137.06178094 1 1
   4,34    -0.5773503000     0.5773503000    -0.5773503000
          -0.6201384635     0.1498994787     0.7700379422
 4,36 -133.20557379 -691.52361763 -1137.91347267 2 0
   4,33    -0.5773503000     0.5773503000    -0.5773503000
           0.7178454702     0.0219903818    -0.6958550884
   4,34     0.5773503000    -0.5773503000     0.5773503000
          -0.7810354814    -0.1843923358     0.5966431456
 4,37 -207.51699102 -554.25102433 -2813.64452080 2 0
   1,16    -0.5773503000     0.5773503000    -0.5773503000
          -0.1755881084    -0.7783565873    -0.6027684789
   4,38     0.5773503000    -0.5773503000     0.5773503000
          -0.7840602750    -0.1947052433     0.5893550317
 4,38 -176.77762582 -604.59272659 -2836.93250759 2 0
   4,37    -0.5773503000     0.5773503000    -0.5773503000
          -0.7840602750    -0.1947052433     0.5893550317
   4,39     0.5773503000    -0.5773503000     0.5773503000
           0.6587779786    -0.0883533730    -0.7471313515
 4,39 -169.20066475 -680.94007747 -2852.52430941 2 0
   4,38    -0.5773503000     0.5773503000    -0.5773503000
           0.6587779786    -0.0883533730    -0.7471313515
   4,42     0.5773503000    -0.5773503000     0.5773503000
          -0.6244936658     0.1432811532     0.7677748189
 4,40 -197.45367145 -828.38751113 -2855.94691838 1 1
   4,42    -0.5773503000     0.5773503000    -0.5773503000
          -0.6232714169     0.1451460289     0.7684174459
 4,41 205.93251823 -826.38592692 -3257.87315640 1 1
   4,43    -0.5773503000     0.5773503000     0.5773503000
           0.7911906581     0.5702750556     0.2209156026
 4,42 -181.19409341 -760.98863258 -2855.65776831 2 0
   4,39    -0.5773503000     0.5773503000    -0.5773503000
          -0.6244936658     0.1432811532     0.7677748189
   4,40     0.5773503000    -0.5773503000     0.5773503000
          -0.6232714169     0.1451460289     0.7684174459
 4,43 191.96779147 -768.83379039 -3257.37980516 2 0
   4,41     0.5773503000    -0.5773503000    -0.5773503000
           0.7911906581     0.5702750556     0.2209156026
   4,44    -0.5773503000     0.5773503000     0.5773503000
           0.7820453549     0.1877893210     0.5942560339
 4,44 177.25580385 -708.30146964 -3256.83945555 2 0
   4,43     0.5773503000    -0.5773503000    -0.5773503000
           0.7820453549     0.1877893210     0.5942560339
   4,45    -0.5773503000     0.5773503000     0.5773503000
           0.7830149627     0.1910937189     0.5919212438
 4,45 166.60806673 -664.83768033 -3256.64664982 2 0
   4,47    -0.5773503000     0.5773503000     0.5773503000
           0.7810417789     0.1844133817     0.5966283972
   4,44     0.5773503000    -0.5773503000    -0.5773503000
           0.7830149627     0.1910937189     0.5919212438
 4,46 127.00542942 -516.45739547 -3260.87138010 2 0
   4,47     0.5773503000    -0.5773503000    -0.5773503000
           0.7810858847     0.1845608301     0.5965250546
   4,54    -0.5773503000     0.5773503000     0.5773503000
          -0.4112891147    -0.8164890123     0.4051998976
 4,47 148.66623034 -591.12412682 -3256.96959003 2 0
   4,46    -0.5773503000     0.5773503000     0.5773503000
           0.7810858847     0.1845608301     0.5965250546
   4,45     0.5773503000    -0.5773503000    -0.5773503000
           0.7810417789     0.1844133817     0.5966283972
 4,48 68.66656957 -415.51545361 -3281.65975759 2 0
   4,49    -0.5773503000     0.5773503000     0.5773503000
           0.7918594488     0.5683216036     0.2235378452
   4,54     0.5773503000    -0.5773503000    -0.5773503000
           0.7911053305     0.5705219969     0.2205833337
 4,49 25.81889499 -348.73071047 -3297.92146798 2 0
   4,51    -0.5773503000     0.5773503000     0.5773503000
           0.8143736169     0.4581447229     0.3562288940
   4,48     0.5773503000    -0.5773503000    -0.5773503000
           0.7918594488     0.5683216036     0.2235378452
 4,50 705.80876506 -497.88705310 -2844.71354875 1 1
   4,854     0.5773503000     0.5773503000    -0.5773503000
          -0.7809200822     0.1840069742    -0.5969131081
 4,51 -23.97291562 -271.47953542 -3318.08371874 2 0
   4,52    -0.5773503000     0.5773503000     0.5773503000
           0.8028951209     0.5299760344     0.2729190865
   4,49     0.5773503000    -0.5773503000    -0.5773503000
           0.8143736169     0.4581447229     0.3562288940
 4,52 -47.71869417 -235.14168476 -3328.13532490 2 0
   4,51     0.5773503000    -0.5773503000    -0.5773503000
           0.8028951209     0.5299760344     0.2729190865
   7,102    -0.5773503000     0.5773503000     0.5773503000
           0.7876822974     0.5800331162     0.2076491812
 4,53 692.35284375 -425.26562974 -2771.35593261 2 0
   4,16     0.5773503000     0.5773503000    -0.5773503000
          -0.1891173220     0.7824365418     0.5933192198
   4,20    -0.5773503000    -0.5773503000     0.5773503000
          -0.5281347555    -0.2751962499    -0.8033310053
 4,54 94.89672148 -457.34613039 -3272.11411414 2 0
   4,46     0.5773503000    -0.5773503000    -0.5773503000
          -0.4112891147    -0.8164890123     0.4051998976
   4,48    -0.5773503000     0.5773503000     0.5773503000
           0.7911053305     0.5705219969     0.2205833337
 4,854 650.82273222 -457.30271860 -2845.23203280 2 0
   4,50    -0.5773503000    -0.5773503000     0.5773503000
          -0.7809200822     0.1840069742    -0.5969131081
   4,20     0.5773503000     0.5773503000    -0.5773503000
          -0.7619911252     0.1269736267    -0.6350174984
 5,0 552.46225009 -526.08282788 7026.35583228 2 0
   5,18    -0.5773503000    -0.5773503000     0.5773503000
          -0.6323489255    -0.1311521822    -0.7635011077
   5,5     0.5773503000     0.5773503000    -0.5773503000
          -0.6327726528    -0.1304907008    -0.7632633536
 5,1 462.38524739 -316.60713703 2255.39092140 2 0
   5,22    -0.5773503000     0.5773503000     0.5773503000
           0.6100102937     0.7750217223    -0.1650114285
   5,25     0.5773503000    -0.5773503000    -0.5773503000
           0.5712640726     0.7908478511    -0.2195837785
 5,2 546.04581975 -378.21437214 2251.84600484 2 0
   5,25    -0.5773503000     0.5773503000     0.5773503000
           0.5626217643     0.7937487445    -0.2311269801
   5,40     0.5773503000    -0.5773503000    -0.5773503000
           0.5729821088     0.7902455852    -0.2172634764
 5,3 567.94692438 -386.67551391 2825.39611086 2 0
   5,16    -0.5773503000     0.5773503000    -0.5773503000
           0.0000000000     0.0000000000     0.0000000000
   5,23     0.5773503000    -0.5773503000     0.5773503000
          -0.5688051954    -0.7916949072    -0.2228897117
 5,5 626.39807344 -541.06870576 7061.68690428 2 0
   5,169     0.5773503000     0.5773503000    -0.5773503000
           0.1468340743     0.6221617261     0.7689958005
   5,0    -0.5773503000    -0.5773503000     0.5773503000
          -0.6327726528    -0.1304907008    -0.7632633536
 5,9 654.20559321 -456.86138096 2248.66801524 2 0
   5,47     0.5773503000    -0.5773503000    -0.5773503000
           0.5654554301     0.7928209589    -0.2273655288
   5,40    -0.5773503000     0.5773503000     0.5773503000
           0.5703694262     0.7911580704    -0.2207886442
 5,16 495.51238120 -333.93095309 2824.16815479 2 0
   5,3     0.5773503000    -0.5773503000     0.5773503000
           0.0000000000     0.0000000000     0.0000000000
   5,33    -0.5773503000     0.5773503000    -0.5773503000
          -0.5641888446    -0.7932384438    -0.2290495993
 5,18 553.39705782 -559.86360359 7005.55210856 2 0
   5,24    -0.5773503000    -0.5773503000     0.5773503000
          -0.6247967436    -0.1428178098    -0.7676145533
   5,0     0.5773503000     0.5773503000    -0.5773503000
          -0.6323489255    -0.1311521822    -0.7635011077
 5,22 408.01468447 -276.62404061 2258.21400357 2 0
   5,1     0.5773503000    -0.5773503000    -0.5773503000
           0.6100102937     0.7750217223    -0.1650114285
   5,38    -0.5773503000     0.5773503000     0.5773503000
           0.5760359168     0.7891536355    -0.2131177187
 5,23 621.75583472 -425.72434369 2826.18313971 2 0
   5,81     0.5773503000    -0.5773503000     0.5773503000
          -0.6838445601    -0.7282737563    -0.0444291961
   5,3    -0.5773503000     0.5773503000    -0.5773503000
          -0.5688051954    -0.7916949072    -0.2228897117
 5,24 603.50444104 -629.68405890 7005.64271899 1 1
   5,18     0.5773503000     0.5773503000    -0.5773503000
          -0.6247967436    -0.1428178098    -0.7676145533
 5,25 501.30667958 -345.33070454 2253.64289628 2 0
   5,2     0.5773503000    -0.5773503000    -0.5773503000
           0.5626217643     0.7937487445    -0.2311269801
   5,1    -0.5773503000     0.5773503000     0.5773503000
           0.5712640726     0.7908478511    -0.2195837785
 5,33 428.81357556 -285.51735291 2822.84119894 2 0
   5,37    -0.5773503000     0.5773503000    -0.5773503000
          -0.4563705538    -0.8145251427    -0.3581545888
   5,16     0.5773503000    -0.5773503000     0.5773503000
          -0.5641888446    -0.7932384438    -0.2290495993
 5,37 368.41416936 -241.71337727 2821.43390803 2 0
   7,10    -0.5773503000     0.5773503000    -0.5773503000
          -0.1029318017    -0.7529313548    -0.6499995532
   5,33     0.5773503000    -0.5773503000     0.5773503000
          -0.4563705538    -0.8145251427    -0.3581545888
 5,38 357.24332322 -239.39507140 2261.27080759 2 0
   7,11    -0.5773503000     0.5773503000     0.5773503000
           0.5868731846     0.7850511760    -0.1981779914
   5,22     0.5773503000    -0.5773503000    -0.5773503000
           0.5760359168     0.7891536355    -0.2131177187
 5,40 601.71595474 -418.79135508 2249.94649128 2 0
   5,9     0.5773503000    -0.5773503000    -0.5773503000
           0.5703694262     0.7911580704    -0.2207886442
   5,2    -0.5773503000     0.5773503000     0.5773503000
           0.5729821088     0.7902455852    -0.2172634764
 5,47 707.53868650 -495.48691531 2247.99939073 1 1
   5,9    -0.5773503000     0.5773503000     0.5773503000
           0.5654554301     0.7928209589    -0.2273655288
 5,81 661.61853028 -454.58513267 2826.60216777 2 0
   5,2453     0.5773503000    -0.5773503000     0.5773503000
          -0.2062813604    -0.7873087884    -0.5810274280
   5,23    -0.5773503000     0.5773503000    -0.5773503000
          -0.6838445601    -0.7282737563    -0.0444291961
 5,169 658.18190066 -563.96579768 7061.70161229 1 1
   5,5    -0.5773503000    -0.5773503000     0.5773503000
           0.1468340743     0.6221617261     0.7689958005
 5,2453 711.19688648 -490.41143396 2826.92925965 1 1
   5,81    -0.5773503000     0.5773503000    -0.5773503000
          -0.2062813604    -0.7873087884    -0.5810274280
 6,0 681.40820708 531.74101889 -7340.13463250 1 1
   6,79    -0.5773503000     0.5773503000    -0.5773503000
          -0.1839223805    -0.7808947273    -0.5969723468
 6,1 269.80708424 424.27603841 -7292.15863752 2 0
   6,4    -0.5773503000     0.5773503000    -0.5773503000
          -0.1896865326    -0.7826035912    -0.5929170586
   6,62     0.5773503000    -0.5773503000     0.5773503000
          -0.1836312767    -0.7808074131    -0.5971761364
 6,2 563.99966867 463.73699889 -7334.99649438 2 0
   6,80    -0.5773503000     0.5773503000    -0.5773503000
           0.1468526766    -0.6221494797    -0.7690021563
   6,79     0.5773503000    -0.5773503000     0.5773503000
           0.1455946085    -0.6229768383    -0.7685714468
 6,3 569.90321751 -202.44904172 -8680.71392191 2 0
   6,25     0.5773503000    -0.5773503000     0.5773503000
           0.7061353370     0.7080742380     0.0019389011
   6,26    -0.5773503000     0.5773503000    -0.5773503000
           0.7069372599     0.7072761806     0.0003389207
 6,4 203.05458266 431.39972360 -7281.19780193 2 0
   6,1     0.5773503000    -0.5773503000     0.5773503000
          -0.1896865326    -0.7826035912    -0.5929170586
   6,5    -0.5773503000     0.5773503000    -0.5773503000
          -0.1905387096    -0.7828529862    -0.5923142765
 6,5 146.95725251 439.11687165 -7273.80647178 2 0
   6,6    -0.5773503000     0.5773503000    -0.5773503000
          -0.1880183606    -0.7821129676    -0.5940946070
   6,4     0.5773503000    -0.5773503000     0.5773503000
          -0.1905387096    -0.7828529862    -0.5923142765
 6,6 61.66720988 453.45919952 -7265.35822446 2 0
   6,5     0.5773503000    -0.5773503000     0.5773503000
          -0.1880183606    -0.7821129676    -0.5940946070
   6,7    -0.5773503000     0.5773503000    -0.5773503000
          -0.1987937137    -0.7852254029    -0.5864316892
 6,7 -28.12244413 473.39409588 -7258.38839201 2 0
   6,9    -0.5773503000     0.5773503000    -0.5773503000
          -0.1954221530    -0.7842659808    -0.5888438278
   6,6     0.5773503000    -0.5773503000     0.5773503000
          -0.1987937137    -0.7852254029    -0.5864316892
 6,8 -77.03636384 755.43599618 -7406.50151554 2 0
   6,46     0.5773503000     0.5773503000     0.5773503000
           0.7810463672    -0.1844287169    -0.5966176503
   6,35    -0.5773503000    -0.5773503000    -0.5773503000
           0.7826972190    -0.1900061213    -0.5926910977
 6,9 -80.88391899 495.11743368 -7248.08196885 2 0
   6,34    -0.5773503000     0.5773503000    -0.5773503000
          -0.5720816160    -0.7905623323    -0.2184807163
   6,7     0.5773503000    -0.5773503000     0.5773503000
          -0.1954221530    -0.7842659808    -0.5888438278
 6,10 -129.19910723 402.95743971 -7364.65799292 2 0
   6,45     0.5773503000     0.5773503000     0.5773503000
           0.7859889543    -0.2015107367    -0.5844782175
   6,44    -0.5773503000    -0.5773503000    -0.5773503000
           0.7824218960    -0.1890674778    -0.5933544181
 6,11 627.94824394 -188.14963939 -8129.75774965 2 0
   6,14     0.5773503000    -0.5773503000     0.5773503000
          -0.2776318465    -0.8037899215    -0.5261580750
   6,27    -0.5773503000     0.5773503000    -0.5773503000
           0.7068624610     0.7073508484     0.0004883875
 6,12 824.47532417 -214.02596137 -8121.23223380 1 1
   6,24    -0.5773503000     0.5773503000    -0.5773503000
          -0.2004162495    -0.7856824096    -0.5852661601
 6,13 574.94570020 -207.21597072 -8466.81790512 2 0
   6,23    -0.5773503000     0.5773503000    -0.5773503000
          -0.2740919346     0.5290285094     0.8031204440
   6,32     0.5773503000    -0.5773503000     0.5773503000
           0.7089134683     0.7052861383    -0.0036273299
 6,14 689.11725692 -186.36479072 -8121.09891223 2 0
   6,11    -0.5773503000     0.5773503000    -0.5773503000
          -0.2776318465    -0.8037899215    -0.5261580750
   6,24     0.5773503000    -0.5773503000     0.5773503000
          -0.1898688387    -0.7826570147    -0.5927881759
 6,15 426.33649039 230.81476576 -5408.72728445 2 0
   6,30    -0.5773503000    -0.5773503000     0.5773503000
          -0.5316530358    -0.2708379836    -0.8024910194
   6,16     0.5773503000     0.5773503000    -0.5773503000
          -0.6400434752    -0.1190207005    -0.7590641756
 6,16 478.45353886 269.32872309 -5411.71902196 2 0
   6,17     0.5773503000     0.5773503000    -0.5773503000
          -0.6400434751    -0.1190207006    -0.7590641757
   6,15    -0.5773503000    -0.5773503000     0.5773503000
          -0.6400434752    -0.1190207005    -0.7590641756
 6,17 531.99931134 308.77156147 -5414.29099853 2 0
   6,16    -0.5773503000    -0.5773503000     0.5773503000
          -0.6400434751    -0.1190207006    -0.7590641757
   6,18     0.5773503000     0.5773503000    -0.5773503000
          -0.5627120855     0.7937195188     0.2310074333
 6,18 586.46199739 348.78606707 -5416.39484043 2 0
   6,20     0.5773503000     0.5773503000    -0.5773503000
          -0.4451703408    -0.3701774514    -0.8153477922
   6,17    -0.5773503000    -0.5773503000     0.5773503000
          -0.5627120855     0.7937195188     0.2310074333
 6,19 682.41219623 418.71029833 -5418.58559378 2 0
   6,20    -0.5773503000    -0.5773503000     0.5773503000
           0.0000000000     0.0000000000     0.0000000000
   6,21     0.5773503000     0.5773503000    -0.5773503000
          -0.6088515743     0.7755678256     0.1667162513
 6,20 638.15003544 386.55981434 -5417.86107809 2 0
   6,19     0.5773503000     0.5773503000    -0.5773503000
           0.0000000000     0.0000000000     0.0000000000
   6,18    -0.5773503000    -0.5773503000     0.5773503000
          -0.4451703408    -0.3701774514    -0.8153477922
 6,21 735.34627426 456.90594821 -5418.73607213 1 1
   6,19    -0.5773503000    -0.5773503000     0.5773503000
          -0.6088515743     0.7755678256     0.1667162513
 6,22 578.13381497 -209.89733659 -8364.44776980 2 0
   6,32    -0.5773503000     0.5773503000    -0.5773503000
          -0.2740919346     0.5290285094     0.8031204440
   6,28     0.5773503000    -0.5773503000     0.5773503000
           0.7133500095     0.7006936423    -0.0126563672
 6,23 572.76318227 -205.21243005 -8542.50579035 2 0
   6,25    -0.5773503000     0.5773503000    -0.5773503000
          -0.7226500312    -0.0321856844     0.6904643468
   6,13     0.5773503000    -0.5773503000     0.5773503000
          -0.2740919346     0.5290285094     0.8031204440
 6,24 748.73639204 -196.23227189 -8121.12749310 2 0
   6,12     0.5773503000    -0.5773503000     0.5773503000
          -0.2004162495    -0.7856824096    -0.5852661601
   6,14    -0.5773503000     0.5773503000    -0.5773503000
          -0.1898688387    -0.7826570147    -0.5927881759
 6,25 571.16805416 -203.73608181 -8605.97811363 2 0
   6,23     0.5773503000    -0.5773503000     0.5773503000
          -0.7226500312    -0.0321856844     0.6904643468
   6,3    -0.5773503000     0.5773503000    -0.5773503000
           0.7061353370     0.7080742380     0.0019389011
 6,26 569.45894234 -202.00532280 -8750.00000000 1 1
   6,3     0.5773503000    -0.5773503000     0.5773503000
           0.7069372599     0.7072761806     0.0003389207
 6,27 587.53426710 -209.48297066 -8198.63347684 2 0
   6,28    -0.5773503000     0.5773503000    -0.5773503000
          -0.2740919346     0.5290285094     0.8031204440
   6,11     0.5773503000    -0.5773503000     0.5773503000
           0.7068624610     0.7073508484     0.0004883875
 6,28 581.12263132 -211.34656713 -8282.53088094 2 0
   6,27     0.5773503000    -0.5773503000     0.5773503000
          -0.2740919346     0.5290285094     0.8031204440
   6,22    -0.5773503000     0.5773503000    -0.5773503000
           0.7133500095     0.7006936423    -0.0126563672
 6,29 280.18850607 121.15180298 -5398.68489113 2 0
   6,31     0.5773503000     0.5773503000    -0.5773503000
          -0.5722623141     0.7904989622     0.2182366481
   6,33    -0.5773503000    -0.5773503000     0.5773503000
          -0.5828151601     0.7866296180     0.2038144579
 6,30 371.73146428 190.21166043 -5405.08392794 2 0
   6,15     0.5773503000     0.5773503000    -0.5773503000
          -0.5316530358    -0.2708379836    -0.8024910194
   6,31    -0.5773503000    -0.5773503000     0.5773503000
          -0.5925300238     0.7827638589     0.1902338352
 6,31 319.13541783 150.77487768 -5401.37008229 2 0
   6,29    -0.5773503000    -0.5773503000     0.5773503000
          -0.5722623141     0.7904989622     0.2182366481
   6,30     0.5773503000     0.5773503000    -0.5773503000
          -0.5925300238     0.7827638589     0.1902338352
 6,32 576.50350394 -208.52871303 -8417.02801983 2 0
   6,22     0.5773503000    -0.5773503000     0.5773503000
          -0.2740919346     0.5290285094     0.8031204440
   6,13    -0.5773503000     0.5773503000    -0.5773503000
           0.7089134683     0.7052861383    -0.0036273299
 6,33 214.15371123 68.33603355 -5394.35281610 2 0
   6,47    -0.5773503000    -0.5773503000     0.5773503000
          -0.4383965263     0.8157352396     0.3773387134
   6,29     0.5773503000     0.5773503000    -0.5773503000
          -0.5828151601     0.7866296180     0.2038144579
 6,34 -117.69563997 532.69955894 -7230.21952217 2 0
   6,41    -0.5773503000     0.5773503000    -0.5773503000
          -0.7967862111    -0.2439625374     0.5528236737
   6,9     0.5773503000    -0.5773503000     0.5773503000
          -0.5720816160    -0.7905623323    -0.2184807163
 6,35 -84.18543995 682.37529584 -7393.52940104 2 0
   6,8     0.5773503000     0.5773503000     0.5773503000
           0.7826972190    -0.1900061213    -0.5926910977
   6,36    -0.5773503000    -0.5773503000    -0.5773503000
           0.7809885218    -0.1842354510    -0.5967530707
 6,36 -95.29514112 603.20405187 -7382.61724406 2 0
   6,42    -0.5773503000    -0.5773503000    -0.5773503000
           0.7810867453    -0.1845637082    -0.5965230372
   6,35     0.5773503000     0.5773503000     0.5773503000
           0.7809885218    -0.1842354510    -0.5967530707
 6,37 -165.16088248 730.93858720 -7201.56992126 2 0
   6,39    -0.5773503000     0.5773503000    -0.5773503000
          -0.7809129332    -0.1839831196     0.5969298136
   6,38     0.5773503000    -0.5773503000     0.5773503000
          -0.7793533511    -0.1788301304     0.6005232207
 6,38 -149.39642846 652.15339099 -7206.83790517 2 0
   6,41     0.5773503000    -0.5773503000     0.5773503000
          -0.7959216461    -0.2402219566     0.5556996895
   6,37    -0.5773503000     0.5773503000    -0.5773503000
          -0.7793533511    -0.1788301304     0.6005232207
 6,39 -184.78765328 818.38003033 -7198.99557997 2 0
   6,40    -0.5773503000     0.5773503000    -0.5773503000
          -0.7911943489    -0.5702643627     0.2209299862
   6,37     0.5773503000    -0.5773503000     0.5773503000
          -0.7809129332    -0.1839831196     0.5969298136
 6,40 -187.63901918 830.70443624 -7198.91691317 1 1
   6,39     0.5773503000    -0.5773503000     0.5773503000
          -0.7911943489    -0.5702643627     0.2209299862
 6,41 -135.74163714 582.33560922 -7216.19613475 2 0
   6,34     0.5773503000    -0.5773503000     0.5773503000
          -0.7967862111    -0.2439625374     0.5528236737
   6,38    -0.5773503000     0.5773503000    -0.5773503000
          -0.7959216461    -0.2402219566     0.5556996895
 6,42 -108.04530859 522.80320453 -7373.63687112 2 0
   6,36     0.5773503000     0.5773503000     0.5773503000
           0.7810867453    -0.1845637082    -0.5965230372
   6,45    -0.5773503000    -0.5773503000    -0.5773503000
           0.7822376646    -0.1884413123    -0.5937963522
 6,43 -160.65209106 264.06825314 -7356.72784660 2 0
   6,44     0.5773503000     0.5773503000     0.5773503000
           0.7837635848    -0.1936748743    -0.5900887105
   6,49    -0.5773503000    -0.5773503000    -0.5773503000
           0.7865411388    -0.2034949711    -0.5830461677
 6,44 -144.19899613 330.13176520 -7361.15805816 2 0
   6,43    -0.5773503000    -0.5773503000    -0.5773503000
           0.7837635848    -0.1936748743    -0.5900887105
   6,10     0.5773503000     0.5773503000     0.5773503000
           0.7824218960    -0.1890674778    -0.5933544181
 6,45 -118.35835762 461.38586318 -7368.28150565 2 0
   6,10    -0.5773503000    -0.5773503000    -0.5773503000
           0.7859889543    -0.2015107367    -0.5844782175
   6,42     0.5773503000     0.5773503000     0.5773503000
           0.7822376646    -0.1884413123    -0.5937963522
 6,46 -97.67874492 851.94117624 -7404.79096991 1 1
   6,8    -0.5773503000    -0.5773503000    -0.5773503000
           0.7810463672    -0.1844287169    -0.5966176503
 6,47 171.36459411 27.13505951 -5391.71214942 2 0
   6,51    -0.5773503000    -0.5773503000     0.5773503000
          -0.7963167729     0.5543944190    -0.2419223540
   6,33     0.5773503000     0.5773503000    -0.5773503000
          -0.4383965263     0.8157352396     0.3773387134
 6,48 -241.85759029 115.18249232 -7324.99459539 2 0
   6,50     0.5773503000     0.5773503000     0.5773503000
           0.7820607447    -0.5942193083    -0.1878414364
   0,53    -0.5773503000    -0.5773503000    -0.5773503000
           0.5456929950    -0.7988354388     0.2531424438
 6,49 -181.14268048 208.49036309 -7349.13510178 2 0
   6,43     0.5773503000     0.5773503000     0.5773503000
           0.7865411388    -0.2034949711    -0.5830461677
   6,50    -0.5773503000    -0.5773503000    -0.5773503000
          -0.4442052658     0.8154080023    -0.3712027366
 6,50 -208.51659946 158.74614412 -7338.04696776 2 0
   6,49     0.5773503000     0.5773503000     0.5773503000
          -0.4442052658     0.8154080023    -0.3712027366
   6,48    -0.5773503000    -0.5773503000    -0.5773503000
           0.7820607447    -0.5942193083    -0.1878414364
 6,51 132.87634698 -16.74471287 -5388.84420160 2 0
   6,47     0.5773503000     0.5773503000    -0.5773503000
          -0.7963167729     0.5543944190    -0.2419223540
   6,52    -0.5773503000    -0.5773503000     0.5773503000
          -0.7990047445     0.5450824659    -0.2539222786
 6,52 88.54021385 -73.54464646 -5384.50620141 2 0
   6,51     0.5773503000     0.5773503000    -0.5773503000
          -0.7990047445     0.5450824659    -0.2539222786
   6,53    -0.5773503000    -0.5773503000     0.5773503000
          -0.7878801638     0.5795031053    -0.2083770585
 6,53 46.51020933 -129.16174288 -5379.87338824 2 0
   6,54    -0.5773503000    -0.5773503000     0.5773503000
           0.6148554820     0.1578297707     0.7726852527
   6,52     0.5773503000     0.5773503000    -0.5773503000
          -0.7878801638     0.5795031053    -0.2083770585
 6,54 -1.35092853 -193.12031036 -5374.33657755 2 0
   6,53     0.5773503000     0.5773503000    -0.5773503000
           0.6148554820     0.1578297707     0.7726852527
   4,14    -0.5773503000    -0.5773503000     0.5773503000
          -0.7905395765     0.5721465350    -0.2183930415
 6,57 416.41001808 420.26827378 -7322.63837866 2 0
   6,62    -0.5773503000     0.5773503000    -0.5773503000
          -0.1840310645    -0.7809273012    -0.5968962368
   6,80     0.5773503000    -0.5773503000     0.5773503000
           0.1467647444    -0.6222073649    -0.7689721093
 6,62 354.93310017 418.76738939 -7309.71034054 2 0
   6,57     0.5773503000    -0.5773503000     0.5773503000
          -0.1840310645    -0.7809273012    -0.5968962368
   6,1    -0.5773503000     0.5773503000    -0.5773503000
          -0.1836312767    -0.7808074131    -0.5971761364
 6,79 612.47299586 483.94194550 -7341.22269911 2 0
   6,0     0.5773503000    -0.5773503000     0.5773503000
          -0.1839223805    -0.7808947273    -0.5969723468
   6,2    -0.5773503000     0.5773503000    -0.5773503000
           0.1455946085    -0.6229768383    -0.7685714468
 6,80 498.11601672 440.92719595 -7328.83840820 2 0
   6,57    -0.5773503000     0.5773503000    -0.5773503000
           0.1467647444    -0.6222073649    -0.7689721093
   6,2     0.5773503000    -0.5773503000     0.5773503000
           0.1468526766    -0.6221494797    -0.7690021563
 7,0 724.92100046 316.20695324 1491.70678889 2 0
   7,1     0.5773503000    -0.5773503000     0.5773503000
           0.1468184787    -0.6221719929    -0.7689904717
   7,19    -0.5773503000     0.5773503000    -0.5773503000
           0.1415765754    -0.6256074726    -0.7671840480
 7,1 796.62691166 331.99372983 1492.62993234 1 1
   7,0    -0.5773503000     0.5773503000    -0.5773503000
           0.1468184787    -0.6221719929    -0.7689904717
 7,2 819.38236368 235.60008821 6104.55367758 1 1
   7,15    -0.5773503000     0.5773503000     0.5773503000
           0.1843818840     0.7810323538    -0.5966504698
 7,3 476.18223065 291.65030181 1483.46406069 2 0
   7,13     0.5773503000    -0.5773503000     0.5773503000
          -0.1845423237    -0.7810803503    -0.5965380266
   7,9    -0.5773503000     0.5773503000    -0.5773503000
          -0.1838106035    -0.7808612122    -0.5970506087
 7,4 234.46306656 -144.63099347 2819.15800527 2 0
   7,67    -0.5773503000     0.5773503000    -0.5773503000
          -0.5876231855    -0.7847537929    -0.1971306074
   7,10     0.5773503000    -0.5773503000     0.5773503000
          -0.5642565501    -0.7932162413    -0.2289596912
 7,5 705.65096011 211.82982749 6106.73008996 2 0
   7,6    -0.5773503000     0.5773503000     0.5773503000
          -0.1467737352     0.6222014467    -0.7689751819
   7,15     0.5773503000    -0.5773503000    -0.5773503000
          -0.1468524491     0.6221496294    -0.7690020785
 7,6 632.79300668 203.90584353 6108.43806629 2 0
   7,8    -0.5773503000     0.5773503000     0.5773503000
          -0.0610455555     0.6746049271    -0.7356504826
   7,5     0.5773503000    -0.5773503000    -0.5773503000
          -0.1467737352     0.6222014467    -0.7689751819
 7,7 329.74948637 247.18481625 6079.18278733 2 0
   7,113    -0.5773503000     0.5773503000     0.5773503000
           0.1208332287     0.7597373549    -0.6389041262
   7,14     0.5773503000    -0.5773503000    -0.5773503000
           0.0992783007     0.7514994386    -0.6522211379
 7,8 569.62483107 207.49373584 6103.12893883 2 0
   7,6     0.5773503000    -0.5773503000    -0.5773503000
          -0.0610455555     0.6746049271    -0.7356504826
   7,12    -0.5773503000     0.5773503000     0.5773503000
           0.1757281798     0.7783999001    -0.6026717203
 7,9 409.93029855 300.98173390 1489.86299974 2 0
   7,18    -0.5773503000     0.5773503000    -0.5773503000
          -0.1974561320    -0.7848463553    -0.5873902234
   7,3     0.5773503000    -0.5773503000     0.5773503000
          -0.1838106035    -0.7808612122    -0.5970506087
 7,10 311.89708149 -200.65041470 2820.24729370 2 0
   5,37     0.5773503000    -0.5773503000     0.5773503000
          -0.1029318017    -0.7529313548    -0.6499995532
   7,4    -0.5773503000     0.5773503000    -0.5773503000
          -0.5642565501    -0.7932162413    -0.2289596912
 7,11 288.39891065 -188.76017327 2265.62758332 2 0
   5,38     0.5773503000    -0.5773503000    -0.5773503000
           0.5868731846     0.7850511760    -0.1981779914
   7,17    -0.5773503000     0.5773503000     0.5773503000
           0.5979938373     0.7804556686    -0.1824618313
 7,12 490.10076582 218.34208270 6094.42636053 2 0
   7,14    -0.5773503000     0.5773503000     0.5773503000
           0.0748822890     0.7415678959    -0.6666856070
   7,8     0.5773503000    -0.5773503000    -0.5773503000
           0.1757281798     0.7783999001    -0.6026717203
 7,13 566.35378100 291.82651567 1482.47116881 2 0
   7,3    -0.5773503000     0.5773503000    -0.5773503000
          -0.1845423237    -0.7810803503    -0.5965380266
   7,19     0.5773503000    -0.5773503000     0.5773503000
           0.1337280865    -0.6306942691    -0.7644223556
 7,14 416.43402338 230.42827942 6087.17392871 2 0
   7,12     0.5773503000    -0.5773503000    -0.5773503000
           0.0748822890     0.7415678959    -0.6666856070
   7,7    -0.5773503000     0.5773503000     0.5773503000
           0.0992783007     0.7514994386    -0.6522211379
 7,15 758.91134084 221.70494810 6104.86101783 2 0
   7,2     0.5773503000    -0.5773503000    -0.5773503000
           0.1843818840     0.7810323538    -0.5966504698
   7,5    -0.5773503000     0.5773503000     0.5773503000
          -0.1468524491     0.6221496294    -0.7690020785
 7,16 283.70624869 322.28376057 1499.70145068 2 0
   7,18     0.5773503000    -0.5773503000     0.5773503000
          -0.1942787217    -0.7839376091    -0.5896588873
   7,42    -0.5773503000     0.5773503000    -0.5773503000
          -0.1913381491    -0.7830861856    -0.5917480365
 7,17 210.52759549 -131.14214935 2270.54194474 2 0
   7,11     0.5773503000    -0.5773503000    -0.5773503000
           0.5979938373     0.7804556686    -0.1824618313
   7,68    -0.5773503000     0.5773503000     0.5773503000
           0.6059493158     0.7769146014    -0.1709652855
 7,18 364.80956919 308.15768467 1493.79535638 2 0
   7,9     0.5773503000    -0.5773503000     0.5773503000
          -0.1974561320    -0.7848463553    -0.5873902234
   7,16    -0.5773503000     0.5773503000    -0.5773503000
          -0.1942787217    -0.7839376091    -0.5896588873
 7,19 654.71110237 303.73424710 1488.59950579 2 0
   7,13    -0.5773503000     0.5773503000    -0.5773503000
           0.1337280865    -0.6306942691    -0.7644223556
   7,0     0.5773503000    -0.5773503000     0.5773503000
           0.1415765754    -0.6256074726    -0.7671840480
 7,20 311.48797152 632.59161478 -4392.54383812 2 0
   7,22    -0.5773503000    -0.5773503000     0.5773503000
          -0.7964242777     0.5540366472    -0.2423876306
   7,23     0.5773503000     0.5773503000    -0.5773503000
          -0.7993533423     0.5438143680    -0.2555389743
 7,21 247.63877832 544.64439133 -4391.18349631 2 0
   7,22     0.5773503000     0.5773503000    -0.5773503000
          -0.0461447178     0.7290489865     0.6829042687
   7,26    -0.5773503000    -0.5773503000     0.5773503000
          -0.2812024269     0.8044490095     0.5232465826
 7,22 277.56351813 585.82977083 -4391.82799343 2 0
   7,21    -0.5773503000    -0.5773503000     0.5773503000
          -0.0461447178     0.7290489865     0.6829042687
   7,20     0.5773503000     0.5773503000    -0.5773503000
          -0.7964242777     0.5540366472    -0.2423876306
 7,23 346.20266479 680.52662583 -4393.18484731 2 0
   7,20    -0.5773503000    -0.5773503000     0.5773503000
          -0.7993533423     0.5438143680    -0.2555389743
   7,24     0.5773503000     0.5773503000    -0.5773503000
          -0.7894343418     0.5752582051    -0.2141761367
 7,24 374.33823172 719.42894408 -4393.52517605 2 0
   7,25     0.5773503000     0.5773503000    -0.5773503000
          -0.7964242777     0.5540366472    -0.2423876306
   7,23    -0.5773503000    -0.5773503000     0.5773503000
          -0.7894343418     0.5752582051    -0.2141761367
 7,25 410.15033139 769.04581617 -4393.70427222 1 1
   7,24    -0.5773503000    -0.5773503000     0.5773503000
          -0.7964242777     0.5540366472    -0.2423876306
 7,26 214.10867512 498.52268705 -4390.43516157 2 0
   7,21     0.5773503000     0.5773503000    -0.5773503000
          -0.2812024269     0.8044490095     0.5232465826
   7,28    -0.5773503000    -0.5773503000     0.5773503000
          -0.7916272185     0.5690035633    -0.2226236552
 7,27 190.83954328 376.69919713 -96.59709343 2 0
   7,71     0.5773503000     0.5773503000    -0.5773503000
          -0.7665417109     0.6268080274    -0.1397336834
   7,57    -0.5773503000    -0.5773503000     0.5773503000
          -0.7659952612     0.6278209238    -0.1381743374
 7,28 177.93437077 448.67929527 -4389.58689191 2 0
   7,26     0.5773503000     0.5773503000    -0.5773503000
          -0.7916272185     0.5690035633    -0.2226236552
   7,29    -0.5773503000    -0.5773503000     0.5773503000
          -0.7824670446     0.5932458809    -0.1892211637
 7,29 139.40650031 395.33415825 -4388.92742788 2 0
   7,30    -0.5773503000    -0.5773503000     0.5773503000
          -0.2812024269     0.8044490095     0.5232465826
   7,28     0.5773503000     0.5773503000    -0.5773503000
          -0.7824670446     0.5932458809    -0.1892211637
 7,30 99.27479743 339.49697362 -4388.83476312 2 0
   7,29     0.5773503000     0.5773503000    -0.5773503000
          -0.2812024269     0.8044490095     0.5232465826
   7,31    -0.5773503000    -0.5773503000     0.5773503000
           0.2889212835     0.5168965756     0.8058178591
 7,31 58.24556476 282.25506959 -4389.31347639 2 0
   7,30     0.5773503000     0.5773503000    -0.5773503000
           0.2889212835     0.5168965756     0.8058178591
   7,58    -0.5773503000    -0.5773503000     0.5773503000
           0.8158585732    -0.3799812734     0.4358772997
 7,32 43.93942775 375.39744561 1510.57533895 2 0
   7,33    -0.5773503000     0.5773503000    -0.5773503000
          -0.2049662415    -0.7869476048    -0.5819813633
   7,49     0.5773503000    -0.5773503000     0.5773503000
          -0.2095420960    -0.7881955738    -0.5786534779
 7,33 -18.93268843 399.47660922 1517.13181033 2 0
   7,32     0.5773503000    -0.5773503000     0.5773503000
          -0.2049662415    -0.7869476048    -0.5819813633
   7,39    -0.5773503000     0.5773503000    -0.5773503000
          -0.5539523154    -0.7964495682    -0.2424972528
 7,34 191.57861864 359.97615801 6044.02190953 2 0
   7,45     0.5773503000    -0.5773503000    -0.5773503000
           0.7497695123     0.0949128669     0.6548566455
   7,52    -0.5773503000     0.5773503000     0.5773503000
           0.7826358346     0.1897965466     0.5928392880
 7,35 -226.64357823 387.55969230 2814.97483430 2 0
   3,54    -0.5773503000     0.5773503000    -0.5773503000
          -0.7943389727    -0.5607824362     0.2335565364
   7,47     0.5773503000    -0.5773503000     0.5773503000
          -0.7927327753    -0.5657212229     0.2270115524
 7,36 152.48577868 623.57396866 6009.38484520 2 0
   7,37    -0.5773503000     0.5773503000     0.5773503000
           0.7834333305     0.1925329249     0.5909004057
   7,41     0.5773503000    -0.5773503000    -0.5773503000
           0.7800143707     0.1810019553     0.5990124153
 7,37 151.60439299 688.66575645 6000.52006665 2 0
   7,38    -0.5773503000     0.5773503000     0.5773503000
           0.6221916066    -0.1467886838     0.7689802904
   7,36     0.5773503000    -0.5773503000    -0.5773503000
           0.7834333305     0.1925329249     0.5909004057
 7,38 163.58903130 761.20767062 5999.41893293 2 0
   7,37     0.5773503000    -0.5773503000    -0.5773503000
           0.6221916066    -0.1467886838     0.7689802904
   7,43    -0.5773503000     0.5773503000     0.5773503000
           0.6221511015    -0.1468502131     0.7690013146
 7,39 -71.47654207 428.97406176 1525.69734041 2 0
   7,33     0.5773503000    -0.5773503000     0.5773503000
          -0.5539523154    -0.7964495682    -0.2424972528
   7,50    -0.5773503000     0.5773503000    -0.5773503000
          -0.5676668188    -0.7920811709    -0.2244143521
 7,40 -164.33097904 302.02879805 2817.49598798 2 0
   7,47    -0.5773503000     0.5773503000    -0.5773503000
          -0.7921372361    -0.5675006729     0.2246365632
   7,44     0.5773503000    -0.5773503000     0.5773503000
          -0.7921712785    -0.5673996757     0.2247716028
 7,41 160.37951760 543.10923785 6021.90320180 2 0
   7,36    -0.5773503000     0.5773503000     0.5773503000
           0.7800143707     0.1810019553     0.5990124153
   7,51     0.5773503000    -0.5773503000    -0.5773503000
           0.7820304068     0.1877387115     0.5942916953
 7,42 206.93143002 337.27526090 1504.01597170 2 0
   7,16     0.5773503000    -0.5773503000     0.5773503000
          -0.1913381491    -0.7830861856    -0.5917480365
   7,49    -0.5773503000     0.5773503000    -0.5773503000
          -0.1909825289    -0.7829825409    -0.5920000120
 7,43 180.61426360 832.36275608 5999.23139056 1 1
   7,38     0.5773503000    -0.5773503000    -0.5773503000
           0.6221511015    -0.1468502131     0.7690013146
 7,44 -133.09015800 259.08615118 2818.67084438 2 0
   7,40    -0.5773503000     0.5773503000    -0.5773503000
          -0.7921712785    -0.5673996757     0.2247716028
   7,83     0.5773503000    -0.5773503000     0.5773503000
          -0.7923642207    -0.5668256169     0.2255386037
 7,45 213.54717881 307.46668223 6054.44272682 2 0
   7,34    -0.5773503000     0.5773503000     0.5773503000
           0.7497695123     0.0949128669     0.6548566455
   7,113     0.5773503000    -0.5773503000    -0.5773503000
           0.7479805669     0.0904522724     0.6575282945
 7,46 -213.27178015 523.27742969 1547.21003886 2 0
   3,52    -0.5773503000     0.5773503000    -0.5773503000
          -0.5756954182    -0.7892767560    -0.2135813379
   7,50     0.5773503000    -0.5773503000     0.5773503000
          -0.5687100876    -0.7917273205    -0.2230172329
 7,47 -195.21025791 344.43842400 2816.31212572 2 0
   7,35    -0.5773503000     0.5773503000    -0.5773503000
          -0.7927327753    -0.5657212229     0.2270115524
   7,40     0.5773503000    -0.5773503000     0.5773503000
          -0.7921372361    -0.5675006729     0.2246365632
 7,48 -218.77145004 275.72686003 2299.69002920 2 0
   3,56    -0.5773503000     0.5773503000     0.5773503000
           0.7789567803     0.6014211911     0.1775355892
   7,84     0.5773503000    -0.5773503000    -0.5773503000
           0.7912785413     0.5700201830     0.2212583583
 7,49 124.51169810 354.92230463 1507.14408164 2 0
   7,32    -0.5773503000     0.5773503000    -0.5773503000
          -0.2095420960    -0.7881955738    -0.5786534779
   7,42     0.5773503000    -0.5773503000     0.5773503000
          -0.1909825289    -0.7829825409    -0.5920000120
 7,50 -143.09791004 475.81867134 1537.54496957 2 0
   7,46    -0.5773503000     0.5773503000    -0.5773503000
          -0.5687100876    -0.7917273205    -0.2230172329
   7,39     0.5773503000    -0.5773503000     0.5773503000
          -0.5676668188    -0.7920811709    -0.2244143521
 7,51 169.46736484 475.26271604 6030.92796681 2 0
   7,52     0.5773503000    -0.5773503000    -0.5773503000
           0.7766023086     0.1699742419     0.6066280667
   7,41    -0.5773503000     0.5773503000     0.5773503000
           0.7820304068     0.1877387115     0.5942916953
 7,52 178.22139639 422.24178724 6037.05680286 2 0
   7,51    -0.5773503000     0.5773503000     0.5773503000
           0.7766023086     0.1699742419     0.6066280667
   7,34     0.5773503000    -0.5773503000    -0.5773503000
           0.7826358346     0.1897965466     0.5928392880
 7,53 45.91577321 238.26632728 -85.89408458 2 0
   7,90    -0.5773503000    -0.5773503000     0.5773503000
          -0.5733547502     0.7901138138     0.2167590636
   7,54     0.5773503000     0.5773503000    -0.5773503000
          -0.6511783421     0.7521745378     0.1009961957
 7,54 86.19426180 273.00875713 -88.55307909 2 0
   7,53    -0.5773503000    -0.5773503000     0.5773503000
          -0.6511783421     0.7521745378     0.1009961957
   7,57     0.5773503000     0.5773503000    -0.5773503000
          -0.6654587894     0.7424530207     0.0769942313
 7,55 159.62083138 339.15325053 -91.96565099 1 1
   7,57     0.5773503000    -0.5773503000    -0.5773503000
           0.7894342988     0.5752583245     0.2141759743
 7,56 159.62076408 339.15335639 -91.96560245 1 1
   7,57    -0.5773503000     0.5773503000     0.5773503000
           0.1844189398     0.7810434419    -0.5966245021
 7,57 156.86777117 336.37928129 -89.15482190 4 0
   7,54    -0.5773503000    -0.5773503000     0.5773503000
          -0.6654587894     0.7424530207     0.0769942313
   7,55    -0.5773503000     0.5773503000     0.5773503000
           0.7894342988     0.5752583245     0.2141759743
   7,56     0.5773503000    -0.5773503000    -0.5773503000
           0.1844189398     0.7810434419    -0.5966245021
   7,27     0.5773503000     0.5773503000    -0.5773503000
          -0.7659952612     0.6278209238    -0.1381743374
 7,58 17.02541773 224.35902094 -4390.21973639 2 0
   7,31     0.5773503000     0.5773503000    -0.5773503000
           0.8158585732    -0.3799812734     0.4358772997
   7,59    -0.5773503000    -0.5773503000     0.5773503000
          -0.7954766901     0.5571517278    -0.2383249623
 7,59 -36.02585334 149.53953066 -4391.94468557 2 0
   7,58     0.5773503000     0.5773503000    -0.5773503000
          -0.7954766901     0.5571517278    -0.2383249623
   7,60    -0.5773503000    -0.5773503000     0.5773503000
          -0.7925081373     0.5663955959    -0.2261125414
 7,60 -73.75391929 96.18061335 -4392.99338577 2 0
   7,61    -0.5773503000    -0.5773503000     0.5773503000
          -0.8051349014     0.5201188989    -0.2850160025
   7,59     0.5773503000     0.5773503000    -0.5773503000
          -0.7925081373     0.5663955959    -0.2261125414
 7,61 -114.40373135 39.38544774 -4392.96636730 2 0
   7,60     0.5773503000     0.5773503000    -0.5773503000
          -0.8051349014     0.5201188989    -0.2850160025
   7,62    -0.5773503000    -0.5773503000     0.5773503000
          -0.7891064487     0.5761661630    -0.2129402857
 7,62 -146.51163346 -3.86600765 -4391.33423715 2 0
   7,61     0.5773503000     0.5773503000    -0.5773503000
          -0.7891064487     0.5761661630    -0.2129402857
   7,66    -0.5773503000    -0.5773503000     0.5773503000
          -0.7910341994     0.5707274635    -0.2203067359
 7,63 -108.62382828 -196.37051335 -4395.82894076 2 0
   4,13     0.5773503000    -0.5773503000     0.5773503000
          -0.7868402435    -0.5822635050     0.2045767385
   7,65    -0.5773503000     0.5773503000    -0.5773503000
          -0.7939305099    -0.5620584381     0.2318720717
 7,64 -190.51422403 -83.87040336 -4401.46301148 2 0
   0,62    -0.5773503000     0.5773503000    -0.5773503000
          -0.7739891019    -0.6121737075     0.1618153944
   7,65     0.5773503000    -0.5773503000     0.5773503000
          -0.7739399773    -0.6122757446     0.1616642326
 7,65 -160.74825200 -123.23570794 -4396.57851421 2 0
   7,63     0.5773503000    -0.5773503000     0.5773503000
          -0.7939305099    -0.5620584381     0.2318720717
   7,64    -0.5773503000     0.5773503000    -0.5773503000
          -0.7739399773    -0.6122757446     0.1616642326
 7,66 -184.53700600 -50.27402241 -4385.98984588 2 0
   7,62     0.5773503000     0.5773503000    -0.5773503000
          -0.7910341994     0.5707274635    -0.2203067359
   0,65    -0.5773503000    -0.5773503000     0.5773503000
          -0.7827376468     0.5925934049    -0.1901442419
 7,67 170.36045915 -97.95932466 2818.65020577 2 0
   7,73    -0.5773503000     0.5773503000    -0.5773503000
          -0.5817059837    -0.7870521569    -0.2053461731
   7,4     0.5773503000    -0.5773503000     0.5773503000
          -0.5876231855    -0.7847537929    -0.1971306074
 7,68 146.22517296 -83.14986223 2274.84007030 2 0
   7,17     0.5773503000    -0.5773503000    -0.5773503000
           0.6059493158     0.7769146014    -0.1709652855
   7,70    -0.5773503000     0.5773503000     0.5773503000
           0.6074715367     0.7762119572    -0.1687404205
 7,69 381.50252552 619.32163309 -114.73777988 2 0
   7,78    -0.5773503000    -0.5773503000     0.5773503000
          -0.7886399275     0.5774464188    -0.2111935087
   7,76     0.5773503000     0.5773503000    -0.5773503000
          -0.7897932985     0.5742563695    -0.2155369290
 7,70 73.09745743 -27.21412329 2279.63060556 2 0
   7,68     0.5773503000    -0.5773503000    -0.5773503000
           0.6074715367     0.7762119572    -0.1687404205
   7,86    -0.5773503000     0.5773503000     0.5773503000
           0.6120403867     0.7740532304    -0.1620128438
 7,71 223.49621834 415.58090826 -100.96898043 2 0
   7,72     0.5773503000     0.5773503000    -0.5773503000
          -0.7868298093     0.5822908915    -0.2045389177
   7,27    -0.5773503000    -0.5773503000     0.5773503000
          -0.7665417109     0.6268080274    -0.1397336834
 7,72 271.09532646 473.18893308 -106.20180960 2 0
   7,78     0.5773503000     0.5773503000    -0.5773503000
           0.7424678618    -0.0770297404     0.6654381213
   7,71    -0.5773503000    -0.5773503000     0.5773503000
          -0.7868298093     0.5822908915    -0.2045389177
 7,73 121.21630364 -60.20653720 2818.90117850 2 0
   7,74    -0.5773503000     0.5773503000    -0.5773503000
           0.0108923418    -0.7015976875    -0.7124900293
   7,67     0.5773503000    -0.5773503000     0.5773503000
          -0.5817059837    -0.7870521569    -0.2053461731
 7,74 75.46936246 -19.47461482 2820.08555442 2 0
   7,73     0.5773503000    -0.5773503000     0.5773503000
           0.0108923418    -0.7015976875    -0.7124900293
   7,79    -0.5773503000     0.5773503000    -0.5773503000
          -0.7667011719    -0.1401901765     0.6265109954
 7,75 -7.45213568 37.48064336 2284.32236318 2 0
   7,86     0.5773503000    -0.5773503000    -0.5773503000
           0.6583620276     0.7474148963    -0.0890528687
   7,80    -0.5773503000     0.5773503000     0.5773503000
           0.6358528280     0.7615122409    -0.1256594130
 7,76 420.58410727 672.82336423 -116.17053591 2 0
   7,77     0.5773503000     0.5773503000    -0.5773503000
           0.0000000000     0.0000000000     0.0000000000
   7,69    -0.5773503000    -0.5773503000     0.5773503000
          -0.7897932985     0.5742563695    -0.2155369290
 7,77 462.72632612 731.15118321 -116.53307953 1 1
   7,76    -0.5773503000    -0.5773503000     0.5773503000
           0.0000000000     0.0000000000     0.0000000000
 7,78 323.17170411 540.52962165 -110.92367473 2 0
   7,72    -0.5773503000    -0.5773503000     0.5773503000
           0.7424678618    -0.0770297404     0.6654381213
   7,69     0.5773503000     0.5773503000    -0.5773503000
          -0.7886399275     0.5774464188    -0.2111935087
 7,79 33.43813139 30.57474479 2821.23265513 2 0
   7,74     0.5773503000    -0.5773503000     0.5773503000
          -0.7667011719    -0.1401901765     0.6265109954
   7,81    -0.5773503000     0.5773503000    -0.5773503000
          -0.7939618193    -0.5619611269     0.2320006925
 7,80 -53.66777039 80.88306324 2286.72512952 2 0
   7,82    -0.5773503000     0.5773503000     0.5773503000
           0.7093399869     0.7048522135     0.0044877734
   7,75     0.5773503000    -0.5773503000    -0.5773503000
           0.6358528280     0.7615122409    -0.1256594130
 7,81 -11.35732091 91.41894750 2821.49225854 2 0
   7,85    -0.5773503000     0.5773503000    -0.5773503000
          -0.7923635656    -0.5668275707     0.2255359949
   7,79     0.5773503000    -0.5773503000     0.5773503000
          -0.7939618193    -0.5619611269     0.2320006925
 7,82 -112.95433677 141.59344401 2290.16555962 2 0
   7,84    -0.5773503000     0.5773503000     0.5773503000
           0.7604721973     0.6376492449     0.1228229524
   7,80     0.5773503000    -0.5773503000    -0.5773503000
           0.7093399869     0.7048522135     0.0044877734
 7,83 -99.75302085 213.22207469 2819.89309747 2 0
   7,44    -0.5773503000     0.5773503000    -0.5773503000
          -0.7923642207    -0.5668256169     0.2255386037
   7,85     0.5773503000    -0.5773503000     0.5773503000
          -0.7928662081    -0.5653188109     0.2275473972
 7,84 -169.68052333 210.93792268 2294.89469792 2 0
   7,48    -0.5773503000     0.5773503000     0.5773503000
           0.7912785413     0.5700201830     0.2212583583
   7,82     0.5773503000    -0.5773503000    -0.5773503000
           0.7604721973     0.6376492449     0.1228229524
 7,85 -56.07527238 152.93940754 2821.10675895 2 0
   7,81     0.5773503000    -0.5773503000     0.5773503000
          -0.7923635656    -0.5668275707     0.2255359949
   7,83    -0.5773503000     0.5773503000    -0.5773503000
          -0.7928662081    -0.5653188109     0.2275473972
 7,86 45.15183676 -4.87592907 2281.29580898 2 0
   7,75    -0.5773503000     0.5773503000     0.5773503000
           0.6583620276     0.7474148963    -0.0890528687
   7,70     0.5773503000    -0.5773503000    -0.5773503000
           0.6120403867     0.7740532304    -0.1620128438
 7,87 -203.31658355 49.96983325 -60.15005472 2 0
   7,89     0.5773503000     0.5773503000    -0.5773503000
          -0.5675874495     0.7921079635     0.2245205140
   1,46    -0.5773503000    -0.5773503000     0.5773503000
          -0.5681279395     0.7919251548     0.2237972153
 7,88 -100.52896235 127.13730096 -71.81630347 2 0
   7,89    -0.5773503000    -0.5773503000     0.5773503000
          -0.5865488659     0.7851792215     0.1986303556
   7,91     0.5773503000     0.5773503000    -0.5773503000
          -0.5669868142     0.7923101368     0.2253233226
 7,89 -150.71268933 89.49062704 -66.20316572 2 0
   7,88     0.5773503000     0.5773503000    -0.5773503000
          -0.5865488659     0.7851792215     0.1986303556
   7,87    -0.5773503000    -0.5773503000     0.5773503000
          -0.5675874495     0.7921079635     0.2245205140
 7,90 2.94784961 204.83697612 -82.19895955 2 0
   7,91    -0.5773503000    -0.5773503000     0.5773503000
          -0.5692302266     0.7915497361     0.2223195095
   7,53     0.5773503000     0.5773503000    -0.5773503000
          -0.5733547502     0.7901138138     0.2167590636
 7,91 -53.91137767 162.05126506 -76.67022557 2 0
   7,88    -0.5773503000    -0.5773503000     0.5773503000
          -0.5669868142     0.7923101368     0.2253233226
   7,90     0.5773503000     0.5773503000    -0.5773503000
          -0.5692302266     0.7915497361     0.2223195095
 7,92 -231.62228227 165.98707934 -1032.81679697 2 0
   2,61    -0.5773503000     0.5773503000     0.5773503000
           0.7878345664     0.5796254468     0.2082091196
   7,93     0.5773503000    -0.5773503000    -0.5773503000
           0.7874897972     0.5805465702     0.2069432270
 7,93 -178.09310361 94.41694905 -1037.59974331 2 0
   7,97     0.5773503000    -0.5773503000    -0.5773503000
           0.7883333792     0.5782804111     0.2100529681
   7,92    -0.5773503000     0.5773503000     0.5773503000
           0.7874897972     0.5805465702     0.2069432270
 7,94 -75.23726203 -44.57656242 -1047.98753122 2 0
   7,97    -0.5773503000     0.5773503000     0.5773503000
           0.7888699262     0.5768169241     0.2120530021
   7,96     0.5773503000    -0.5773503000    -0.5773503000
           0.7910122885     0.5707906833     0.2202216052
 7,95 2.35774035 -148.69010853 -1057.09564526 2 0
   7,98     0.5773503000    -0.5773503000    -0.5773503000
          -0.3023703432    -0.8080178228     0.5056474796
   7,96    -0.5773503000     0.5773503000     0.5773503000
           0.7899885853     0.5737078240     0.2162807614
 7,96 -40.70428171 -90.90723816 -1051.84767009 2 0
   7,95     0.5773503000    -0.5773503000    -0.5773503000
           0.7899885853     0.5737078240     0.2162807614
   7,94    -0.5773503000     0.5773503000     0.5773503000
           0.7910122885     0.5707906833     0.2202216052
 7,97 -121.57990834 18.15539591 -1043.08270057 2 0
   7,94     0.5773503000    -0.5773503000    -0.5773503000
           0.7888699262     0.5768169241     0.2120530021
   7,93    -0.5773503000     0.5773503000     0.5773503000
           0.7883333792     0.5782804111     0.2100529681
 7,98 46.48383474 -207.56411176 -1062.91414026 2 0
   4,26     0.5773503000    -0.5773503000    -0.5773503000
          -0.3023703432    -0.8080178228     0.5056474796
   7,95    -0.5773503000     0.5773503000     0.5773503000
          -0.3023703432    -0.8080178228     0.5056474796
 7,99 -230.97150815 -49.01533464 -3393.57019593 2 0
   1,98    -0.5773503000     0.5773503000     0.5773503000
           0.5269443265     0.8036084957    -0.2766641692
   7,100     0.5773503000    -0.5773503000    -0.5773503000
           0.5151768663     0.8061726084    -0.2909957421
 7,100 -157.53741627 -99.86748596 -3372.40889121 2 0
   7,101     0.5773503000    -0.5773503000    -0.5773503000
          -0.1933341564     0.5903310499    -0.7836652063
   7,99    -0.5773503000     0.5773503000     0.5773503000
           0.5151768663     0.8061726084    -0.2909957421
 7,101 -119.72173231 -135.02035420 -3358.71622532 2 0
   7,102     0.5773503000    -0.5773503000    -0.5773503000
           0.8003385409     0.5401466435     0.2601918974
   7,100    -0.5773503000     0.5773503000     0.5773503000
          -0.1933341564     0.5903310499    -0.7836652063
 7,102 -87.97478676 -175.02059083 -3345.48010361 2 0
   7,101    -0.5773503000     0.5773503000     0.5773503000
           0.8003385409     0.5401466435     0.2601918974
   4,52     0.5773503000    -0.5773503000    -0.5773503000
           0.7876822974     0.5800331162     0.2076491812
 7,113 259.61453919 268.55871337 6069.67910864 2 0
   7,7     0.5773503000    -0.5773503000    -0.5773503000
           0.1208332287     0.7597373549    -0.6389041262
   7,45    -0.5773503000     0.5773503000     0.5773503000
           0.7479805669     0.0904522724     0.6575282945
