#
#	ParaDiS nodal data file
#

#
#	File version number
#

3

#
#	Number of data file segments
#

1

#
#	Minimum coordinate values (x, y, z)
#

-8750.0000     -8750.0000     -8750.0000    

#
#	Maximum coordinate values (x, y, z)
#

8750.0000      8750.0000      8750.0000     

#
#	Node count
#

362         

#
#	Domain geometry (x, y, z)
#

2   2   2  

#
#	Domain decomposition type
#

1

#
#	Domain boundaries (x, y, z)
#

  -8750.0000
      -8750.0000
          -8750.0000
          -2847.3667
           8750.0000
        224.3590
          -8750.0000
              2.1880
           8750.0000
       8750.0000
   -237.7189
      -8750.0000
          -8750.0000
            220.9406
           8750.0000
       -224.3590
          -8750.0000
          -4481.5108
           8750.0000
       8750.0000
   8750.0000

#
#	Primary lines: node_tag, x, y, z, num_arms, constraint
#	Secondary lines: arm_tag, burgx, burgy, burgz, nx, ny, nz
#

 0,1 -617.37901750 -439.91575254 -4298.56699581 2 0
   0,9    -0.5773503000    -0.5773503000     0.5773503000
          -0.5796906604     0.7878102423     0.2081195819
   0,3     0.5773503000     0.5773503000    -0.5773503000
          -0.5656677911     0.7927505187     0.2270827276
 0,3 -572.35313889 -406.50933392 -4301.53108688 2 0
   0,4     0.5773503000     0.5773503000    -0.5773503000
          -0.5796906604     0.7878102423     0.2081195819
   0,1    -0.5773503000    -0.5773503000     0.5773503000
          -0.5656677911     0.7927505187     0.2270827276
 0,4 -521.58222145 -368.28391261 -4306.40021245 2 0
   0,3    -0.5773503000    -0.5773503000     0.5773503000
          -0.5796906604     0.7878102423     0.2081195819
   0,8     0.5773503000     0.5773503000    -0.5773503000
          -0.5617497823     0.7940297280     0.2322799457
 0,5 -702.81665102 -502.03838958 -4296.82349964 1 1
   0,9     0.5773503000     0.5773503000    -0.5773503000
          -0.5796906604     0.7878102423     0.2081195819
 0,6 -301.43905078 -595.31442522 -5338.61600552 2 0
   0,20    -0.5773503000    -0.5773503000     0.5773503000
           0.0000000000     0.0000000000     0.0000000000
   0,33     0.5773503000     0.5773503000    -0.5773503000
           0.6080731325     0.1678588662     0.7759319987
 0,8 -463.16166355 -323.43524615 -4313.92473016 2 0
   0,4    -0.5773503000    -0.5773503000     0.5773503000
          -0.5617497823     0.7940297280     0.2322799457
   0,17     0.5773503000     0.5773503000    -0.5773503000
          -0.5624570021     0.7938019988     0.2313449967
 0,9 -657.85347001 -469.55242070 -4297.10123647 2 0
   0,1     0.5773503000     0.5773503000    -0.5773503000
          -0.5796906604     0.7878102423     0.2081195819
   0,5    -0.5773503000    -0.5773503000     0.5773503000
          -0.5796906604     0.7878102423     0.2081195819
 0,14 -421.91231838 -760.56825560 -5333.91803479 1 1
   0,16     0.5773503000     0.5773503000    -0.5773503000
          -0.7909968679     0.5708351563    -0.2201617116
 0,16 -380.70526040 -703.53548426 -5334.27704567 2 0
   0,20     0.5773503000     0.5773503000    -0.5773503000
           0.7285925213    -0.0451337574     0.6834587639
   0,14    -0.5773503000    -0.5773503000     0.5773503000
          -0.7909968679     0.5708351563    -0.2201617116
 0,17 -398.96054972 -272.37027954 -4324.59782237 2 0
   0,8    -0.5773503000    -0.5773503000     0.5773503000
          -0.5624570021     0.7938019988     0.2313449967
   0,26     0.5773503000     0.5773503000    -0.5773503000
          -0.5665858263     0.7924445370     0.2258587107
 0,20 -342.17821004 -650.70143141 -5335.83669054 2 0
   0,6     0.5773503000     0.5773503000    -0.5773503000
           0.0000000000     0.0000000000     0.0000000000
   0,16    -0.5773503000    -0.5773503000     0.5773503000
           0.7285925213    -0.0451337574     0.6834587639
 0,26 -343.06229494 -224.02035975 -4335.85478916 2 0
   0,39     0.5773503000     0.5773503000    -0.5773503000
          -0.8100957332     0.3166811462    -0.4934145870
   0,17    -0.5773503000    -0.5773503000     0.5773503000
          -0.5665858263     0.7924445370     0.2258587107
 0,27 -857.14601738 -75.63068406 -7275.64357545 1 1
   0,29     0.5773503000     0.5773503000     0.5773503000
           0.5702569561    -0.7911969052     0.2209399491
 0,28 -691.84732625 -36.50648106 -7275.86471125 2 0
   0,30    -0.5773503000    -0.5773503000    -0.5773503000
           0.1836237615    -0.7808051577     0.5971813962
   0,32     0.5773503000     0.5773503000     0.5773503000
           0.1962381182    -0.7844993842     0.5882612660
 0,29 -798.13352239 -61.65815661 -7275.59294927 2 0
   0,27    -0.5773503000    -0.5773503000    -0.5773503000
           0.5702569561    -0.7911969052     0.2209399491
   0,30     0.5773503000     0.5773503000     0.5773503000
           0.1843600504    -0.7810258199     0.5966657695
 0,30 -750.49606704 -50.36071391 -7275.66299561 2 0
   0,29    -0.5773503000    -0.5773503000    -0.5773503000
           0.1843600504    -0.7810258199     0.5966657695
   0,28     0.5773503000     0.5773503000     0.5773503000
           0.1836237615    -0.7808051577     0.5971813962
 0,31 -582.99559364 -11.41376584 -7277.09553075 2 0
   0,32    -0.5773503000    -0.5773503000    -0.5773503000
           0.1825648311    -0.7804867117     0.5979218806
   0,34     0.5773503000     0.5773503000     0.5773503000
           0.1886240179    -0.7822914671     0.5936674493
 0,32 -634.21658169 -23.10838736 -7276.33003921 2 0
   0,31     0.5773503000     0.5773503000     0.5773503000
           0.1825648311    -0.7804867117     0.5979218806
   0,28    -0.5773503000    -0.5773503000    -0.5773503000
           0.1962381182    -0.7844993842     0.5882612660
 0,33 -260.46170786 -539.85858670 -5342.41702053 2 0
   4,28     0.5773503000     0.5773503000    -0.5773503000
           0.7176211555    -0.0215200385     0.6961011170
   0,6    -0.5773503000    -0.5773503000     0.5773503000
           0.6080731325     0.1678588662     0.7759319987
 0,34 -508.20895335 5.38001494 -7278.93672362 2 0
   0,35     0.5773503000     0.5773503000     0.5773503000
           0.1879386887    -0.7820894552     0.5941507665
   0,31    -0.5773503000    -0.5773503000    -0.5773503000
           0.1886240179    -0.7822914671     0.5936674493
 0,35 -453.29392596 18.03416081 -7281.23256826 2 0
   0,37     0.5773503000     0.5773503000     0.5773503000
           0.1849046073    -0.7811886209     0.5962840135
   0,34    -0.5773503000    -0.5773503000    -0.5773503000
           0.1879386887    -0.7820894552     0.5941507665
 0,36 -439.37580476 213.47656464 -4464.57456063 2 0
   0,38     0.5773503000    -0.5773503000     0.5773503000
          -0.7634367964    -0.1309731222     0.6324636742
   2,35    -0.5773503000     0.5773503000    -0.5773503000
          -0.5581680904    -0.7951618370    -0.2369937466
 0,37 -391.21883091 34.53005616 -7285.95666352 2 0
   0,35    -0.5773503000    -0.5773503000    -0.5773503000
           0.1849046073    -0.7811886209     0.5962840135
   0,41     0.5773503000     0.5773503000     0.5773503000
          -0.2785771078    -0.5253888838     0.8039659917
 0,38 -383.21747171 151.47602297 -4454.67661899 2 0
   0,36    -0.5773503000     0.5773503000    -0.5773503000
          -0.7634367964    -0.1309731222     0.6324636742
   0,40     0.5773503000    -0.5773503000     0.5773503000
          -0.7859845420    -0.5844895943     0.2014949477
 0,39 -295.39555266 -176.32105283 -4347.48360579 2 0
   0,26    -0.5773503000    -0.5773503000     0.5773503000
          -0.8100957332     0.3166811462    -0.4934145870
   0,45     0.5773503000     0.5773503000    -0.5773503000
          -0.7763201044     0.6072383980    -0.1690817064
 0,40 -325.52789857 79.98147631 -4441.02428159 2 0
   0,42     0.5773503000    -0.5773503000     0.5773503000
          -0.7884795585    -0.5778834270     0.2105961316
   0,38    -0.5773503000     0.5773503000    -0.5773503000
          -0.7859845420    -0.5844895943     0.2014949477
 0,41 -338.44129397 54.21194460 -7293.58491682 2 0
   0,37    -0.5773503000    -0.5773503000    -0.5773503000
          -0.2785771078    -0.5253888838     0.8039659917
   0,43     0.5773503000     0.5773503000     0.5773503000
           0.5650576422    -0.7929525625     0.2278949203
 0,42 -287.67918391 32.86639721 -4430.54541757 2 0
   0,40    -0.5773503000     0.5773503000    -0.5773503000
          -0.7884795585    -0.5778834270     0.2105961316
   0,44     0.5773503000    -0.5773503000     0.5773503000
          -0.7728881118    -0.6144418081     0.1584463037
 0,43 -287.70179841 81.09278606 -7304.51861810 2 0
   6,46     0.5773503000     0.5773503000     0.5773503000
           0.5456929950    -0.7988354388     0.2531424438
   0,41    -0.5773503000    -0.5773503000    -0.5773503000
           0.5650576422    -0.7929525625     0.2278949203
 0,44 -251.31764713 -10.66812671 -4419.54191512 2 0
   0,42    -0.5773503000     0.5773503000    -0.5773503000
          -0.7728881118    -0.6144418081     0.1584463037
   7,95     0.5773503000    -0.5773503000     0.5773503000
          -0.7739891019    -0.6121737075     0.1618153944
 0,45 -247.49644523 -120.95653097 -4362.90780631 2 0
   7,97     0.5773503000     0.5773503000    -0.5773503000
          -0.7827376468     0.5925934049    -0.1901442419
   0,39    -0.5773503000    -0.5773503000     0.5773503000
          -0.7763201044     0.6072383980    -0.1690817064
 0,46 -534.02393771 125.22283962 -3463.67253507 2 0
   0,92     0.5773503000    -0.5773503000    -0.5773503000
           0.2158131992     0.7898659072    -0.5740527081
   0,50    -0.5773503000     0.5773503000     0.5773503000
           0.2002926080     0.7856476923    -0.5853550843
 0,47 -761.11613399 182.34831670 -3467.15356639 2 0
   0,48    -0.5773503000     0.5773503000     0.5773503000
           0.1844502194     0.7810528004    -0.5966025810
   0,49     0.5773503000    -0.5773503000    -0.5773503000
           0.1880264814     0.7821153637    -0.5940888823
 0,48 -828.21669338 198.17726706 -3467.17139995 1 1
   0,47     0.5773503000    -0.5773503000    -0.5773503000
           0.1844502194     0.7810528004    -0.5966025810
 0,49 -703.68398474 168.67134335 -3467.16845481 2 0
   0,51     0.5773503000    -0.5773503000    -0.5773503000
           0.5702641925     0.7911944077    -0.2209302151
   0,47    -0.5773503000     0.5773503000     0.5773503000
           0.1880264814     0.7821153637    -0.5940888823
 0,50 -594.75786167 142.05072188 -3466.25225083 2 0
   0,51    -0.5773503000     0.5773503000     0.5773503000
           0.1921215135     0.7833139801    -0.5911924667
   0,46     0.5773503000    -0.5773503000    -0.5773503000
           0.2002926080     0.7856476923    -0.5853550843
 0,51 -642.67715881 154.03462277 -3467.01000445 2 0
   0,49    -0.5773503000     0.5773503000     0.5773503000
           0.5702641925     0.7911944077    -0.2209302151
   0,50     0.5773503000    -0.5773503000    -0.5773503000
           0.1921215135     0.7833139801    -0.5911924667
 0,69 -343.98853993 -506.87564630 -3218.38548738 2 0
   0,71    -0.5773503000     0.5773503000     0.5773503000
           0.4073219417    -0.4091739391     0.8164958808
   0,70     0.5773503000    -0.5773503000    -0.5773503000
           0.7707774525     0.1520936578     0.6186837948
 0,70 -344.55317373 -561.42873401 -3186.73423001 2 0
   0,89     0.5773503000    -0.5773503000    -0.5773503000
           0.6219656554    -0.1471318333     0.7690974887
   0,69    -0.5773503000     0.5773503000     0.5773503000
           0.7707774525     0.1520936578     0.6186837948
 0,71 -404.46696283 -503.01469671 -3262.78252678 2 0
   0,72    -0.5773503000     0.5773503000     0.5773503000
          -0.1468705723     0.6221376980    -0.7690082703
   0,69     0.5773503000    -0.5773503000    -0.5773503000
           0.4073219417    -0.4091739391     0.8164958808
 0,72 -457.46446374 -526.77067259 -3282.20814884 2 0
   0,71     0.5773503000    -0.5773503000    -0.5773503000
          -0.1468705723     0.6221376980    -0.7690082703
   0,74    -0.5773503000     0.5773503000     0.5773503000
          -0.1470662640     0.6220088405    -0.7690751045
 0,73 -584.93019387 -643.07161881 -3305.73120137 1 1
   0,75     0.5773503000    -0.5773503000    -0.5773503000
          -0.1468597199     0.6221448427    -0.7690045626
 0,74 -507.96423785 -559.31856630 -3297.25339416 2 0
   0,72     0.5773503000    -0.5773503000    -0.5773503000
          -0.1470662640     0.6220088405    -0.7690751045
   0,75    -0.5773503000     0.5773503000     0.5773503000
          -0.3404333162     0.4724954609    -0.8129287771
 0,75 -552.76023714 -599.80073891 -3306.29049490 2 0
   0,73    -0.5773503000     0.5773503000     0.5773503000
          -0.1468597199     0.6221448427    -0.7690045626
   0,74     0.5773503000    -0.5773503000    -0.5773503000
          -0.3404333162     0.4724954609    -0.8129287771
 0,89 -367.98458229 -627.10260228 -3171.30309863 2 0
   0,70    -0.5773503000     0.5773503000     0.5773503000
           0.6219656554    -0.1471318333     0.7690974887
   0,91     0.5773503000    -0.5773503000    -0.5773503000
           0.6252969669    -0.1420522724     0.7673492393
 0,90 -439.67995239 -747.76206957 -3160.78437304 1 1
   0,91    -0.5773503000     0.5773503000     0.5773503000
           0.6220837526    -0.1469525052     0.7690362579
 0,91 -399.55944693 -691.97480990 -3160.74453774 2 0
   0,89    -0.5773503000     0.5773503000     0.5773503000
           0.6252969669    -0.1420522724     0.7673492393
   0,90     0.5773503000    -0.5773503000    -0.5773503000
           0.6220837526    -0.1469525052     0.7690362579
 0,92 -467.40089929 98.27499630 -3455.38426057 2 0
   0,46    -0.5773503000     0.5773503000     0.5773503000
           0.2158131992     0.7898659072    -0.5740527081
   0,93     0.5773503000    -0.5773503000    -0.5773503000
          -0.7638030976    -0.6318087737    -0.1319943239
 0,93 -405.91028563 62.45703318 -3442.75849685 2 0
   0,95     0.5773503000    -0.5773503000    -0.5773503000
           0.5695655629     0.7914348338    -0.2218692709
   0,92    -0.5773503000     0.5773503000     0.5773503000
          -0.7638030976    -0.6318087737    -0.1319943239
 0,94 -280.13268715 -18.49469672 -3413.20677558 2 0
   0,95    -0.5773503000     0.5773503000     0.5773503000
           0.5496726071     0.7977081987    -0.2480355916
   7,99     0.5773503000    -0.5773503000    -0.5773503000
           0.5269443265     0.8036084957    -0.2766641692
 0,95 -357.37948719 31.72919111 -3431.73683537 2 0
   0,93    -0.5773503000     0.5773503000     0.5773503000
           0.5695655629     0.7914348338    -0.2218692709
   0,94     0.5773503000    -0.5773503000    -0.5773503000
           0.5496726071     0.7977081987    -0.2480355916
 1,1 -594.14386255 -247.78472351 -12.69125380 2 0
   1,6    -0.5773503000    -0.5773503000     0.5773503000
          -0.6012596401     0.7790283296     0.1777686895
   1,51     0.5773503000     0.5773503000    -0.5773503000
          -0.5950334494     0.7817185376     0.1866850882
 1,2 -613.88756423 -331.69850809 -1041.39834314 2 0
   1,7     0.5773503000    -0.5773503000     0.5773503000
           0.1467724171    -0.6222023143    -0.7689747315
   1,43    -0.5773503000     0.5773503000    -0.5773503000
           0.1407408164    -0.6261523961    -0.7668932125
 1,4 -704.11394460 -325.53602912 -16.68941033 2 0
   1,22    -0.5773503000    -0.5773503000     0.5773503000
          -0.5702604957     0.7911956836     0.2209351880
   1,6     0.5773503000     0.5773503000    -0.5773503000
          -0.5870063692     0.7849984968     0.1979921276
 1,6 -647.99257910 -286.45327478 -12.89728794 2 0
   1,1     0.5773503000     0.5773503000    -0.5773503000
          -0.6012596401     0.7790283296     0.1777686895
   1,4    -0.5773503000    -0.5773503000     0.5773503000
          -0.5870063692     0.7849984968     0.1979921276
 1,7 -521.50561754 -320.65247620 -1039.43335728 2 0
   1,18     0.5773503000    -0.5773503000     0.5773503000
          -0.1862002257    -0.7815745909    -0.5953743652
   1,2    -0.5773503000     0.5773503000    -0.5773503000
           0.1467724171    -0.6222023143    -0.7689747315
 1,8 -384.91552126 -333.45066254 -1055.57787189 2 0
   1,18    -0.5773503000     0.5773503000    -0.5773503000
           0.7258574576     0.0391259904    -0.6867314672
   1,10     0.5773503000    -0.5773503000     0.5773503000
          -0.2053415956    -0.7870508982    -0.5817093026
 1,10 -305.57839857 -346.67236794 -1065.10531224 2 0
   4,23     0.5773503000    -0.5773503000     0.5773503000
           0.0000000000     0.0000000000     0.0000000000
   1,8    -0.5773503000     0.5773503000    -0.5773503000
          -0.2053415956    -0.7870508982    -0.5817093026
 1,18 -443.14700980 -326.11946350 -1048.28672514 2 0
   1,8     0.5773503000    -0.5773503000     0.5773503000
           0.7258574576     0.0391259904    -0.6867314672
   1,7    -0.5773503000     0.5773503000    -0.5773503000
          -0.1862002257    -0.7815745909    -0.5953743652
 1,21 -788.03511727 -368.38915492 -1044.02292054 1 1
   1,43     0.5773503000    -0.5773503000     0.5773503000
          -0.1862002257    -0.7815745909    -0.5953743652
 1,22 -792.85785694 -347.95970180 -14.78457777 1 1
   1,4     0.5773503000     0.5773503000    -0.5773503000
          -0.5702604957     0.7911956836     0.2209351880
 1,43 -705.65217745 -348.99179463 -1043.98375100 2 0
   1,21    -0.5773503000     0.5773503000    -0.5773503000
          -0.1862002257    -0.7815745909    -0.5953743652
   1,2     0.5773503000    -0.5773503000     0.5773503000
           0.1407408164    -0.6261523961    -0.7668932125
 1,46 -459.44209814 213.32960785 6325.34483236 2 0
   1,47    -0.5773503000    -0.5773503000     0.5773503000
          -0.2708347903     0.8024903951     0.5316556048
   3,40     0.5773503000     0.5773503000    -0.5773503000
          -0.7598145180     0.1210416111    -0.6387729069
 1,47 -527.79672188 197.78790847 6301.88092562 2 0
   1,46     0.5773503000     0.5773503000    -0.5773503000
          -0.2708347903     0.8024903951     0.5316556048
   1,48    -0.5773503000    -0.5773503000     0.5773503000
          -0.1836642975     0.7808173223     0.5971530248
 1,48 -601.57127295 193.81001351 6283.55676080 2 0
   1,49    -0.5773503000    -0.5773503000     0.5773503000
          -0.1842968915     0.7810069158     0.5967100244
   1,47     0.5773503000     0.5773503000    -0.5773503000
          -0.1836642975     0.7808173223     0.5971530248
 1,49 -659.47524853 196.37877720 6273.06086845 2 0
   1,48     0.5773503000     0.5773503000    -0.5773503000
          -0.1842968915     0.7810069158     0.5967100244
   1,50    -0.5773503000    -0.5773503000     0.5773503000
           0.1415753916     0.6256082450     0.7671836366
 1,50 -729.49698470 209.44867845 6269.42354561 2 0
   3,83    -0.5773503000    -0.5773503000     0.5773503000
           0.1467895802     0.6221910165     0.7689805967
   1,49     0.5773503000     0.5773503000    -0.5773503000
           0.1415753916     0.6256082450     0.7671836366
 1,51 -545.20028442 -212.02935100 -14.61139950 2 0
   1,1    -0.5773503000    -0.5773503000     0.5773503000
          -0.5950334494     0.7817185376     0.1866850882
   1,52     0.5773503000     0.5773503000    -0.5773503000
          -0.5664014829     0.7925061706     0.2261046876
 1,52 -502.01279889 -180.20559476 -17.45549777 2 0
   1,53     0.5773503000     0.5773503000    -0.5773503000
          -0.5704364726     0.7911349024     0.2206984298
   1,51    -0.5773503000    -0.5773503000     0.5773503000
          -0.5664014829     0.7925061706     0.2261046876
 1,53 -448.88375648 -140.94796983 -22.19954607 2 0
   1,54     0.5773503000     0.5773503000    -0.5773503000
          -0.5735935891     0.7900291424     0.2164355533
   1,52    -0.5773503000    -0.5773503000     0.5773503000
          -0.5704364726     0.7911349024     0.2206984298
 1,54 -405.32397593 -108.19417822 -26.82428490 2 0
   1,53    -0.5773503000    -0.5773503000     0.5773503000
          -0.5735935891     0.7900291424     0.2164355533
   1,55     0.5773503000     0.5773503000    -0.5773503000
          -0.5770620188     0.7887805170     0.2117184982
 1,55 -347.37330897 -64.08616969 -33.78974091 2 0
   1,54    -0.5773503000    -0.5773503000     0.5773503000
          -0.5770620188     0.7887805170     0.2117184982
   1,56     0.5773503000     0.5773503000    -0.5773503000
          -0.6127801673     0.7736965676     0.1609164002
 1,56 -285.10038288 -14.81603694 -41.87851882 2 0
   1,55    -0.5773503000    -0.5773503000     0.5773503000
          -0.6127801673     0.7736965676     0.1609164002
   1,57     0.5773503000     0.5773503000    -0.5773503000
          -0.5681279395     0.7919251548     0.2237972153
 1,57 -243.68666273 17.31696997 -47.61023125 2 0
   7,75     0.5773503000     0.5773503000    -0.5773503000
          -0.5695757839     0.7914313265     0.2218555427
   1,56    -0.5773503000    -0.5773503000     0.5773503000
          -0.5681279395     0.7919251548     0.2237972153
 1,64 -265.68907836 -525.85572294 -2805.41736982 2 0
   4,21     0.5773503000    -0.5773503000     0.5773503000
          -0.1755881084    -0.7783565873    -0.6027684789
   1,65    -0.5773503000     0.5773503000    -0.5773503000
          -0.6789041420     0.0533797944     0.7322839364
 1,65 -323.64669705 -523.66307868 -2794.05679439 2 0
   1,64     0.5773503000    -0.5773503000     0.5773503000
          -0.6789041420     0.0533797944     0.7322839364
   1,66    -0.5773503000     0.5773503000    -0.5773503000
           0.1420513319    -0.6252975811    -0.7673489130
 1,66 -388.67281108 -538.19445682 -2787.30531694 2 0
   1,65     0.5773503000    -0.5773503000     0.5773503000
           0.1420513319    -0.6252975811    -0.7673489130
   1,67    -0.5773503000     0.5773503000    -0.5773503000
           0.1454102605    -0.6230979253    -0.7685081858
 1,67 -448.21747218 -561.80397982 -2778.80434907 2 0
   1,66     0.5773503000    -0.5773503000     0.5773503000
           0.1454102605    -0.6230979253    -0.7685081858
   1,69    -0.5773503000     0.5773503000    -0.5773503000
           0.1466031365    -0.6223137280    -0.7689168644
 1,68 -556.43708411 -663.60829037 -2766.65864807 1 1
   1,69     0.5773503000    -0.5773503000     0.5773503000
           0.3404531752    -0.4724776419    -0.8129308171
 1,69 -507.28260423 -597.18767513 -2765.92853217 2 0
   1,67     0.5773503000    -0.5773503000     0.5773503000
           0.1466031365    -0.6223137280    -0.7689168644
   1,68    -0.5773503000     0.5773503000    -0.5773503000
           0.3404531752    -0.4724776419    -0.8129308171
 1,86 -270.92875780 224.33673799 -1046.64098109 2 0
   2,13    -0.5773503000     0.5773503000     0.5773503000
          -0.4647762896    -0.8137548539     0.3489785643
   7,83     0.5773503000    -0.5773503000    -0.5773503000
           0.7878345664     0.5796254468     0.2082091196
 2,1 -669.87334698 547.74478239 -1040.18936962 1 1
   2,5     0.5773503000    -0.5773503000    -0.5773503000
           0.5619485144     0.7939658754    -0.2320173611
 2,2 -527.17398446 444.61189595 -1040.19239834 2 0
   2,6    -0.5773503000     0.5773503000     0.5773503000
           0.5493648461     0.7977968459    -0.2484319998
   2,7     0.5773503000    -0.5773503000    -0.5773503000
           0.5526339328     0.7968424723    -0.2442085395
 2,5 -619.08712329 511.26597981 -1039.72815311 2 0
   2,6     0.5773503000    -0.5773503000    -0.5773503000
           0.5592122847     0.7948354267    -0.2356231420
   2,1    -0.5773503000     0.5773503000     0.5773503000
           0.5619485144     0.7939658754    -0.2320173611
 2,6 -574.99748526 479.37377348 -1039.74455550 2 0
   2,5    -0.5773503000     0.5773503000     0.5773503000
           0.5592122847     0.7948354267    -0.2356231420
   2,2     0.5773503000    -0.5773503000    -0.5773503000
           0.5493648461     0.7977968459    -0.2484319998
 2,7 -478.52950284 409.02204274 -1040.96485753 2 0
   2,2    -0.5773503000     0.5773503000     0.5773503000
           0.5526339328     0.7968424723    -0.2442085395
   2,16     0.5773503000    -0.5773503000    -0.5773503000
           0.5611021049     0.7942370664    -0.2331349615
 2,9 -601.68375936 346.19793585 -4481.80513504 2 0
   2,11    -0.5773503000     0.5773503000    -0.5773503000
          -0.5922097981    -0.7828960928    -0.1906862946
   2,10     0.5773503000    -0.5773503000     0.5773503000
          -0.5930209557    -0.7825604851    -0.1895395295
 2,10 -561.11677032 315.23193300 -4478.66026488 2 0
   2,9    -0.5773503000     0.5773503000    -0.5773503000
          -0.5930209557    -0.7825604851    -0.1895395295
   2,35     0.5773503000    -0.5773503000     0.5773503000
          -0.5562597130    -0.7957507108    -0.2394909977
 2,11 -644.49269622 378.12396018 -4484.23926650 2 0
   2,9     0.5773503000    -0.5773503000     0.5773503000
          -0.5922097981    -0.7828960928    -0.1906862946
   2,101    -0.5773503000     0.5773503000    -0.5773503000
          -0.5817120078    -0.7870498722    -0.2053378644
 2,12 -353.98976623 313.53726962 -1043.60348949 2 0
   2,13     0.5773503000    -0.5773503000    -0.5773503000
          -0.4647762896    -0.8137548539     0.3489785643
   2,15    -0.5773503000     0.5773503000     0.5773503000
           0.5765981207     0.7889495926    -0.2123514719
 2,13 -313.87530586 275.07369879 -1044.47716984 2 0
   1,86     0.5773503000    -0.5773503000    -0.5773503000
          -0.4647762896    -0.8137548539     0.3489785643
   2,12    -0.5773503000     0.5773503000     0.5773503000
          -0.4647762896    -0.8137548539     0.3489785643
 2,15 -394.51408068 346.50018881 -1042.78703303 2 0
   2,16    -0.5773503000     0.5773503000     0.5773503000
          -0.2969216113    -0.8071550956     0.5102334843
   2,12     0.5773503000    -0.5773503000    -0.5773503000
           0.5765981207     0.7889495926    -0.2123514719
 2,16 -441.11848706 381.36609159 -1041.70768316 2 0
   2,7    -0.5773503000     0.5773503000     0.5773503000
           0.5611021049     0.7942370664    -0.2331349615
   2,15     0.5773503000    -0.5773503000    -0.5773503000
          -0.2969216113    -0.8071550956     0.5102334843
 2,35 -499.17394301 266.19625971 -4472.35471611 2 0
   0,36     0.5773503000    -0.5773503000     0.5773503000
          -0.5581680904    -0.7951618370    -0.2369937466
   2,10    -0.5773503000     0.5773503000    -0.5773503000
          -0.5562597130    -0.7957507108    -0.2394909977
 2,101 -691.49589610 412.70092559 -4485.69258634 2 0
   2,11     0.5773503000    -0.5773503000     0.5773503000
          -0.5817120078    -0.7870498722    -0.2053378644
   2,2159    -0.5773503000     0.5773503000    -0.5773503000
          -0.5806706611    -0.7874431534    -0.2067724923
 2,2159 -741.30738082 448.63535466 -4485.80421836 1 1
   2,101     0.5773503000    -0.5773503000     0.5773503000
          -0.5806706611    -0.7874431534    -0.2067724923
 3,17 -372.90385649 588.27503974 2808.88416854 2 0
   3,25    -0.5773503000     0.5773503000    -0.5773503000
          -0.7924487377    -0.5665732713     0.2258754665
   3,32     0.5773503000    -0.5773503000     0.5773503000
          -0.7924475675    -0.5665767691     0.2258707984
 3,19 -491.63370884 589.91179179 6422.72343260 2 0
   3,21    -0.5773503000    -0.5773503000     0.5773503000
          -0.6215678170    -0.1477355422    -0.7693033592
   3,22     0.5773503000     0.5773503000    -0.5773503000
          -0.6221467025    -0.1468568950    -0.7690035975
 3,20 -416.87522475 316.53614612 6372.98856636 2 0
   3,40    -0.5773503000    -0.5773503000     0.5773503000
          -0.7602635816     0.1222568893    -0.6380066923
   3,38     0.5773503000     0.5773503000    -0.5773503000
          -0.7827111630     0.1900537521    -0.5926574109
 3,21 -461.04996899 521.75242668 6412.54827975 2 0
   3,19     0.5773503000     0.5773503000    -0.5773503000
          -0.6215678170    -0.1477355422    -0.7693033592
   3,43    -0.5773503000    -0.5773503000     0.5773503000
          -0.6227189860    -0.1459869822    -0.7687059682
 3,22 -548.27565720 669.49071407 6422.31715936 1 1
   3,19    -0.5773503000    -0.5773503000     0.5773503000
          -0.6221467025    -0.1468568950    -0.7690035975
 3,25 -408.17502671 636.84277942 2807.89050289 2 0
   3,37    -0.5773503000     0.5773503000    -0.5773503000
          -0.6446558763     0.1116237882     0.7562796646
   3,17     0.5773503000    -0.5773503000     0.5773503000
          -0.7924487377    -0.5665732713     0.2258754665
 3,27 -481.36619059 637.03809517 2306.07202805 2 0
   3,34     0.5773503000    -0.5773503000    -0.5773503000
           0.7920028825     0.5678984324     0.2241044501
   3,53    -0.5773503000     0.5773503000     0.5773503000
           0.7845524567     0.5881284226     0.1964240341
 3,29 -361.47378569 664.01493168 1592.12793865 2 0
   3,51     0.5773503000    -0.5773503000     0.5773503000
          -0.7979013504    -0.5490009211     0.2489004292
   3,50    -0.5773503000     0.5773503000    -0.5773503000
          -0.7925541439    -0.5662577966     0.2262963473
 3,31 -261.95559141 436.11241949 2813.78024743 2 0
   7,32     0.5773503000    -0.5773503000     0.5773503000
          -0.7943389727    -0.5607824362     0.2335565364
   3,36    -0.5773503000     0.5773503000    -0.5773503000
          -0.7930854696    -0.5646545383     0.2284309312
 3,32 -334.19883879 535.10160769 2810.31289201 2 0
   3,36     0.5773503000    -0.5773503000     0.5773503000
          -0.7931087782    -0.5645837005     0.2285250777
   3,17    -0.5773503000     0.5773503000    -0.5773503000
          -0.7924475675    -0.5665767691     0.2258707984
 3,34 -446.75262134 589.25978351 2305.47701027 2 0
   3,27    -0.5773503000     0.5773503000     0.5773503000
           0.7920028825     0.5678984324     0.2241044501
   3,39     0.5773503000    -0.5773503000    -0.5773503000
           0.7909584093     0.5709459996     0.2200124097
 3,36 -296.80574111 483.82219833 2811.98860809 2 0
   3,32    -0.5773503000     0.5773503000    -0.5773503000
          -0.7931087782    -0.5645837005     0.2285250777
   3,31     0.5773503000    -0.5773503000     0.5773503000
          -0.7930854696    -0.5646545383     0.2284309312
 3,37 -436.23147555 675.59590084 2807.40694468 2 0
   3,55    -0.5773503000     0.5773503000    -0.5773503000
          -0.7942827784    -0.5609588210     0.2333239573
   3,25     0.5773503000    -0.5773503000     0.5773503000
          -0.6446558763     0.1116237882     0.7562796646
 3,38 -418.65605658 379.56066669 6390.48717005 2 0
   3,43     0.5773503000     0.5773503000    -0.5773503000
          -0.6244585069    -0.1433348802    -0.7677933871
   3,20    -0.5773503000    -0.5773503000     0.5773503000
          -0.7827111630     0.1900537521    -0.5926574109
 3,39 -406.65727845 534.13796083 2304.00512905 2 0
   3,45     0.5773503000    -0.5773503000    -0.5773503000
           0.7937439784     0.5626364986     0.2311074797
   3,34    -0.5773503000     0.5773503000     0.5773503000
           0.7909584093     0.5709459996     0.2200124097
 3,40 -426.20714509 257.07079655 6352.27984550 2 0
   3,20     0.5773503000     0.5773503000    -0.5773503000
          -0.7602635816     0.1222568893    -0.6380066923
   1,46    -0.5773503000    -0.5773503000     0.5773503000
          -0.7598145180     0.1210416111    -0.6387729069
 3,42 -290.40598588 375.72460429 2296.50690847 2 0
   3,52     0.5773503000    -0.5773503000    -0.5773503000
           0.7869558269     0.5819597291     0.2049960978
   3,44    -0.5773503000     0.5773503000     0.5773503000
           0.7900045618     0.5736628367     0.2163417251
 3,43 -432.40969192 442.77992230 6402.00245612 2 0
   3,21     0.5773503000     0.5773503000    -0.5773503000
          -0.6227189860    -0.1459869822    -0.7687059682
   3,38    -0.5773503000    -0.5773503000     0.5773503000
          -0.6244585069    -0.1433348802    -0.7677933871
 3,44 -327.24734270 425.75977865 2299.37059829 2 0
   3,45    -0.5773503000     0.5773503000     0.5773503000
           0.7833733662     0.5910472279     0.1923261383
   3,42     0.5773503000    -0.5773503000    -0.5773503000
           0.7900045618     0.5736628367     0.2163417251
 3,45 -366.08402380 478.65705256 2301.89448842 2 0
   3,39    -0.5773503000     0.5773503000     0.5773503000
           0.7937439784     0.5626364986     0.2311074797
   3,44     0.5773503000    -0.5773503000    -0.5773503000
           0.7833733662     0.5910472279     0.1923261383
 3,50 -395.51649727 711.10586465 1594.29386015 2 0
   3,29     0.5773503000    -0.5773503000     0.5773503000
          -0.7925541439    -0.5662577966     0.2262963473
   3,87    -0.5773503000     0.5773503000    -0.5773503000
          -0.7811305214    -0.1847101382     0.5964203831
 3,51 -320.82154409 611.84287093 1587.86771507 2 0
   3,29    -0.5773503000     0.5773503000    -0.5773503000
          -0.7979013504    -0.5490009211     0.2489004292
   3,56     0.5773503000    -0.5773503000     0.5773503000
          -0.5239987989    -0.8042806402    -0.2802818413
 3,52 -250.96706325 322.50390055 2292.96148995 2 0
   7,41     0.5773503000    -0.5773503000    -0.5773503000
           0.7789567803     0.6014211911     0.1775355892
   3,42    -0.5773503000     0.5773503000     0.5773503000
           0.7869558269     0.5819597291     0.2049960978
 3,53 -519.59931500 690.15945211 2305.88142277 1 1
   3,27     0.5773503000    -0.5773503000    -0.5773503000
           0.7845524567     0.5881284226     0.1964240341
 3,55 -471.67712694 724.69981100 2807.21854499 1 1
   3,37     0.5773503000    -0.5773503000     0.5773503000
          -0.7942827784    -0.5609588210     0.2333239573
 3,56 -267.90539987 557.76693154 1580.63929955 2 0
   3,51    -0.5773503000     0.5773503000    -0.5773503000
          -0.5239987989    -0.8042806402    -0.2802818413
   7,38     0.5773503000    -0.5773503000     0.5773503000
          -0.5756954182    -0.7892767560    -0.2135813379
 3,83 -820.41767049 231.21445816 6269.17331875 1 1
   1,50     0.5773503000     0.5773503000    -0.5773503000
           0.1467895802     0.6221910165     0.7689805967
 3,87 -427.84678169 756.29093646 1595.16488161 1 1
   3,50     0.5773503000    -0.5773503000     0.5773503000
          -0.7811305214    -0.1847101382     0.5964203831
 4,0 238.74816094 -457.32630529 -1106.54412044 2 0
   4,15    -0.5773503000     0.5773503000     0.5773503000
           0.0000000000     0.0000000000     0.0000000000
   4,8     0.5773503000    -0.5773503000    -0.5773503000
           0.6284529237    -0.1371992707     0.7656521944
 4,1 170.39855053 -366.09561459 -1097.54053572 2 0
   4,19    -0.5773503000     0.5773503000     0.5773503000
           0.5646802028    -0.2283968186     0.7930770214
   4,15     0.5773503000    -0.5773503000    -0.5773503000
           0.6133527611    -0.1600663676     0.7734191286
 4,2 -147.01386345 -513.44511667 -1113.85224939 2 0
   4,9    -0.5773503000     0.5773503000    -0.5773503000
           0.0723505365    -0.6681499761    -0.7405005127
   4,11     0.5773503000    -0.5773503000     0.5773503000
           0.3711109063    -0.4442917675    -0.8154026738
 4,3 408.98107318 -688.12281958 -1120.44175461 2 0
   4,4    -0.5773503000     0.5773503000     0.5773503000
           0.7911150844     0.5704937946     0.2206212898
   4,5     0.5773503000    -0.5773503000    -0.5773503000
           0.7911150844     0.5704937946     0.2206212898
 4,4 373.33194539 -639.33605321 -1118.71230604 2 0
   4,6    -0.5773503000     0.5773503000     0.5773503000
           0.7027950471    -0.0085460016     0.7113410487
   4,3     0.5773503000    -0.5773503000    -0.5773503000
           0.7911150844     0.5704937946     0.2206212898
 4,5 447.95463392 -741.79801657 -1121.46261148 1 1
   4,3    -0.5773503000     0.5773503000     0.5773503000
           0.7911150844     0.5704937946     0.2206212898
 4,6 336.51209476 -589.23521515 -1116.19821127 2 0
   4,4     0.5773503000    -0.5773503000    -0.5773503000
           0.7027950471    -0.0085460016     0.7113410487
   4,7    -0.5773503000     0.5773503000     0.5773503000
           0.7027950471    -0.0085460016     0.7113410487
 4,7 302.88194816 -543.66508349 -1113.35439274 2 0
   4,8    -0.5773503000     0.5773503000     0.5773503000
           0.7027950471    -0.0085460016     0.7113410487
   4,6     0.5773503000    -0.5773503000    -0.5773503000
           0.7027950471    -0.0085460016     0.7113410487
 4,8 270.45001284 -499.95630713 -1110.15427949 2 0
   4,7     0.5773503000    -0.5773503000    -0.5773503000
           0.7027950471    -0.0085460016     0.7113410487
   4,0    -0.5773503000     0.5773503000     0.5773503000
           0.6284529237    -0.1371992707     0.7656521944
 4,9 -160.95256796 -446.10725545 -1104.24013971 2 0
   4,10    -0.5773503000     0.5773503000    -0.5773503000
          -0.7768347651    -0.1707115931     0.6061231721
   4,2     0.5773503000    -0.5773503000     0.5773503000
           0.0723505365    -0.6681499761    -0.7405005127
 4,10 -185.66127686 -395.18339434 -1090.67371450 2 0
   4,9     0.5773503000    -0.5773503000     0.5773503000
          -0.7768347651    -0.1707115931     0.6061231721
   4,23    -0.5773503000     0.5773503000    -0.5773503000
           0.6751451400     0.7352335814     0.0600884414
 4,11 -138.75604616 -570.34083232 -1121.46300306 2 0
   4,12     0.5773503000    -0.5773503000     0.5773503000
           0.0000000000     0.0000000000     0.0000000000
   4,2    -0.5773503000     0.5773503000    -0.5773503000
           0.3711109063    -0.4442917675    -0.8154026738
 4,12 -132.26255717 -631.93079631 -1129.88403628 2 0
   4,11    -0.5773503000     0.5773503000    -0.5773503000
           0.0000000000     0.0000000000     0.0000000000
   4,18     0.5773503000    -0.5773503000     0.5773503000
           0.7178454702     0.0219903818    -0.6958550884
 4,13 90.39994643 -259.49869947 -1086.24756753 2 0
   4,19     0.5773503000    -0.5773503000    -0.5773503000
          -0.3519519768    -0.8140178009     0.4620658241
   7,89    -0.5773503000     0.5773503000     0.5773503000
          -0.3023703432    -0.8080178228     0.5056474796
 4,14 -144.48556607 -778.28199860 -1135.51962409 2 0
   4,18    -0.5773503000     0.5773503000    -0.5773503000
          -0.7810354814    -0.1843923358     0.5966431456
   4,17     0.5773503000    -0.5773503000     0.5773503000
          -0.6201384635     0.1498994787     0.7700379422
 4,15 206.39252085 -414.06862068 -1102.42701541 2 0
   4,0     0.5773503000    -0.5773503000    -0.5773503000
           0.0000000000     0.0000000000     0.0000000000
   4,1    -0.5773503000     0.5773503000     0.5773503000
           0.6133527611    -0.1600663676     0.7734191286
 4,16 726.06349326 -469.78511887 -2758.89608808 1 1
   4,53    -0.5773503000    -0.5773503000     0.5773503000
          -0.1891173220     0.7824365418     0.5933192198
 4,17 -158.28705356 -837.63349540 -1135.35322416 1 1
   4,14    -0.5773503000     0.5773503000    -0.5773503000
          -0.6201384635     0.1498994787     0.7700379422
 4,18 -131.16169288 -693.22420471 -1136.08203522 2 0
   4,12    -0.5773503000     0.5773503000    -0.5773503000
           0.7178454702     0.0219903818    -0.6958550884
   4,14     0.5773503000    -0.5773503000     0.5773503000
          -0.7810354814    -0.1843923358     0.5966431456
 4,19 130.27361759 -312.51441219 -1091.91727380 2 0
   4,13    -0.5773503000     0.5773503000     0.5773503000
          -0.3519519768    -0.8140178009     0.4620658241
   4,1     0.5773503000    -0.5773503000    -0.5773503000
           0.5646802028    -0.2283968186     0.7930770214
 4,20 623.89207448 -422.61421889 -2797.76567952 2 0
   4,53     0.5773503000     0.5773503000    -0.5773503000
          -0.5281347555    -0.2751962499    -0.8033310053
   4,854    -0.5773503000    -0.5773503000     0.5773503000
          -0.7619911252     0.1269736267    -0.6350174984
 4,21 -216.30712495 -544.62601264 -2822.68093822 2 0
   1,64    -0.5773503000     0.5773503000    -0.5773503000
          -0.1755881084    -0.7783565873    -0.6027684789
   4,22     0.5773503000    -0.5773503000     0.5773503000
          -0.7840602750    -0.1947052433     0.5893550317
 4,22 -184.95047493 -595.84314522 -2845.50960421 2 0
   4,21    -0.5773503000     0.5773503000    -0.5773503000
          -0.7840602750    -0.1947052433     0.5893550317
   4,39     0.5773503000    -0.5773503000     0.5773503000
           0.6587779786    -0.0883533730    -0.7471313515
 4,23 -236.91754165 -363.57331297 -1074.84259207 2 0
   4,10     0.5773503000    -0.5773503000     0.5773503000
           0.6751451400     0.7352335814     0.0600884414
   1,10    -0.5773503000     0.5773503000    -0.5773503000
           0.0000000000     0.0000000000     0.0000000000
 4,24 169.11988040 -835.07621188 -4392.43949306 1 1
   4,38    -0.5773503000     0.5773503000    -0.5773503000
          -0.7810450800    -0.1844244148     0.5966206653
 4,25 -150.92608337 -392.50167843 -5354.36052503 2 0
   4,29    -0.5773503000    -0.5773503000     0.5773503000
           0.7285925212    -0.0451337574     0.6834587639
   4,26     0.5773503000     0.5773503000    -0.5773503000
           0.7176211554    -0.0215200383     0.6961011171
 4,26 -117.14092807 -347.17580246 -5358.26825428 2 0
   4,27     0.5773503000     0.5773503000    -0.5773503000
           0.0000000000     0.0000000000     0.0000000000
   4,25    -0.5773503000    -0.5773503000     0.5773503000
           0.7176211554    -0.0215200383     0.6961011171
 4,27 -82.33492060 -300.54212220 -5362.41249650 2 0
   4,26    -0.5773503000    -0.5773503000     0.5773503000
           0.0000000000     0.0000000000     0.0000000000
   4,31     0.5773503000     0.5773503000    -0.5773503000
          -0.7923244928     0.5669440475    -0.2253804453
 4,28 -221.82166314 -487.74697653 -5346.51322984 2 0
   0,33    -0.5773503000    -0.5773503000     0.5773503000
           0.7176211555    -0.0215200385     0.6961011170
   4,29     0.5773503000     0.5773503000    -0.5773503000
           0.7176211554    -0.0215200383     0.6961011171
 4,29 -187.02889405 -440.96720053 -5350.31359501 2 0
   4,25     0.5773503000     0.5773503000    -0.5773503000
           0.7285925212    -0.0451337574     0.6834587639
   4,28    -0.5773503000    -0.5773503000     0.5773503000
           0.7176211554    -0.0215200383     0.6961011171
 4,30 -54.67842711 -272.83875116 -4396.67878603 2 0
   4,32     0.5773503000    -0.5773503000     0.5773503000
          -0.7992790431    -0.5440859077     0.2551931354
   7,94    -0.5773503000     0.5773503000    -0.5773503000
          -0.7868402435    -0.5822635050     0.2045767385
 4,31 -41.71919814 -246.32325620 -5367.31530235 2 0
   6,53     0.5773503000     0.5773503000    -0.5773503000
          -0.7905395765     0.5721465350    -0.2183930415
   4,27    -0.5773503000    -0.5773503000     0.5773503000
          -0.7923244928     0.5669440475    -0.2253804453
 4,32 -1.53820498 -350.87868506 -4400.94417945 2 0
   4,33     0.5773503000    -0.5773503000     0.5773503000
          -0.7996806632    -0.5426098229     0.2570708404
   4,30    -0.5773503000     0.5773503000    -0.5773503000
          -0.7992790431    -0.5440859077     0.2551931354
 4,33 37.64961903 -413.47879143 -4404.25968487 2 0
   4,34     0.5773503000    -0.5773503000     0.5773503000
          -0.8133870717    -0.3450404447     0.4683466270
   4,32    -0.5773503000     0.5773503000    -0.5773503000
          -0.7996806632    -0.5426098229     0.2570708404
 4,34 67.18756012 -477.39277188 -4404.50681697 2 0
   4,35     0.5773503000    -0.5773503000     0.5773503000
          -0.7810814371    -0.1845459578     0.5965354793
   4,33    -0.5773503000     0.5773503000    -0.5773503000
          -0.8133870717    -0.3450404447     0.4683466270
 4,35 94.55724466 -555.70397077 -4401.43545948 2 0
   4,34    -0.5773503000     0.5773503000    -0.5773503000
          -0.7810814371    -0.1845459578     0.5965354793
   4,36     0.5773503000    -0.5773503000     0.5773503000
          -0.7828051592    -0.1903750640     0.5924300952
 4,36 117.93679937 -635.22097986 -4397.25700146 2 0
   4,37     0.5773503000    -0.5773503000     0.5773503000
          -0.7819679376    -0.1875273189     0.5944406187
   4,35    -0.5773503000     0.5773503000    -0.5773503000
          -0.7828051592    -0.1903750640     0.5924300952
 4,37 137.44743975 -706.90879968 -4394.27309381 2 0
   4,36    -0.5773503000     0.5773503000    -0.5773503000
          -0.7819679376    -0.1875273189     0.5944406187
   4,38     0.5773503000    -0.5773503000     0.5773503000
          -0.7819118276    -0.1873375935     0.5945742341
 4,38 153.38271788 -769.33021061 -4392.72432893 2 0
   4,24     0.5773503000    -0.5773503000     0.5773503000
          -0.7810450800    -0.1844244148     0.5966206653
   4,37    -0.5773503000     0.5773503000    -0.5773503000
          -0.7819118276    -0.1873375935     0.5945742341
 4,39 -177.02039601 -672.84404776 -2860.67713319 2 0
   4,22    -0.5773503000     0.5773503000    -0.5773503000
           0.6587779786    -0.0883533730    -0.7471313515
   4,42     0.5773503000    -0.5773503000     0.5773503000
          -0.6244936658     0.1432811532     0.7677748189
 4,40 -206.38882301 -826.27820797 -2863.71801782 1 1
   4,42    -0.5773503000     0.5773503000    -0.5773503000
          -0.6232714169     0.1451460289     0.7684174459
 4,41 211.56822909 -825.05551606 -3265.61029246 1 1
   4,43    -0.5773503000     0.5773503000     0.5773503000
           0.7911906581     0.5702750556     0.2209156026
 4,42 -188.84157452 -753.16436511 -2863.47844559 2 0
   4,39    -0.5773503000     0.5773503000    -0.5773503000
          -0.6244936658     0.1432811532     0.7677748189
   4,40     0.5773503000    -0.5773503000     0.5773503000
          -0.6232714169     0.1451460289     0.7684174459
 4,43 197.58534296 -767.40523107 -3265.12345032 2 0
   4,41     0.5773503000    -0.5773503000    -0.5773503000
           0.7911906581     0.5702750556     0.2209156026
   4,44    -0.5773503000     0.5773503000     0.5773503000
           0.7820453549     0.1877893210     0.5942560339
 4,44 183.41205686 -709.08271489 -3264.61884798 2 0
   4,43     0.5773503000    -0.5773503000    -0.5773503000
           0.7820453549     0.1877893210     0.5942560339
   4,47    -0.5773503000     0.5773503000     0.5773503000
           0.7830149627     0.1910937189     0.5919212438
 4,45 156.49988038 -598.72784432 -3264.74492974 2 0
   4,46    -0.5773503000     0.5773503000     0.5773503000
           0.7810858847     0.1845608301     0.5965250546
   4,47     0.5773503000    -0.5773503000    -0.5773503000
           0.7810417789     0.1844133817     0.5966283972
 4,46 134.85702205 -523.98294277 -3268.49832251 2 0
   4,45     0.5773503000    -0.5773503000    -0.5773503000
           0.7810858847     0.1845608301     0.5965250546
   4,48    -0.5773503000     0.5773503000     0.5773503000
          -0.4112891147    -0.8164890123     0.4051998976
 4,47 172.64838982 -665.19681898 -3264.46123860 2 0
   4,45    -0.5773503000     0.5773503000     0.5773503000
           0.7810417789     0.1844133817     0.5966283972
   4,44     0.5773503000    -0.5773503000    -0.5773503000
           0.7830149627     0.1910937189     0.5919212438
 4,48 102.39434680 -464.61334674 -3279.67044990 2 0
   4,46     0.5773503000    -0.5773503000    -0.5773503000
          -0.4112891147    -0.8164890123     0.4051998976
   4,49    -0.5773503000     0.5773503000     0.5773503000
           0.7911053305     0.5705219969     0.2205833337
 4,49 75.13232229 -421.37085429 -3289.37617043 2 0
   4,51    -0.5773503000     0.5773503000     0.5773503000
           0.7918594488     0.5683216036     0.2235378452
   4,48     0.5773503000    -0.5773503000    -0.5773503000
           0.7911053305     0.5705219969     0.2205833337
 4,50 696.04183445 -511.43794546 -2833.46228054 1 1
   4,854     0.5773503000     0.5773503000    -0.5773503000
          -0.7809200822     0.1840069742    -0.5969131081
 4,51 30.11242928 -351.42769387 -3306.04717508 2 0
   4,54    -0.5773503000     0.5773503000     0.5773503000
           0.8143736169     0.4581447229     0.3562288940
   4,49     0.5773503000    -0.5773503000    -0.5773503000
           0.7918594488     0.5683216036     0.2235378452
 4,52 -42.24195485 -240.02610418 -3335.02748705 2 0
   4,54     0.5773503000    -0.5773503000    -0.5773503000
           0.8028951209     0.5299760344     0.2729190865
   7,102    -0.5773503000     0.5773503000     0.5773503000
           0.7876822974     0.5800331162     0.2076491812
 4,53 680.87493332 -436.49363789 -2759.34163356 2 0
   4,16     0.5773503000     0.5773503000    -0.5773503000
          -0.1891173220     0.7824365418     0.5933192198
   4,20    -0.5773503000    -0.5773503000     0.5773503000
          -0.5281347555    -0.2751962499    -0.8033310053
 4,54 -19.53829955 -274.62769099 -3325.65046209 2 0
   4,52    -0.5773503000     0.5773503000     0.5773503000
           0.8028951209     0.5299760344     0.2729190865
   4,51     0.5773503000    -0.5773503000    -0.5773503000
           0.8143736169     0.4581447229     0.3562288940
 4,854 638.57823206 -469.05032273 -2833.99093712 2 0
   4,50    -0.5773503000    -0.5773503000     0.5773503000
          -0.7809200822     0.1840069742    -0.5969131081
   4,20     0.5773503000     0.5773503000    -0.5773503000
          -0.7619911252     0.1269736267    -0.6350174984
 5,0 549.96882355 -525.84403480 7026.98444039 2 0
   5,18    -0.5773503000    -0.5773503000     0.5773503000
          -0.6323489255    -0.1311521822    -0.7635011077
   5,5     0.5773503000     0.5773503000    -0.5773503000
          -0.6327726528    -0.1304907008    -0.7632633536
 5,1 462.28272310 -319.11714243 2245.90653538 2 0
   5,22    -0.5773503000     0.5773503000     0.5773503000
           0.6100102937     0.7750217223    -0.1650114285
   5,25     0.5773503000    -0.5773503000    -0.5773503000
           0.5712640726     0.7908478511    -0.2195837785
 5,2 545.70178991 -380.54947592 2242.42544555 2 0
   5,25    -0.5773503000     0.5773503000     0.5773503000
           0.5626217643     0.7937487445    -0.2311269801
   5,40     0.5773503000    -0.5773503000    -0.5773503000
           0.5729821088     0.7902455852    -0.2172634764
 5,3 567.62938250 -387.15452278 2827.86459265 2 0
   5,16    -0.5773503000     0.5773503000    -0.5773503000
           0.0000000000     0.0000000000     0.0000000000
   5,23     0.5773503000    -0.5773503000     0.5773503000
          -0.5688051954    -0.7916949072    -0.2228897117
 5,5 626.04592819 -541.61861831 7062.92201063 2 0
   5,169     0.5773503000     0.5773503000    -0.5773503000
           0.1468340743     0.6221617261     0.7689958005
   5,0    -0.5773503000    -0.5773503000     0.5773503000
          -0.6327726528    -0.1304907008    -0.7632633536
 5,9 653.37818401 -458.85144376 2239.28996045 2 0
   5,47     0.5773503000    -0.5773503000    -0.5773503000
           0.5654554301     0.7928209589    -0.2273655288
   5,40    -0.5773503000     0.5773503000     0.5773503000
           0.5703694262     0.7911580704    -0.2207886442
 5,16 495.33355692 -334.48689692 2826.55416502 2 0
   5,3     0.5773503000    -0.5773503000     0.5773503000
           0.0000000000     0.0000000000     0.0000000000
   5,33    -0.5773503000     0.5773503000    -0.5773503000
          -0.5641888446    -0.7932384438    -0.2290495993
 5,18 551.63091014 -560.54050412 7006.28739602 2 0
   5,24    -0.5773503000    -0.5773503000     0.5773503000
          -0.6247967436    -0.1428178098    -0.7676145533
   5,0     0.5773503000     0.5773503000    -0.5773503000
          -0.6323489255    -0.1311521822    -0.7635011077
 5,22 407.40144159 -278.81553327 2248.70560014 2 0
   5,1     0.5773503000    -0.5773503000    -0.5773503000
           0.6100102937     0.7750217223    -0.1650114285
   5,38    -0.5773503000     0.5773503000     0.5773503000
           0.5760359168     0.7891536355    -0.2131177187
 5,23 621.37476012 -426.17000491 2828.68839578 2 0
   5,81     0.5773503000    -0.5773503000     0.5773503000
          -0.6838445601    -0.7282737563    -0.0444291961
   5,3    -0.5773503000     0.5773503000    -0.5773503000
          -0.5688051954    -0.7916949072    -0.2228897117
 5,24 602.01983150 -630.75410492 7006.37979074 1 1
   5,18     0.5773503000     0.5773503000    -0.5773503000
          -0.6247967436    -0.1428178098    -0.7676145533
 5,25 499.87949656 -346.84168607 2244.24058366 2 0
   5,2     0.5773503000    -0.5773503000    -0.5773503000
           0.5626217643     0.7937487445    -0.2311269801
   5,1    -0.5773503000     0.5773503000     0.5773503000
           0.5712640726     0.7908478511    -0.2195837785
 5,33 428.49686393 -285.95043759 2825.11328833 2 0
   5,37    -0.5773503000     0.5773503000    -0.5773503000
          -0.4563705538    -0.8145251427    -0.3581545888
   5,16     0.5773503000    -0.5773503000     0.5773503000
          -0.5641888446    -0.7932384438    -0.2290495993
 5,37 368.12459174 -242.13619133 2823.58870936 2 0
   7,10    -0.5773503000     0.5773503000    -0.5773503000
          -0.1029318017    -0.7529313548    -0.6499995532
   5,33     0.5773503000    -0.5773503000     0.5773503000
          -0.4563705538    -0.8145251427    -0.3581545888
 5,38 355.83097988 -241.03698187 2251.74104494 2 0
   7,11    -0.5773503000     0.5773503000     0.5773503000
           0.5868731846     0.7850511760    -0.1981779914
   5,22     0.5773503000    -0.5773503000    -0.5773503000
           0.5760359168     0.7891536355    -0.2131177187
 5,40 600.23937093 -420.32044343 2240.58056549 2 0
   5,9     0.5773503000    -0.5773503000    -0.5773503000
           0.5703694262     0.7911580704    -0.2207886442
   5,2    -0.5773503000     0.5773503000     0.5773503000
           0.5729821088     0.7902455852    -0.2172634764
 5,47 706.31299586 -497.18747024 2238.63038642 1 1
   5,9    -0.5773503000     0.5773503000     0.5773503000
           0.5654554301     0.7928209589    -0.2273655288
 5,81 661.34371867 -455.11187870 2829.12160470 2 0
   5,2453     0.5773503000    -0.5773503000     0.5773503000
          -0.2062813604    -0.7873087884    -0.5810274280
   5,23    -0.5773503000     0.5773503000    -0.5773503000
          -0.6838445601    -0.7282737563    -0.0444291961
 5,169 657.80058288 -564.49484783 7062.93656091 1 1
   5,5    -0.5773503000    -0.5773503000     0.5773503000
           0.1468340743     0.6221617261     0.7689958005
 5,2453 710.85326739 -490.88817999 2829.44730498 1 1
   5,81    -0.5773503000     0.5773503000    -0.5773503000
          -0.2062813604    -0.7873087884    -0.5810274280
 6,0 696.29254277 511.09010626 -7322.04341685 1 1
   6,79    -0.5773503000     0.5773503000    -0.5773503000
          -0.1839223805    -0.7808947273    -0.5969723468
 6,1 277.17619400 409.25075248 -7274.90208566 2 0
   6,26    -0.5773503000     0.5773503000    -0.5773503000
          -0.1896865326    -0.7826035912    -0.5929170586
   6,62     0.5773503000    -0.5773503000     0.5773503000
          -0.1836312767    -0.7808074131    -0.5971761364
 6,2 582.05494716 445.61993983 -7316.93661864 2 0
   6,80    -0.5773503000     0.5773503000    -0.5773503000
           0.1468526766    -0.6221494797    -0.7690021563
   6,79     0.5773503000    -0.5773503000     0.5773503000
           0.1455946085    -0.6229768383    -0.7685714468
 6,3 564.07521685 -196.63263240 -8680.80637197 2 0
   6,11     0.5773503000    -0.5773503000     0.5773503000
           0.7061353370     0.7080742380     0.0019389011
   6,12    -0.5773503000     0.5773503000    -0.5773503000
           0.7069372599     0.7072761806     0.0003389207
 6,4 621.49598775 -181.76252187 -8134.95670336 2 0
   6,7     0.5773503000    -0.5773503000     0.5773503000
          -0.2776318465    -0.8037899215    -0.5261580750
   6,13    -0.5773503000     0.5773503000    -0.5773503000
           0.7068624610     0.7073508484     0.0004883875
 6,5 825.50100165 -209.68112181 -8127.10091782 1 1
   6,10    -0.5773503000     0.5773503000    -0.5773503000
          -0.2004162495    -0.7856824096    -0.5852661601
 6,6 569.00785179 -201.27986888 -8466.73035671 2 0
   6,9    -0.5773503000     0.5773503000    -0.5773503000
          -0.2740919346     0.5290285094     0.8031204440
   6,8     0.5773503000    -0.5773503000     0.5773503000
          -0.2740919346     0.5290285094     0.8031204440
 6,7 683.18340961 -180.29490952 -8126.77455732 2 0
   6,4    -0.5773503000     0.5773503000    -0.5773503000
          -0.2776318465    -0.8037899215    -0.5261580750
   6,10     0.5773503000    -0.5773503000     0.5773503000
          -0.1898688387    -0.7826570147    -0.5927881759
 6,8 571.98599511 -203.76274536 -8367.78385917 2 0
   6,6    -0.5773503000     0.5773503000    -0.5773503000
          -0.2740919346     0.5290285094     0.8031204440
   6,14     0.5773503000    -0.5773503000     0.5773503000
           0.7133500095     0.7006936423    -0.0126563672
 6,9 566.89115309 -199.34350003 -8542.13258298 2 0
   6,11    -0.5773503000     0.5773503000    -0.5773503000
          -0.7226500312    -0.0321856844     0.6904643468
   6,6     0.5773503000    -0.5773503000     0.5773503000
          -0.2740919346     0.5290285094     0.8031204440
 6,10 742.26130320 -190.13048273 -8126.97836051 2 0
   6,5     0.5773503000    -0.5773503000     0.5773503000
          -0.2004162495    -0.7856824096    -0.5852661601
   6,7    -0.5773503000     0.5773503000    -0.5773503000
          -0.1898688387    -0.7826570147    -0.5927881759
 6,11 565.32724326 -197.90526925 -8605.53765806 2 0
   6,9     0.5773503000    -0.5773503000     0.5773503000
          -0.7226500312    -0.0321856844     0.6904643468
   6,3    -0.5773503000     0.5773503000    -0.5773503000
           0.7061353370     0.7080742380     0.0019389011
 6,12 563.63769080 -196.19566576 -8750.00000000 1 1
   6,3     0.5773503000    -0.5773503000     0.5773503000
           0.7069372599     0.7072761806     0.0003389207
 6,13 580.91827776 -203.34863346 -8204.75031552 2 0
   6,14    -0.5773503000     0.5773503000    -0.5773503000
          -0.2740919346     0.5290285094     0.8031204440
   6,4     0.5773503000    -0.5773503000     0.5773503000
           0.7068624610     0.7073508484     0.0004883875
 6,14 574.79316993 -205.10279545 -8288.28409831 2 0
   6,13     0.5773503000    -0.5773503000     0.5773503000
          -0.2740919346     0.5290285094     0.8031204440
   6,8    -0.5773503000     0.5773503000    -0.5773503000
           0.7133500095     0.7006936423    -0.0126563672
 6,15 426.52805665 230.46045494 -5406.84372728 2 0
   6,23    -0.5773503000    -0.5773503000     0.5773503000
          -0.5316530358    -0.2708379836    -0.8024910194
   6,16     0.5773503000     0.5773503000    -0.5773503000
          -0.6400434752    -0.1190207005    -0.7590641756
 6,16 478.78015818 269.07628196 -5409.87220054 2 0
   6,17     0.5773503000     0.5773503000    -0.5773503000
          -0.6400434751    -0.1190207006    -0.7590641757
   6,15    -0.5773503000    -0.5773503000     0.5773503000
          -0.6400434752    -0.1190207005    -0.7590641756
 6,17 532.25280655 308.46831897 -5412.45455808 2 0
   6,16    -0.5773503000    -0.5773503000     0.5773503000
          -0.6400434751    -0.1190207006    -0.7590641757
   6,18     0.5773503000     0.5773503000    -0.5773503000
          -0.5627120855     0.7937195188     0.2310074333
 6,18 586.65799535 348.44088978 -5414.55764081 2 0
   6,20     0.5773503000     0.5773503000    -0.5773503000
          -0.4451703408    -0.3701774514    -0.8153477922
   6,17    -0.5773503000    -0.5773503000     0.5773503000
          -0.5627120855     0.7937195188     0.2310074333
 6,19 682.64101112 418.37912533 -5416.73786942 2 0
   6,20    -0.5773503000    -0.5773503000     0.5773503000
           0.0000000000     0.0000000000     0.0000000000
   6,21     0.5773503000     0.5773503000    -0.5773503000
          -0.6088515743     0.7755678256     0.1667162513
 6,20 638.34945403 386.21232727 -5416.01814859 2 0
   6,19     0.5773503000     0.5773503000    -0.5773503000
           0.0000000000     0.0000000000     0.0000000000
   6,18    -0.5773503000    -0.5773503000     0.5773503000
          -0.4451703408    -0.3701774514    -0.8153477922
 6,21 735.58096946 456.58032602 -5416.89313882 1 1
   6,19    -0.5773503000    -0.5773503000     0.5773503000
          -0.6088515743     0.7755678256     0.1667162513
 6,22 278.51771374 119.42764601 -5396.47822233 2 0
   6,24     0.5773503000     0.5773503000    -0.5773503000
          -0.5722623141     0.7904989622     0.2182366481
   6,25    -0.5773503000    -0.5773503000     0.5773503000
          -0.5828151601     0.7866296180     0.2038144579
 6,23 371.74294744 189.72218592 -5403.13774028 2 0
   6,15     0.5773503000     0.5773503000    -0.5773503000
          -0.5316530358    -0.2708379836    -0.8024910194
   6,24    -0.5773503000    -0.5773503000     0.5773503000
          -0.5925300238     0.7827638589     0.1902338352
 6,24 318.30974443 149.65991873 -5399.29419034 2 0
   6,22    -0.5773503000    -0.5773503000     0.5773503000
          -0.5722623141     0.7904989622     0.2182366481
   6,23     0.5773503000     0.5773503000    -0.5773503000
          -0.5925300238     0.7827638589     0.1902338352
 6,25 211.40134284 65.79496440 -5391.92027197 2 0
   6,49    -0.5773503000    -0.5773503000     0.5773503000
          -0.4383965263     0.8157352396     0.3773387134
   6,22     0.5773503000     0.5773503000    -0.5773503000
          -0.5828151601     0.7866296180     0.2038144579
 6,26 205.90898656 417.88157721 -7264.42437836 2 0
   6,1     0.5773503000    -0.5773503000     0.5773503000
          -0.1896865326    -0.7826035912    -0.5929170586
   6,27    -0.5773503000     0.5773503000    -0.5773503000
          -0.1905387096    -0.7828529862    -0.5923142765
 6,27 154.98837753 425.43368049 -7258.35444926 2 0
   6,28    -0.5773503000     0.5773503000    -0.5773503000
          -0.1880183606    -0.7821129676    -0.5940946070
   6,26     0.5773503000    -0.5773503000     0.5773503000
          -0.1905387096    -0.7828529862    -0.5923142765
 6,28 74.76666110 439.35604570 -7250.96311625 2 0
   6,27     0.5773503000    -0.5773503000     0.5773503000
          -0.1880183606    -0.7821129676    -0.5940946070
   6,29    -0.5773503000     0.5773503000    -0.5773503000
          -0.1987937137    -0.7852254029    -0.5864316892
 6,29 -14.87040661 459.57165360 -7244.58630560 2 0
   6,31    -0.5773503000     0.5773503000    -0.5773503000
          -0.1954221530    -0.7842659808    -0.5888438278
   6,28     0.5773503000    -0.5773503000     0.5773503000
          -0.1987937137    -0.7852254029    -0.5864316892
 6,30 -51.96206226 780.18245229 -7381.80155379 2 0
   6,45     0.5773503000     0.5773503000     0.5773503000
           0.7810463672    -0.1844287169    -0.5966176503
   6,34    -0.5773503000    -0.5773503000    -0.5773503000
           0.7826972190    -0.1900061213    -0.5926910977
 6,31 -67.99264734 481.53189117 -7234.87818795 2 0
   6,33    -0.5773503000     0.5773503000    -0.5773503000
          -0.5720816160    -0.7905623323    -0.2184807163
   6,29     0.5773503000    -0.5773503000     0.5773503000
          -0.1954221530    -0.7842659808    -0.5888438278
 6,32 -118.92676753 408.06407095 -7352.83080415 2 0
   6,44     0.5773503000     0.5773503000     0.5773503000
           0.7859889543    -0.2015107367    -0.5844782175
   6,43    -0.5773503000    -0.5773503000    -0.5773503000
           0.7824218960    -0.1890674778    -0.5933544181
 6,33 -105.36537992 519.68007515 -7217.37676010 2 0
   6,40    -0.5773503000     0.5773503000    -0.5773503000
          -0.7967862111    -0.2439625374     0.5528236737
   6,31     0.5773503000    -0.5773503000     0.5773503000
          -0.5720816160    -0.7905623323    -0.2184807163
 6,34 -63.06590269 692.97177954 -7369.27873337 2 0
   6,30     0.5773503000     0.5773503000     0.5773503000
           0.7826972190    -0.1900061213    -0.5926910977
   6,35    -0.5773503000    -0.5773503000    -0.5773503000
           0.7809885218    -0.1842354510    -0.5967530707
 6,35 -79.46811574 602.83182023 -7361.79114530 2 0
   6,41    -0.5773503000    -0.5773503000    -0.5773503000
           0.7810867453    -0.1845637082    -0.5965230372
   6,34     0.5773503000     0.5773503000     0.5773503000
           0.7809885218    -0.1842354510    -0.5967530707
 6,36 -156.25327539 733.56595435 -7188.72685150 2 0
   6,38    -0.5773503000     0.5773503000    -0.5773503000
          -0.7809129332    -0.1839831196     0.5969298136
   6,37     0.5773503000    -0.5773503000     0.5773503000
          -0.7793533511    -0.1788301304     0.6005232207
 6,37 -137.17361064 639.60877820 -7194.52039087 2 0
   6,40     0.5773503000    -0.5773503000     0.5773503000
          -0.7959216461    -0.2402219566     0.5556996895
   6,36    -0.5773503000     0.5773503000    -0.5773503000
          -0.7793533511    -0.1788301304     0.6005232207
 6,38 -176.03746380 820.80109688 -7186.50567079 2 0
   6,39    -0.5773503000     0.5773503000    -0.5773503000
          -0.7911943489    -0.5702643627     0.2209299862
   6,36     0.5773503000    -0.5773503000     0.5773503000
          -0.7809129332    -0.1839831196     0.5969298136
 6,39 -178.81479810 832.78755227 -7186.43488171 1 1
   6,38     0.5773503000    -0.5773503000     0.5773503000
          -0.7911943489    -0.5702643627     0.2209299862
 6,40 -123.44743885 569.52702294 -7203.67412360 2 0
   6,33     0.5773503000    -0.5773503000     0.5773503000
          -0.7967862111    -0.2439625374     0.5528236737
   6,37    -0.5773503000     0.5773503000    -0.5773503000
          -0.7959216461    -0.2402219566     0.5556996895
 6,41 -94.10540990 528.68234257 -7357.37407653 2 0
   6,35     0.5773503000     0.5773503000     0.5773503000
           0.7810867453    -0.1845637082    -0.5965230372
   6,44    -0.5773503000    -0.5773503000    -0.5773503000
           0.7822376646    -0.1884413123    -0.5937963522
 6,42 -152.39895763 271.94681327 -7348.57653296 2 0
   6,43     0.5773503000     0.5773503000     0.5773503000
           0.7837635848    -0.1936748743    -0.5900887105
   6,47    -0.5773503000    -0.5773503000    -0.5773503000
           0.7865411388    -0.2034949711    -0.5830461677
 6,43 -134.59259128 339.11036005 -7351.44481609 2 0
   6,42    -0.5773503000    -0.5773503000    -0.5773503000
           0.7837635848    -0.1936748743    -0.5900887105
   6,32     0.5773503000     0.5773503000     0.5773503000
           0.7824218960    -0.1890674778    -0.5933544181
 6,44 -107.80306462 460.43255571 -7354.32483383 2 0
   6,32    -0.5773503000    -0.5773503000    -0.5773503000
           0.7859889543    -0.2015107367    -0.5844782175
   6,41     0.5773503000     0.5773503000     0.5773503000
           0.7822376646    -0.1884413123    -0.5937963522
 6,45 -68.40624346 858.85147646 -7380.09939433 1 1
   6,30    -0.5773503000    -0.5773503000    -0.5773503000
           0.7810463672    -0.1844287169    -0.5966176503
 6,46 -235.94158875 120.65894940 -7319.39468246 2 0
   6,48     0.5773503000     0.5773503000     0.5773503000
           0.7820607447    -0.5942193083    -0.1878414364
   0,43    -0.5773503000    -0.5773503000    -0.5773503000
           0.5456929950    -0.7988354388     0.2531424438
 6,47 -173.84685647 215.48188860 -7342.06848408 2 0
   6,42     0.5773503000     0.5773503000     0.5773503000
           0.7865411388    -0.2034949711    -0.5830461677
   6,48    -0.5773503000    -0.5773503000    -0.5773503000
          -0.4442052658     0.8154080023    -0.3712027366
 6,48 -202.08310510 164.85045359 -7331.77632380 2 0
   6,47     0.5773503000     0.5773503000     0.5773503000
          -0.4442052658     0.8154080023    -0.3712027366
   6,46    -0.5773503000    -0.5773503000    -0.5773503000
           0.7820607447    -0.5942193083    -0.1878414364
 6,49 168.77583573 24.74084450 -5389.21965121 2 0
   6,50    -0.5773503000    -0.5773503000     0.5773503000
          -0.7963167729     0.5543944190    -0.2419223540
   6,25     0.5773503000     0.5773503000    -0.5773503000
          -0.4383965263     0.8157352396     0.3773387134
 6,50 130.57344746 -18.85308712 -5386.33933561 2 0
   6,49     0.5773503000     0.5773503000    -0.5773503000
          -0.7963167729     0.5543944190    -0.2419223540
   6,51    -0.5773503000    -0.5773503000     0.5773503000
          -0.7990047445     0.5450824659    -0.2539222786
 6,51 86.56500747 -75.28904923 -5382.02063366 2 0
   6,50     0.5773503000     0.5773503000    -0.5773503000
          -0.7990047445     0.5450824659    -0.2539222786
   6,52    -0.5773503000    -0.5773503000     0.5773503000
          -0.7878801638     0.5795031053    -0.2083770585
 6,52 45.71031807 -129.35677251 -5377.52996437 2 0
   6,53    -0.5773503000    -0.5773503000     0.5773503000
           0.6148554820     0.1578297707     0.7726852527
   6,51     0.5773503000     0.5773503000    -0.5773503000
          -0.7878801638     0.5795031053    -0.2083770585
 6,53 -1.67783231 -192.69174222 -5372.07957200 2 0
   6,52     0.5773503000     0.5773503000    -0.5773503000
           0.6148554820     0.1578297707     0.7726852527
   4,31    -0.5773503000    -0.5773503000     0.5773503000
          -0.7905395765     0.5721465350    -0.2183930415
 6,57 433.37690462 402.97895024 -7305.57558660 2 0
   6,62    -0.5773503000     0.5773503000    -0.5773503000
          -0.1840310645    -0.7809273012    -0.5968962368
   6,80     0.5773503000    -0.5773503000     0.5773503000
           0.1467647444    -0.6222073649    -0.7689721093
 6,62 371.81189674 402.07376631 -7293.15594061 2 0
   6,57     0.5773503000    -0.5773503000     0.5773503000
          -0.1840310645    -0.7809273012    -0.5968962368
   6,1    -0.5773503000     0.5773503000    -0.5773503000
          -0.1836312767    -0.7808074131    -0.5971761364
 6,79 630.48330652 465.53504410 -7323.12620620 2 0
   6,0     0.5773503000    -0.5773503000     0.5773503000
          -0.1839223805    -0.7808947273    -0.5969723468
   6,2    -0.5773503000     0.5773503000    -0.5773503000
           0.1455946085    -0.6229768383    -0.7685714468
 6,80 515.70089917 423.10261547 -7311.11388776 2 0
   6,57    -0.5773503000     0.5773503000    -0.5773503000
           0.1467647444    -0.6222073649    -0.7689721093
   6,2     0.5773503000    -0.5773503000     0.5773503000
           0.1468526766    -0.6221494797    -0.7690021563
 7,0 728.03040515 297.78629055 1507.21030786 2 0
   7,1     0.5773503000    -0.5773503000     0.5773503000
           0.1468184787    -0.6221719929    -0.7689904717
   7,19    -0.5773503000     0.5773503000    -0.5773503000
           0.1415765754    -0.6256074726    -0.7671840480
 7,1 800.91298826 313.83761797 1508.14431389 1 1
   7,0    -0.5773503000     0.5773503000    -0.5773503000
           0.1468184787    -0.6221719929    -0.7689904717
 7,2 820.62525944 230.33509727 6100.06146863 1 1
   7,15    -0.5773503000     0.5773503000     0.5773503000
           0.1843818840     0.7810323538    -0.5966504698
 7,3 492.94565161 274.64013914 1500.33957276 2 0
   7,13     0.5773503000    -0.5773503000     0.5773503000
          -0.1845423237    -0.7810803503    -0.5965380266
   7,9    -0.5773503000     0.5773503000    -0.5773503000
          -0.1838106035    -0.7808612122    -0.5970506087
 7,4 234.37012626 -145.10586656 2820.98137007 2 0
   7,59    -0.5773503000     0.5773503000    -0.5773503000
          -0.5876231855    -0.7847537929    -0.1971306074
   7,10     0.5773503000    -0.5773503000     0.5773503000
          -0.5642565501    -0.7932162413    -0.2289596912
 7,5 710.33024455 207.17002734 6102.12625895 2 0
   7,6    -0.5773503000     0.5773503000     0.5773503000
          -0.1467737352     0.6222014467    -0.7689751819
   7,15     0.5773503000    -0.5773503000    -0.5773503000
          -0.1468524491     0.6221496294    -0.7690020785
 7,6 637.51017227 198.96704673 6103.68601544 2 0
   7,8    -0.5773503000     0.5773503000     0.5773503000
          -0.0610455555     0.6746049271    -0.7356504826
   7,5     0.5773503000    -0.5773503000    -0.5773503000
          -0.1467737352     0.6222014467    -0.7689751819
 7,7 335.11831317 241.47981647 6073.49379893 2 0
   7,113    -0.5773503000     0.5773503000     0.5773503000
           0.1208332287     0.7597373549    -0.6389041262
   7,14     0.5773503000    -0.5773503000    -0.5773503000
           0.0992783007     0.7514994386    -0.6522211379
 7,8 574.85284977 202.33436504 6098.07822635 2 0
   7,6     0.5773503000    -0.5773503000    -0.5773503000
          -0.0610455555     0.6746049271    -0.7356504826
   7,12    -0.5773503000     0.5773503000     0.5773503000
           0.1757281798     0.7783999001    -0.6026717203
 7,9 419.05237165 284.96656833 1507.80260426 2 0
   7,18    -0.5773503000     0.5773503000    -0.5773503000
          -0.1974561320    -0.7848463553    -0.5873902234
   7,3     0.5773503000    -0.5773503000     0.5773503000
          -0.1838106035    -0.7808612122    -0.5970506087
 7,10 311.68609829 -201.09352771 2822.27743571 2 0
   5,37     0.5773503000    -0.5773503000     0.5773503000
          -0.1029318017    -0.7529313548    -0.6499995532
   7,4    -0.5773503000     0.5773503000    -0.5773503000
          -0.5642565501    -0.7932162413    -0.2289596912
 7,11 287.95718658 -191.11153042 2255.93576953 2 0
   5,38     0.5773503000    -0.5773503000    -0.5773503000
           0.5868731846     0.7850511760    -0.1981779914
   7,17    -0.5773503000     0.5773503000     0.5773503000
           0.5979938373     0.7804556686    -0.1824618313
 7,12 494.64615599 212.96511327 6088.83233419 2 0
   7,14    -0.5773503000     0.5773503000     0.5773503000
           0.0748822890     0.7415678959    -0.6666856070
   7,8     0.5773503000    -0.5773503000    -0.5773503000
           0.1757281798     0.7783999001    -0.6026717203
 7,13 582.90131405 275.15590372 1499.00906839 2 0
   7,3    -0.5773503000     0.5773503000    -0.5773503000
          -0.1845423237    -0.7810803503    -0.5965380266
   7,19     0.5773503000    -0.5773503000     0.5773503000
           0.1337280865    -0.6306942691    -0.7644223556
 7,14 421.16735885 224.88784939 6081.40498343 2 0
   7,12     0.5773503000    -0.5773503000    -0.5773503000
           0.0748822890     0.7415678959    -0.6666856070
   7,7    -0.5773503000     0.5773503000     0.5773503000
           0.0992783007     0.7514994386    -0.6522211379
 7,15 763.10314665 217.10516774 6100.34363453 2 0
   7,2     0.5773503000    -0.5773503000    -0.5773503000
           0.1843818840     0.7810323538    -0.5966504698
   7,5    -0.5773503000     0.5773503000     0.5773503000
          -0.1468524491     0.6221496294    -0.7690020785
 7,16 290.89515767 306.47462738 1518.12887184 2 0
   7,18     0.5773503000    -0.5773503000     0.5773503000
          -0.1942787217    -0.7839376091    -0.5896588873
   7,46    -0.5773503000     0.5773503000    -0.5773503000
          -0.1913381491    -0.7830861856    -0.5917480365
 7,17 210.59041746 -133.84256095 2260.73873562 2 0
   7,11     0.5773503000    -0.5773503000    -0.5773503000
           0.5979938373     0.7804556686    -0.1824618313
   7,58    -0.5773503000     0.5773503000     0.5773503000
           0.6059493158     0.7769146014    -0.1709652855
 7,18 367.76058040 293.12127339 1512.40710789 2 0
   7,9     0.5773503000    -0.5773503000     0.5773503000
          -0.1974561320    -0.7848463553    -0.5873902234
   7,16    -0.5773503000     0.5773503000    -0.5773503000
          -0.1942787217    -0.7839376091    -0.5896588873
 7,19 664.41252888 286.44473668 1504.47302289 2 0
   7,13    -0.5773503000     0.5773503000    -0.5773503000
           0.1337280865    -0.6306942691    -0.7644223556
   7,0     0.5773503000    -0.5773503000     0.5773503000
           0.1415765754    -0.6256074726    -0.7671840480
 7,20 311.28910322 632.70828056 -4391.50371016 2 0
   7,22    -0.5773503000    -0.5773503000     0.5773503000
          -0.7964242777     0.5540366472    -0.2423876306
   7,23     0.5773503000     0.5773503000    -0.5773503000
          -0.7993533423     0.5438143680    -0.2555389743
 7,21 247.43492332 544.80862214 -4389.99709469 2 0
   7,22     0.5773503000     0.5773503000    -0.5773503000
          -0.0461447178     0.7290489865     0.6829042687
   7,26    -0.5773503000    -0.5773503000     0.5773503000
          -0.2812024269     0.8044490095     0.5232465826
 7,22 277.36608762 585.97445182 -4390.71551601 2 0
   7,21    -0.5773503000    -0.5773503000     0.5773503000
          -0.0461447178     0.7290489865     0.6829042687
   7,20     0.5773503000     0.5773503000    -0.5773503000
          -0.7964242777     0.5540366472    -0.2423876306
 7,23 346.00087206 680.61857296 -4392.20308868 2 0
   7,20    -0.5773503000    -0.5773503000     0.5773503000
          -0.7993533423     0.5438143680    -0.2555389743
   7,24     0.5773503000     0.5773503000    -0.5773503000
          -0.7894343418     0.5752582051    -0.2141761367
 7,24 374.22208415 719.62725212 -4392.57474730 2 0
   7,25     0.5773503000     0.5773503000    -0.5773503000
          -0.7964242777     0.5540366472    -0.2423876306
   7,23    -0.5773503000    -0.5773503000     0.5773503000
          -0.7894343418     0.5752582051    -0.2141761367
 7,25 409.98059454 769.16815557 -4392.75805958 1 1
   7,24    -0.5773503000    -0.5773503000     0.5773503000
          -0.7964242777     0.5540366472    -0.2423876306
 7,26 213.87311626 498.68075912 -4389.16059594 2 0
   7,21     0.5773503000     0.5773503000    -0.5773503000
          -0.2812024269     0.8044490095     0.5232465826
   7,54    -0.5773503000    -0.5773503000     0.5773503000
          -0.7916272185     0.5690035633    -0.2226236552
 7,27 158.42640235 617.78133102 6003.30183692 2 0
   7,28    -0.5773503000     0.5773503000     0.5773503000
           0.7834333305     0.1925329249     0.5909004057
   7,33     0.5773503000    -0.5773503000    -0.5773503000
           0.7800143707     0.1810019553     0.5990124153
 7,28 157.55876460 682.52469202 5994.35528294 2 0
   7,30    -0.5773503000     0.5773503000     0.5773503000
           0.6221916066    -0.1467886838     0.7689802904
   7,27     0.5773503000    -0.5773503000    -0.5773503000
           0.7834333305     0.1925329249     0.5909004057
 7,29 62.83095137 356.20133016 1529.72404519 2 0
   7,31    -0.5773503000     0.5773503000    -0.5773503000
          -0.2049662415    -0.7869476048    -0.5819813633
   7,43     0.5773503000    -0.5773503000     0.5773503000
          -0.2095420960    -0.7881955738    -0.5786534779
 7,30 169.60547974 755.05085845 5993.31429622 2 0
   7,28     0.5773503000    -0.5773503000    -0.5773503000
           0.6221916066    -0.1467886838     0.7689802904
   7,44    -0.5773503000     0.5773503000     0.5773503000
           0.6221511015    -0.1468502131     0.7690013146
 7,31 0.60515769 379.67331281 1536.83778801 2 0
   7,29     0.5773503000    -0.5773503000     0.5773503000
          -0.2049662415    -0.7869476048    -0.5819813633
   7,34    -0.5773503000     0.5773503000    -0.5773503000
          -0.5539523154    -0.7964495682    -0.2424972528
 7,32 -226.55872366 387.65571707 2815.59378586 2 0
   3,31    -0.5773503000     0.5773503000    -0.5773503000
          -0.7943389727    -0.5607824362     0.2335565364
   7,39     0.5773503000    -0.5773503000     0.5773503000
          -0.7927327753    -0.5657212229     0.2270115524
 7,33 166.12146838 537.85242234 6015.96184825 2 0
   7,27    -0.5773503000     0.5773503000     0.5773503000
           0.7800143707     0.1810019553     0.5990124153
   7,42     0.5773503000    -0.5773503000    -0.5773503000
           0.7820304068     0.1877387115     0.5942916953
 7,34 -51.13242012 408.52931362 1546.07233201 2 0
   7,31     0.5773503000    -0.5773503000     0.5773503000
          -0.5539523154    -0.7964495682    -0.2424972528
   7,45    -0.5773503000     0.5773503000    -0.5773503000
          -0.5676668188    -0.7920811709    -0.2244143521
 7,35 -164.19752352 302.13319866 2818.30894499 2 0
   7,39    -0.5773503000     0.5773503000    -0.5773503000
          -0.7921372361    -0.5675006729     0.2246365632
   7,37     0.5773503000    -0.5773503000     0.5773503000
          -0.7921712785    -0.5673996757     0.2247716028
 7,36 183.67298860 416.73456904 6031.49236418 2 0
   7,42    -0.5773503000     0.5773503000     0.5773503000
           0.7766023086     0.1699742419     0.6066280667
   7,40     0.5773503000    -0.5773503000    -0.5773503000
           0.7826358346     0.1897965466     0.5928392880
 7,37 -132.96426672 259.23381566 2819.56941481 2 0
   7,35    -0.5773503000     0.5773503000    -0.5773503000
          -0.7921712785    -0.5673996757     0.2247716028
   7,68     0.5773503000    -0.5773503000     0.5773503000
          -0.7923642207    -0.5668256169     0.2255386037
 7,38 -191.30539291 500.98791857 1570.16521911 2 0
   3,56    -0.5773503000     0.5773503000    -0.5773503000
          -0.5756954182    -0.7892767560    -0.2135813379
   7,45     0.5773503000    -0.5773503000     0.5773503000
          -0.5687100876    -0.7917273205    -0.2230172329
 7,39 -195.07457540 344.50249041 2817.03035221 2 0
   7,32    -0.5773503000     0.5773503000    -0.5773503000
          -0.7927327753    -0.5657212229     0.2270115524
   7,35     0.5773503000    -0.5773503000     0.5773503000
          -0.7921372361    -0.5675006729     0.2246365632
 7,40 196.93199536 354.31373983 6038.43711108 2 0
   7,50     0.5773503000    -0.5773503000    -0.5773503000
           0.7497695123     0.0949128669     0.6548566455
   7,36    -0.5773503000     0.5773503000     0.5773503000
           0.7826358346     0.1897965466     0.5928392880
 7,41 -214.45424777 273.59236362 2289.41978315 2 0
   3,52    -0.5773503000     0.5773503000     0.5773503000
           0.7789567803     0.6014211911     0.1775355892
   7,70     0.5773503000    -0.5773503000    -0.5773503000
           0.7912785413     0.5700201830     0.2212583583
 7,42 175.03689173 469.83176947 6025.24061022 2 0
   7,36     0.5773503000    -0.5773503000    -0.5773503000
           0.7766023086     0.1699742419     0.6066280667
   7,33    -0.5773503000     0.5773503000     0.5773503000
           0.7820304068     0.1877387115     0.5942916953
 7,43 141.86054127 336.68730153 1525.63195695 2 0
   7,29    -0.5773503000     0.5773503000    -0.5773503000
          -0.2095420960    -0.7881955738    -0.5786534779
   7,46     0.5773503000    -0.5773503000     0.5773503000
          -0.1909825289    -0.7829825409    -0.5920000120
 7,44 187.70645905 830.68851585 5993.11252715 1 1
   7,30     0.5773503000    -0.5773503000    -0.5773503000
           0.6221511015    -0.1468502131     0.7690013146
 7,45 -130.82638700 460.33749853 1560.72137098 2 0
   7,38    -0.5773503000     0.5773503000    -0.5773503000
          -0.5687100876    -0.7917273205    -0.2230172329
   7,34     0.5773503000    -0.5773503000     0.5773503000
          -0.5676668188    -0.7920811709    -0.2244143521
 7,46 208.28946375 322.65814601 1522.81315634 2 0
   7,16     0.5773503000    -0.5773503000     0.5773503000
          -0.1913381491    -0.7830861856    -0.5917480365
   7,43    -0.5773503000     0.5773503000    -0.5773503000
          -0.1909825289    -0.7829825409    -0.5920000120
 7,47 49.55111528 241.77790963 -89.53418971 2 0
   7,81    -0.5773503000    -0.5773503000     0.5773503000
          -0.5733547502     0.7901138138     0.2167590636
   7,52     0.5773503000     0.5773503000    -0.5773503000
          -0.6511783421     0.7521745378     0.1009961957
 7,48 165.58938928 345.92448150 -101.35227267 4 0
   7,51     0.5773503000    -0.5773503000    -0.5773503000
           0.1844189398     0.7810434419    -0.5966245021
   7,49    -0.5773503000     0.5773503000     0.5773503000
           0.7894342988     0.5752583245     0.2141759743
   7,71     0.5773503000     0.5773503000    -0.5773503000
          -0.7597095139     0.6389514394    -0.1207580745
   7,53    -0.5773503000    -0.5773503000     0.5773503000
          -0.6676317161     0.7408796353     0.0732479192
 7,49 166.28098460 346.55717962 -103.32623214 1 1
   7,48     0.5773503000    -0.5773503000    -0.5773503000
           0.7894342988     0.5752583245     0.2141759743
 7,50 218.75361151 301.62569138 6048.75237496 2 0
   7,40    -0.5773503000     0.5773503000     0.5773503000
           0.7497695123     0.0949128669     0.6548566455
   7,113     0.5773503000    -0.5773503000    -0.5773503000
           0.7479805669     0.0904522724     0.6575282945
 7,51 166.28096383 346.55722241 -103.32622640 1 1
   7,48    -0.5773503000     0.5773503000     0.5773503000
           0.1844189398     0.7810434419    -0.5966245021
 7,52 91.19046726 278.10574190 -94.97603914 2 0
   7,47    -0.5773503000    -0.5773503000     0.5773503000
          -0.6511783421     0.7521745378     0.1009961957
   7,53     0.5773503000     0.5773503000    -0.5773503000
          -0.6661525291     0.7419535150     0.0758009859
 7,53 129.25935049 312.86456248 -99.56576251 2 0
   7,52    -0.5773503000    -0.5773503000     0.5773503000
          -0.6661525291     0.7419535150     0.0758009859
   7,48     0.5773503000     0.5773503000    -0.5773503000
          -0.6676317161     0.7408796353     0.0732479192
 7,54 177.70417937 448.88224697 -4388.22909578 2 0
   7,26     0.5773503000     0.5773503000    -0.5773503000
          -0.7916272185     0.5690035633    -0.2226236552
   7,55    -0.5773503000    -0.5773503000     0.5773503000
          -0.7824670446     0.5932458809    -0.1892211637
 7,55 139.20381442 395.59370208 -4387.52773693 2 0
   7,56    -0.5773503000    -0.5773503000     0.5773503000
          -0.2812024269     0.8044490095     0.5232465826
   7,54     0.5773503000     0.5773503000    -0.5773503000
          -0.7824670446     0.5932458809    -0.1892211637
 7,56 98.94515781 339.57310905 -4387.45298692 2 0
   7,55     0.5773503000     0.5773503000    -0.5773503000
          -0.2812024269     0.8044490095     0.5232465826
   7,57    -0.5773503000    -0.5773503000     0.5773503000
           0.2889212835     0.5168965756     0.8058178591
 7,57 57.88793782 282.28690063 -4387.96815875 2 0
   7,56     0.5773503000     0.5773503000    -0.5773503000
           0.2889212835     0.5168965756     0.8058178591
   7,98    -0.5773503000    -0.5773503000     0.5773503000
           0.8158585732    -0.3799812734     0.4358772997
 7,58 152.59674559 -90.53788646 2264.46450616 2 0
   7,17     0.5773503000    -0.5773503000    -0.5773503000
           0.6059493158     0.7769146014    -0.1709652855
   7,60    -0.5773503000     0.5773503000     0.5773503000
           0.6074715367     0.7762119572    -0.1687404205
 7,59 171.54776192 -99.33503542 2820.29618120 2 0
   7,61    -0.5773503000     0.5773503000    -0.5773503000
          -0.5817059837    -0.7870521569    -0.2053461731
   7,4     0.5773503000    -0.5773503000     0.5773503000
          -0.5876231855    -0.7847537929    -0.1971306074
 7,60 81.57721995 -36.23515464 2268.86621462 2 0
   7,58     0.5773503000    -0.5773503000    -0.5773503000
           0.6074715367     0.7762119572    -0.1687404205
   7,74    -0.5773503000     0.5773503000     0.5773503000
           0.6120403867     0.7740532304    -0.1620128438
 7,61 122.59247551 -61.75363829 2820.40550101 2 0
   7,62    -0.5773503000     0.5773503000    -0.5773503000
           0.0108923418    -0.7015976875    -0.7124900293
   7,59     0.5773503000    -0.5773503000     0.5773503000
          -0.5817059837    -0.7870521569    -0.2053461731
 7,62 76.77733761 -21.04926470 2821.47824345 2 0
   7,61     0.5773503000    -0.5773503000     0.5773503000
           0.0108923418    -0.7015976875    -0.7124900293
   7,64    -0.5773503000     0.5773503000    -0.5773503000
          -0.7667011719    -0.1401901765     0.6265109954
 7,63 3.32701675 26.58623303 2273.36160998 2 0
   7,74     0.5773503000    -0.5773503000    -0.5773503000
           0.6583620276     0.7474148963    -0.0890528687
   7,65    -0.5773503000     0.5773503000     0.5773503000
           0.6358528280     0.7615122409    -0.1256594130
 7,64 34.76447206 29.08809215 2822.52670897 2 0
   7,62     0.5773503000    -0.5773503000     0.5773503000
          -0.7667011719    -0.1401901765     0.6265109954
   7,66    -0.5773503000     0.5773503000    -0.5773503000
          -0.7939618193    -0.5619611269     0.2320006925
 7,65 -43.01865180 70.19367762 2275.77369582 2 0
   7,67    -0.5773503000     0.5773503000     0.5773503000
           0.7093399869     0.7048522135     0.0044877734
   7,63     0.5773503000    -0.5773503000    -0.5773503000
           0.6358528280     0.7615122409    -0.1256594130
 7,66 -10.35744597 90.43539947 2822.68434110 2 0
   7,73    -0.5773503000     0.5773503000    -0.5773503000
          -0.7923635656    -0.5668275707     0.2255359949
   7,64     0.5773503000    -0.5773503000     0.5773503000
          -0.7939618193    -0.5619611269     0.2320006925
 7,67 -102.02643529 130.59176303 2279.11351132 2 0
   7,70    -0.5773503000     0.5773503000     0.5773503000
           0.7604721973     0.6376492449     0.1228229524
   7,65     0.5773503000    -0.5773503000    -0.5773503000
           0.7093399869     0.7048522135     0.0044877734
 7,68 -99.51388375 213.24590637 2820.87906796 2 0
   7,37    -0.5773503000     0.5773503000    -0.5773503000
          -0.7923642207    -0.5668256169     0.2255386037
   7,73     0.5773503000    -0.5773503000     0.5773503000
          -0.7928662081    -0.5653188109     0.2275473972
 7,69 381.94282032 619.44613538 -115.93883028 2 0
   7,78    -0.5773503000    -0.5773503000     0.5773503000
          -0.7886399275     0.5774464188    -0.2111935087
   7,76     0.5773503000     0.5773503000    -0.5773503000
          -0.7897932985     0.5742563695    -0.2155369290
 7,70 -159.14415790 200.51431595 2283.88498793 2 0
   7,41    -0.5773503000     0.5773503000     0.5773503000
           0.7912785413     0.5700201830     0.2212583583
   7,67     0.5773503000    -0.5773503000    -0.5773503000
           0.7604721973     0.6376492449     0.1228229524
 7,71 227.38517022 418.57581527 -108.57438903 2 0
   7,72     0.5773503000     0.5773503000    -0.5773503000
          -0.7868298093     0.5822908915    -0.2045389177
   7,48    -0.5773503000    -0.5773503000     0.5773503000
          -0.7597095139     0.6389514394    -0.1207580745
 7,72 275.64353964 477.55197791 -111.12586081 2 0
   7,78     0.5773503000     0.5773503000    -0.5773503000
           0.7424678618    -0.0770297404     0.6654381213
   7,71    -0.5773503000    -0.5773503000     0.5773503000
          -0.7868298093     0.5822908915    -0.2045389177
 7,73 -55.71407763 152.81984138 2822.19744156 2 0
   7,66     0.5773503000    -0.5773503000     0.5773503000
          -0.7923635656    -0.5668275707     0.2255359949
   7,68    -0.5773503000     0.5773503000    -0.5773503000
          -0.7928662081    -0.5653188109     0.2275473972
 7,74 44.49948739 -6.48914594 2270.98149273 2 0
   7,63    -0.5773503000     0.5773503000     0.5773503000
           0.6583620276     0.7474148963    -0.0890528687
   7,60     0.5773503000    -0.5773503000    -0.5773503000
           0.6120403867     0.7740532304    -0.1620128438
 7,75 -205.05855268 46.79069358 -53.19060576 2 0
   1,57    -0.5773503000    -0.5773503000     0.5773503000
          -0.5695757839     0.7914313265     0.2218555427
   7,80     0.5773503000     0.5773503000    -0.5773503000
          -0.5675874495     0.7921079635     0.2245205140
 7,76 420.68169082 672.63395719 -116.95574884 2 0
   7,77     0.5773503000     0.5773503000    -0.5773503000
           0.0000000000     0.0000000000     0.0000000000
   7,69    -0.5773503000    -0.5773503000     0.5773503000
          -0.7897932985     0.5742563695    -0.2155369290
 7,77 462.86113609 731.05401769 -117.21309571 1 1
   7,76    -0.5773503000    -0.5773503000     0.5773503000
           0.0000000000     0.0000000000     0.0000000000
 7,78 325.16981711 542.27105310 -113.50234358 2 0
   7,72    -0.5773503000    -0.5773503000     0.5773503000
           0.7424678618    -0.0770297404     0.6654381213
   7,69     0.5773503000     0.5773503000    -0.5773503000
          -0.7886399275     0.5774464188    -0.2111935087
 7,79 -99.77157591 126.72291449 -68.46568834 2 0
   7,80    -0.5773503000    -0.5773503000     0.5773503000
          -0.5865488659     0.7851792215     0.1986303556
   7,82     0.5773503000     0.5773503000    -0.5773503000
          -0.5669868142     0.7923101368     0.2253233226
 7,80 -149.60987907 88.88942899 -61.29956468 2 0
   7,79     0.5773503000     0.5773503000    -0.5773503000
          -0.5865488659     0.7851792215     0.1986303556
   7,75    -0.5773503000    -0.5773503000     0.5773503000
          -0.5675874495     0.7921079635     0.2245205140
 7,81 3.86713237 205.68917628 -83.07726746 2 0
   7,82    -0.5773503000    -0.5773503000     0.5773503000
          -0.5692302266     0.7915497361     0.2223195095
   7,47     0.5773503000     0.5773503000    -0.5773503000
          -0.5733547502     0.7901138138     0.2167590636
 7,82 -53.39577828 161.92405899 -74.97192135 2 0
   7,79    -0.5773503000    -0.5773503000     0.5773503000
          -0.5669868142     0.7923101368     0.2253233226
   7,81     0.5773503000     0.5773503000    -0.5773503000
          -0.5692302266     0.7915497361     0.2223195095
 7,83 -226.31294790 165.17178699 -1050.35820566 2 0
   1,86    -0.5773503000     0.5773503000     0.5773503000
           0.7878345664     0.5796254468     0.2082091196
   7,84     0.5773503000    -0.5773503000    -0.5773503000
           0.7874897972     0.5805465702     0.2069432270
 7,84 -171.15179172 91.56672882 -1055.24110541 2 0
   7,88     0.5773503000    -0.5773503000    -0.5773503000
           0.7883333792     0.5782804111     0.2100529681
   7,83    -0.5773503000     0.5773503000     0.5773503000
           0.7874897972     0.5805465702     0.2069432270
 7,85 -70.77104808 -43.89061845 -1065.52623303 2 0
   7,88    -0.5773503000     0.5773503000     0.5773503000
           0.7888699262     0.5768169241     0.2120530021
   7,87     0.5773503000    -0.5773503000    -0.5773503000
           0.7910122885     0.5707906833     0.2202216052
 7,86 5.16928119 -145.77852570 -1074.57767780 2 0
   7,89     0.5773503000    -0.5773503000    -0.5773503000
          -0.3023703432    -0.8080178228     0.5056474796
   7,87    -0.5773503000     0.5773503000     0.5773503000
           0.7899885853     0.5737078240     0.2162807614
 7,87 -38.00708920 -87.85695076 -1069.25730374 2 0
   7,86     0.5773503000    -0.5773503000    -0.5773503000
           0.7899885853     0.5737078240     0.2162807614
   7,85    -0.5773503000     0.5773503000     0.5773503000
           0.7910122885     0.5707906833     0.2202216052
 7,88 -117.21612181 18.94024317 -1060.51411227 2 0
   7,85     0.5773503000    -0.5773503000    -0.5773503000
           0.7888699262     0.5768169241     0.2120530021
   7,84    -0.5773503000     0.5773503000     0.5773503000
           0.7883333792     0.5782804111     0.2100529681
 7,89 49.42401467 -204.79930408 -1080.45030450 2 0
   4,13     0.5773503000    -0.5773503000    -0.5773503000
          -0.3023703432    -0.8080178228     0.5056474796
   7,86    -0.5773503000     0.5773503000     0.5773503000
          -0.3023703432    -0.8080178228     0.5056474796
 7,90 -36.31113276 149.72278732 -4390.53087212 2 0
   7,98     0.5773503000     0.5773503000    -0.5773503000
          -0.7954766901     0.5571517278    -0.2383249623
   7,91    -0.5773503000    -0.5773503000     0.5773503000
          -0.7925081373     0.5663955959    -0.2261125414
 7,91 -72.93427818 97.97134244 -4391.46021186 2 0
   7,92    -0.5773503000    -0.5773503000     0.5773503000
          -0.8051349014     0.5201188989    -0.2850160025
   7,90     0.5773503000     0.5773503000    -0.5773503000
          -0.7925081373     0.5663955959    -0.2261125414
 7,92 -114.30639641 40.18127885 -4391.33521246 2 0
   7,91     0.5773503000     0.5773503000    -0.5773503000
          -0.8051349014     0.5201188989    -0.2850160025
   7,93    -0.5773503000    -0.5773503000     0.5773503000
          -0.7891064487     0.5761661630    -0.2129402857
 7,93 -146.55100364 -3.34652351 -4389.58707783 2 0
   7,92     0.5773503000     0.5773503000    -0.5773503000
          -0.7891064487     0.5761661630    -0.2129402857
   7,97    -0.5773503000    -0.5773503000     0.5773503000
          -0.7910341994     0.5707274635    -0.2203067359
 7,94 -104.36549260 -201.67622018 -4393.97820798 2 0
   4,30     0.5773503000    -0.5773503000     0.5773503000
          -0.7868402435    -0.5822635050     0.2045767385
   7,96    -0.5773503000     0.5773503000    -0.5773503000
          -0.7939305099    -0.5620584381     0.2318720717
 7,95 -196.32986671 -75.96407709 -4400.85116877 2 0
   0,44    -0.5773503000     0.5773503000    -0.5773503000
          -0.7739891019    -0.6121737075     0.1618153944
   7,96     0.5773503000    -0.5773503000     0.5773503000
          -0.7739399773    -0.6122757446     0.1616642326
 7,96 -144.10757411 -145.48167924 -4393.70123855 2 0
   7,94     0.5773503000    -0.5773503000     0.5773503000
          -0.7939305099    -0.5620584381     0.2318720717
   7,95    -0.5773503000     0.5773503000    -0.5773503000
          -0.7739399773    -0.6122757446     0.1616642326
 7,97 -184.47764667 -49.71278161 -4384.07570109 2 0
   7,93     0.5773503000     0.5773503000    -0.5773503000
          -0.7910341994     0.5707274635    -0.2203067359
   0,45    -0.5773503000    -0.5773503000     0.5773503000
          -0.7827376468     0.5925934049    -0.1901442419
 7,98 16.64250969 224.35863040 -4388.88324025 2 0
   7,57     0.5773503000     0.5773503000    -0.5773503000
           0.8158585732    -0.3799812734     0.4358772997
   7,90    -0.5773503000    -0.5773503000     0.5773503000
          -0.7954766901     0.5571517278    -0.2383249623
 7,99 -225.74664167 -54.28637064 -3399.29451080 2 0
   0,94    -0.5773503000     0.5773503000     0.5773503000
           0.5269443265     0.8036084957    -0.2766641692
   7,100     0.5773503000    -0.5773503000    -0.5773503000
           0.5151768663     0.8061726084    -0.2909957421
 7,100 -151.33719422 -105.79691527 -3378.14759762 2 0
   7,101     0.5773503000    -0.5773503000    -0.5773503000
          -0.1933341564     0.5903310499    -0.7836652063
   7,99    -0.5773503000     0.5773503000     0.5773503000
           0.5151768663     0.8061726084    -0.2909957421
 7,101 -113.61333874 -140.86521708 -3364.70715170 2 0
   7,102     0.5773503000    -0.5773503000    -0.5773503000
           0.8003385409     0.5401466435     0.2601918974
   7,100    -0.5773503000     0.5773503000     0.5773503000
          -0.1933341564     0.5903310499    -0.7836652063
 7,102 -81.92926640 -180.82869058 -3351.74347698 2 0
   7,101    -0.5773503000     0.5773503000     0.5773503000
           0.8003385409     0.5401466435     0.2601918974
   4,52     0.5773503000    -0.5773503000    -0.5773503000
           0.7876822974     0.5800331162     0.2076491812
 7,113 264.99450581 262.63087967 6064.04695646 2 0
   7,7     0.5773503000    -0.5773503000    -0.5773503000
           0.1208332287     0.7597373549    -0.6389041262
   7,50    -0.5773503000     0.5773503000     0.5773503000
           0.7479805669     0.0904522724     0.6575282945
