#
#	ParaDiS nodal data file
#

#
#	File version number
#

3

#
#	Number of data file segments
#

1

#
#	Minimum coordinate values (x, y, z)
#

-8750.0000     -8750.0000     -8750.0000    

#
#	Maximum coordinate values (x, y, z)
#

8750.0000      8750.0000      8750.0000     

#
#	Node count
#

217         

#
#	Domain geometry (x, y, z)
#

2   2   2  

#
#	Domain decomposition type
#

1

#
#	Domain boundaries (x, y, z)
#

  -8750.0000
      -8750.0000
          -8750.0000
          -3583.9126
           8750.0000
        224.3590
          -8750.0000
           -613.7402
           8750.0000
       8750.0000
   -240.2164
      -8750.0000
          -8750.0000
          -3260.7503
           8750.0000
       -224.3590
          -8750.0000
          -4507.6158
           8750.0000
       8750.0000
   8750.0000

#
#	Primary lines: node_tag, x, y, z, num_arms, constraint
#	Secondary lines: arm_tag, burgx, burgy, burgz, nx, ny, nz
#

 0,1 -617.94803773 -435.38065234 -4315.82192935 2 0
   0,9    -0.5773503000    -0.5773503000     0.5773503000
          -0.5796906604     0.7878102423     0.2081195819
   0,3     0.5773503000     0.5773503000    -0.5773503000
          -0.5656677911     0.7927505187     0.2270827276
 0,3 -570.83306345 -400.41395308 -4318.98031073 2 0
   0,4     0.5773503000     0.5773503000    -0.5773503000
          -0.5796906604     0.7878102423     0.2081195819
   0,1    -0.5773503000    -0.5773503000     0.5773503000
          -0.5656677911     0.7927505187     0.2270827276
 0,4 -516.18218926 -359.25689737 -4324.27651300 2 0
   0,3    -0.5773503000    -0.5773503000     0.5773503000
          -0.5796906604     0.7878102423     0.2081195819
   0,8     0.5773503000     0.5773503000    -0.5773503000
          -0.5617497823     0.7940297280     0.2322799457
 0,8 -452.50237534 -310.35687578 -4332.45609367 2 0
   0,4    -0.5773503000    -0.5773503000     0.5773503000
          -0.5617497823     0.7940297280     0.2322799457
   0,17     0.5773503000     0.5773503000    -0.5773503000
          -0.5624570021     0.7938019988     0.2313449967
 0,9 -659.51440127 -465.82769371 -4314.24954656 2 0
   0,1     0.5773503000     0.5773503000    -0.5773503000
          -0.5796906604     0.7878102423     0.2081195819
   0,12    -0.5773503000    -0.5773503000     0.5773503000
          -0.5796906604     0.7878102423     0.2081195819
 0,11 -258.35186311 -544.30941990 -5361.39033286 2 0
   4,4     0.5773503000     0.5773503000    -0.5773503000
           0.7176211555    -0.0215200385     0.6961011170
   0,24    -0.5773503000    -0.5773503000     0.5773503000
           0.6080731325     0.1678588662     0.7759319987
 0,12 -705.13649562 -498.81977712 -4313.85767836 1 1
   0,9     0.5773503000     0.5773503000    -0.5773503000
          -0.5796906604     0.7878102423     0.2081195819
 0,13 -851.02328650 -101.56698827 -7312.21488633 1 1
   0,15     0.5773503000     0.5773503000     0.5773503000
           0.5702569561    -0.7911969052     0.2209399491
 0,14 -685.77013800 -64.14033132 -7314.77094969 2 0
   0,18    -0.5773503000    -0.5773503000    -0.5773503000
           0.1836237615    -0.7808051577     0.5971813962
   0,21     0.5773503000     0.5773503000     0.5773503000
           0.1962381182    -0.7844993842     0.5882612660
 0,15 -797.72181285 -89.10985810 -7312.38399709 2 0
   0,13    -0.5773503000    -0.5773503000    -0.5773503000
           0.5702569561    -0.7911969052     0.2209399491
   0,18     0.5773503000     0.5773503000     0.5773503000
           0.1843600504    -0.7810258199     0.5966657695
 0,16 -377.73632468 -706.80273881 -5353.36142728 2 0
   0,20     0.5773503000     0.5773503000    -0.5773503000
           0.7285925213    -0.0451337574     0.6834587639
   0,19    -0.5773503000    -0.5773503000     0.5773503000
          -0.7909968679     0.5708351563    -0.2201617116
 0,17 -383.69717635 -255.57956630 -4343.38488783 2 0
   0,8    -0.5773503000    -0.5773503000     0.5773503000
          -0.5624570021     0.7938019988     0.2313449967
   0,28     0.5773503000     0.5773503000    -0.5773503000
          -0.5665858263     0.7924445370     0.2258587107
 0,18 -743.15302677 -76.70122027 -7313.23642806 2 0
   0,15    -0.5773503000    -0.5773503000    -0.5773503000
           0.1843600504    -0.7810258199     0.5966657695
   0,14     0.5773503000     0.5773503000     0.5773503000
           0.1836237615    -0.7808051577     0.5971813962
 0,19 -418.44493327 -763.06740539 -5352.80621922 1 1
   0,16     0.5773503000     0.5773503000    -0.5773503000
          -0.7909968679     0.5708351563    -0.2201617116
 0,20 -340.02272154 -655.11410461 -5354.99163587 2 0
   0,24     0.5773503000     0.5773503000    -0.5773503000
           0.0000000000     0.0000000000     0.0000000000
   0,16    -0.5773503000    -0.5773503000     0.5773503000
           0.7285925213    -0.0451337574     0.6834587639
 0,21 -630.55805642 -52.59693419 -7317.05716332 2 0
   0,14    -0.5773503000    -0.5773503000    -0.5773503000
           0.1962381182    -0.7844993842     0.5882612660
   0,22     0.5773503000     0.5773503000     0.5773503000
           0.1886240179    -0.7822914671     0.5936674493
 0,22 -548.14595335 -36.37949705 -7322.29529854 2 0
   0,23     0.5773503000     0.5773503000     0.5773503000
           0.1879386887    -0.7820894552     0.5941507665
   0,21    -0.5773503000    -0.5773503000    -0.5773503000
           0.1886240179    -0.7822914671     0.5936674493
 0,23 -498.26058876 -26.56560011 -7327.16538777 2 0
   0,25     0.5773503000     0.5773503000     0.5773503000
           0.1849046073    -0.7811886209     0.5962840135
   0,22    -0.5773503000    -0.5773503000    -0.5773503000
           0.1879386887    -0.7820894552     0.5941507665
 0,24 -299.70080435 -600.29113899 -5357.73681150 2 0
   0,20    -0.5773503000    -0.5773503000     0.5773503000
           0.0000000000     0.0000000000     0.0000000000
   0,11     0.5773503000     0.5773503000    -0.5773503000
           0.6080731325     0.1678588662     0.7759319987
 0,25 -441.53274297 -13.71018816 -7335.49162384 2 0
   0,23    -0.5773503000    -0.5773503000    -0.5773503000
           0.1849046073    -0.7811886209     0.5962840135
   0,26     0.5773503000     0.5773503000     0.5773503000
          -0.2785771078    -0.5253888838     0.8039659917
 0,26 -391.98181938 2.61343622 -7347.04753657 2 0
   0,25    -0.5773503000    -0.5773503000    -0.5773503000
          -0.2785771078    -0.5253888838     0.8039659917
   0,27     0.5773503000     0.5773503000     0.5773503000
           0.5650576422    -0.7929525625     0.2278949203
 0,27 -345.46902324 25.48906899 -7362.30415712 2 0
   0,29     0.5773503000     0.5773503000     0.5773503000
           0.5456929950    -0.7988354388     0.2531424438
   0,26    -0.5773503000    -0.5773503000    -0.5773503000
           0.5650576422    -0.7929525625     0.2278949203
 0,28 -328.35725403 -207.66109693 -4352.90863239 2 0
   0,30     0.5773503000     0.5773503000    -0.5773503000
          -0.8100957332     0.3166811462    -0.4934145870
   0,17    -0.5773503000    -0.5773503000     0.5773503000
          -0.5665858263     0.7924445370     0.2258587107
 0,29 -300.61901919 59.14946985 -7381.85171517 2 0
   0,31     0.5773503000     0.5773503000     0.5773503000
           0.7820607447    -0.5942193083    -0.1878414364
   0,27    -0.5773503000    -0.5773503000    -0.5773503000
           0.5456929950    -0.7988354388     0.2531424438
 0,30 -285.64776603 -164.87258759 -4360.45008430 2 0
   0,28    -0.5773503000    -0.5773503000     0.5773503000
          -0.8100957332     0.3166811462    -0.4934145870
   0,32     0.5773503000     0.5773503000    -0.5773503000
          -0.7763201044     0.6072383980    -0.1690817064
 0,31 -270.86024720 98.52406505 -7399.19581910 2 0
   0,33     0.5773503000     0.5773503000     0.5773503000
          -0.4442052658     0.8154080023    -0.3712027366
   0,29    -0.5773503000    -0.5773503000    -0.5773503000
           0.7820607447    -0.5942193083    -0.1878414364
 0,32 -252.12612903 -126.33254955 -4366.74800995 2 0
   7,49     0.5773503000     0.5773503000    -0.5773503000
          -0.7827376468     0.5925934049    -0.1901442419
   0,30    -0.5773503000    -0.5773503000     0.5773503000
          -0.7763201044     0.6072383980    -0.1690817064
 0,33 -248.04865163 143.64437630 -7414.68580859 2 0
   6,30     0.5773503000     0.5773503000     0.5773503000
           0.7865411388    -0.2034949711    -0.5830461677
   0,31    -0.5773503000    -0.5773503000    -0.5773503000
          -0.4442052658     0.8154080023    -0.3712027366
 1,0 -809.27982804 -278.39511592 -110.84656544 1 1
   1,104     0.5773503000     0.5773503000    -0.5773503000
          -0.5702604957     0.7911956836     0.2209351880
 1,17 -697.94283852 -249.96013080 -113.65062725 2 0
   1,35     0.5773503000     0.5773503000    -0.5773503000
          -0.1845435599     0.7810807200     0.5965371601
   1,104    -0.5773503000    -0.5773503000     0.5773503000
          -0.1843712589     0.7810291742     0.5966579154
 1,21 -313.09274717 -324.49222116 -1099.40535460 1 1
   1,38     0.5773503000    -0.5773503000     0.5773503000
           0.1407408164    -0.6261523961    -0.7668932125
 1,28 -371.00367660 56.10647970 -3378.45534426 1 1
   1,29     0.5773503000    -0.5773503000    -0.5773503000
           0.2002926080     0.7856476923    -0.5853550843
 1,29 -312.57502986 18.36482986 -3363.15129333 2 0
   1,30     0.5773503000    -0.5773503000    -0.5773503000
           0.5269443265     0.8036084957    -0.2766641692
   1,28    -0.5773503000     0.5773503000     0.5773503000
           0.2002926080     0.7856476923    -0.5853550843
 1,30 -269.01432880 -10.41492495 -3351.17928323 2 0
   1,29    -0.5773503000     0.5773503000     0.5773503000
           0.5269443265     0.8036084957    -0.2766641692
   7,51     0.5773503000    -0.5773503000    -0.5773503000
           0.5151768663     0.8061726084    -0.2909957421
 1,35 -603.12991405 -221.19712305 -119.12457933 2 0
   1,36     0.5773503000     0.5773503000    -0.5773503000
          -0.5870063692     0.7849984968     0.1979921276
   1,17    -0.5773503000    -0.5773503000     0.5773503000
          -0.1845435599     0.7810807200     0.5965371601
 1,36 -553.32673730 -188.76695781 -115.91201061 2 0
   1,35    -0.5773503000    -0.5773503000     0.5773503000
          -0.5870063692     0.7849984968     0.1979921276
   1,37     0.5773503000     0.5773503000    -0.5773503000
          -0.5664014829     0.7925061706     0.2261046876
 1,37 -503.65744833 -154.16987450 -113.10537907 2 0
   1,39     0.5773503000     0.5773503000    -0.5773503000
          -0.5704364726     0.7911349024     0.2206984298
   1,36    -0.5773503000    -0.5773503000     0.5773503000
          -0.5664014829     0.7925061706     0.2261046876
 1,38 -269.09491348 -334.61777382 -1106.02068669 2 0
   5,3     0.5773503000    -0.5773503000     0.5773503000
           0.6751451400     0.7352335814     0.0600884414
   1,21    -0.5773503000     0.5773503000    -0.5773503000
           0.1407408164    -0.6261523961    -0.7668932125
 1,39 -454.60366904 -119.71412406 -111.02993042 2 0
   1,40     0.5773503000     0.5773503000    -0.5773503000
          -0.5735935891     0.7900291424     0.2164355533
   1,37    -0.5773503000    -0.5773503000     0.5773503000
          -0.5704364726     0.7911349024     0.2206984298
 1,40 -392.37538270 -75.76967733 -109.25835297 2 0
   1,39    -0.5773503000    -0.5773503000     0.5773503000
          -0.5735935891     0.7900291424     0.2164355533
   1,41     0.5773503000     0.5773503000    -0.5773503000
          -0.5733175155     0.7901269989     0.2168094833
 1,41 -358.10944964 -51.31814586 -108.58715825 2 0
   1,42     0.5773503000     0.5773503000    -0.5773503000
          -0.5770620188     0.7887805170     0.2117184982
   1,40    -0.5773503000    -0.5773503000     0.5773503000
          -0.5733175155     0.7901269989     0.2168094833
 1,42 -288.16663482 -0.84940113 -107.76289319 2 0
   1,41    -0.5773503000    -0.5773503000     0.5773503000
          -0.5770620188     0.7887805170     0.2117184982
   1,58     0.5773503000     0.5773503000    -0.5773503000
          -0.6127801673     0.7736965676     0.1609164002
 1,43 -276.28159137 180.95732591 -909.58566012 2 0
   7,73     0.5773503000    -0.5773503000    -0.5773503000
           0.7874897972     0.5805465702     0.2069432270
   2,14    -0.5773503000     0.5773503000     0.5773503000
           0.7874616246     0.5806215352     0.2068400894
 1,58 -240.90998612 34.72844841 -107.31554132 2 0
   1,42    -0.5773503000    -0.5773503000     0.5773503000
          -0.6127801673     0.7736965676     0.1609164002
   7,69     0.5773503000     0.5773503000    -0.5773503000
          -0.5681279395     0.7919251548     0.2237972153
 1,104 -758.09246573 -265.90707316 -111.37518103 2 0
   1,0    -0.5773503000    -0.5773503000     0.5773503000
          -0.5702604957     0.7911956836     0.2209351880
   1,17     0.5773503000     0.5773503000    -0.5773503000
          -0.1843712589     0.7810291742     0.5966579154
 2,3 -653.07162647 571.05592438 -907.69481045 1 1
   2,9     0.5773503000    -0.5773503000    -0.5773503000
           0.5619485144     0.7939658754    -0.2320173611
 2,9 -583.18559862 520.90795909 -906.87214056 2 0
   2,10     0.5773503000    -0.5773503000    -0.5773503000
           0.5526339328     0.7968424723    -0.2442085395
   2,3    -0.5773503000     0.5773503000     0.5773503000
           0.5619485144     0.7939658754    -0.2320173611
 2,10 -560.82506565 504.20931873 -906.54053298 2 0
   2,9    -0.5773503000     0.5773503000     0.5773503000
           0.5526339328     0.7968424723    -0.2442085395
   2,11     0.5773503000    -0.5773503000    -0.5773503000
           0.5765981207     0.7889495926    -0.2123514719
 2,11 -492.59608276 450.69747104 -905.32698010 2 0
   2,12     0.5773503000    -0.5773503000    -0.5773503000
          -0.4647762896    -0.8137548539     0.3489785643
   2,10    -0.5773503000     0.5773503000     0.5773503000
           0.5765981207     0.7889495926    -0.2123514719
 2,12 -452.93282175 412.37270203 -904.19193810 2 0
   2,15     0.5773503000    -0.5773503000    -0.5773503000
          -0.4647762896    -0.8137548539     0.3489785643
   2,11    -0.5773503000     0.5773503000     0.5773503000
          -0.4647762896    -0.8137548539     0.3489785643
 2,13 -351.98250392 283.12521112 -904.99637008 2 0
   2,15    -0.5773503000     0.5773503000     0.5773503000
           0.7872297566     0.5812367926     0.2059929640
   2,14     0.5773503000    -0.5773503000    -0.5773503000
           0.7872862065     0.5810872863     0.2061989202
 2,14 -322.74446885 243.66583755 -906.37691011 2 0
   1,43     0.5773503000    -0.5773503000    -0.5773503000
           0.7874616246     0.5806215352     0.2068400894
   2,13    -0.5773503000     0.5773503000     0.5773503000
           0.7872862065     0.5810872863     0.2061989202
 2,15 -411.19912259 362.76676719 -903.61562966 2 0
   2,12    -0.5773503000     0.5773503000     0.5773503000
          -0.4647762896    -0.8137548539     0.3489785643
   2,13     0.5773503000    -0.5773503000    -0.5773503000
           0.7872297566     0.5812367926     0.2059929640
 3,16 -473.04608605 723.71312110 2799.14744799 1 1
   3,37     0.5773503000    -0.5773503000     0.5773503000
          -0.7911905149    -0.5702754705     0.2209150444
 3,17 -374.42291462 587.37390679 2800.52936877 2 0
   3,25    -0.5773503000     0.5773503000    -0.5773503000
          -0.7924487377    -0.5665732713     0.2258754665
   3,32     0.5773503000    -0.5773503000     0.5773503000
          -0.7924475675    -0.5665767691     0.2258707984
 3,25 -409.60938757 635.86636075 2799.62279204 2 0
   3,37    -0.5773503000     0.5773503000    -0.5773503000
          -0.6446558763     0.1116237882     0.7562796646
   3,17     0.5773503000    -0.5773503000     0.5773503000
          -0.7924487377    -0.5665732713     0.2258754665
 3,32 -335.62572543 534.01614839 2801.84432829 2 0
   3,44     0.5773503000    -0.5773503000     0.5773503000
          -0.7931087782    -0.5645837005     0.2285250777
   3,17    -0.5773503000     0.5773503000    -0.5773503000
          -0.7924475675    -0.5665767691     0.2258707984
 3,33 -263.37742253 434.81131096 2804.83375021 2 0
   7,30     0.5773503000    -0.5773503000     0.5773503000
          -0.7943389727    -0.5607824362     0.2335565364
   3,44    -0.5773503000     0.5773503000    -0.5773503000
          -0.7930854696    -0.5646545383     0.2284309312
 3,37 -437.32175974 674.17664856 2799.21660951 2 0
   3,25     0.5773503000    -0.5773503000     0.5773503000
          -0.6446558763     0.1116237882     0.7562796646
   3,16    -0.5773503000     0.5773503000    -0.5773503000
          -0.7911905149    -0.5702754705     0.2209150444
 3,44 -298.38645260 482.86361727 2803.32372017 2 0
   3,32    -0.5773503000     0.5773503000    -0.5773503000
          -0.7931087782    -0.5645837005     0.2285250777
   3,33     0.5773503000    -0.5773503000     0.5773503000
          -0.7930854696    -0.5646545383     0.2284309312
 3,53 -242.81854139 286.12609918 2363.30892227 1 1
   7,23     0.5773503000    -0.5773503000    -0.5773503000
           0.7845524567     0.5881284226     0.1964240341
 4,0 607.33132260 -239.80473994 -8750.00000000 1 1
   4,9     0.5773503000    -0.5773503000     0.5773503000
           0.7069372599     0.7072761806     0.0003389207
 4,1 -148.35386424 -395.96429903 -5372.50875507 2 0
   4,5    -0.5773503000    -0.5773503000     0.5773503000
           0.7285925212    -0.0451337574     0.6834587639
   4,2     0.5773503000     0.5773503000    -0.5773503000
           0.7176211554    -0.0215200383     0.6961011171
 4,2 -114.61987951 -350.59581934 -5376.08538568 2 0
   4,3     0.5773503000     0.5773503000    -0.5773503000
           0.0000000000     0.0000000000     0.0000000000
   4,1    -0.5773503000    -0.5773503000     0.5773503000
           0.7176211554    -0.0215200383     0.6961011171
 4,3 -79.59919429 -303.52125471 -5379.87008741 2 0
   4,2    -0.5773503000    -0.5773503000     0.5773503000
           0.0000000000     0.0000000000     0.0000000000
   4,6     0.5773503000     0.5773503000    -0.5773503000
          -0.7923244928     0.5669440475    -0.2253804453
 4,4 -219.15021646 -491.34363539 -5365.26244021 2 0
   0,11    -0.5773503000    -0.5773503000     0.5773503000
           0.7176211555    -0.0215200385     0.6961011170
   4,5     0.5773503000     0.5773503000    -0.5773503000
           0.7176211554    -0.0215200383     0.6961011171
 4,5 -184.28932085 -444.33448563 -5368.79285008 2 0
   4,1     0.5773503000     0.5773503000    -0.5773503000
           0.7285925212    -0.0451337574     0.6834587639
   4,4    -0.5773503000    -0.5773503000     0.5773503000
           0.7176211554    -0.0215200383     0.6961011171
 4,6 -39.16330436 -249.33467522 -5384.25832403 2 0
   6,29     0.5773503000     0.5773503000    -0.5773503000
          -0.7905395765     0.5721465350    -0.2183930415
   4,3    -0.5773503000    -0.5773503000     0.5773503000
          -0.7923244928     0.5669440475    -0.2253804453
 4,7 622.68483136 -252.32962147 -8244.77828208 2 0
   4,28     0.5773503000    -0.5773503000     0.5773503000
          -0.2740919346     0.5290285094     0.8031204440
   4,61    -0.5773503000     0.5773503000    -0.5773503000
           0.7133500095     0.7006936423    -0.0126563672
 4,8 615.22769439 -247.27734779 -8419.48384631 2 0
   4,61     0.5773503000    -0.5773503000     0.5773503000
          -0.2740919346     0.5290285094     0.8031204440
   4,30    -0.5773503000     0.5773503000    -0.5773503000
           0.7089134683     0.7052861383    -0.0036273299
 4,9 607.79483690 -240.26771575 -8680.31498456 2 0
   4,64     0.5773503000    -0.5773503000     0.5773503000
           0.7061353370     0.7080742380     0.0019389011
   4,0    -0.5773503000     0.5773503000    -0.5773503000
           0.7069372599     0.7072761806     0.0003389207
 4,10 -54.39297552 -249.76634876 -3266.46421059 2 0
   7,54    -0.5773503000     0.5773503000     0.5773503000
           0.8028951209     0.5299760344     0.2729190865
   5,21     0.5773503000    -0.5773503000    -0.5773503000
           0.8143736169     0.4581447229     0.3562288940
 4,11 671.26557895 -230.97389801 -8093.80178975 2 0
   4,18     0.5773503000    -0.5773503000     0.5773503000
          -0.2776318465    -0.8037899215    -0.5261580750
   4,28    -0.5773503000     0.5773503000    -0.5773503000
           0.7068624610     0.7073508484     0.0004883875
 4,18 730.47903085 -228.25306048 -8081.86506012 2 0
   4,11    -0.5773503000     0.5773503000    -0.5773503000
          -0.2776318465    -0.8037899215    -0.5261580750
   4,20     0.5773503000    -0.5773503000     0.5773503000
          -0.1841722219    -0.7809695877    -0.5967973658
 4,20 816.37235712 -248.35068062 -8082.07144084 1 1
   4,18    -0.5773503000     0.5773503000    -0.5773503000
          -0.1841722219    -0.7809695877    -0.5967973658
 4,28 631.28144644 -250.25053004 -8158.13894910 2 0
   4,7    -0.5773503000     0.5773503000    -0.5773503000
          -0.2740919346     0.5290285094     0.8031204440
   4,11     0.5773503000    -0.5773503000     0.5773503000
           0.7068624610     0.7073508484     0.0004883875
 4,30 613.42733106 -245.68750498 -8468.11006844 2 0
   4,63    -0.5773503000     0.5773503000    -0.5773503000
          -0.2740919346     0.5290285094     0.8031204440
   4,8     0.5773503000    -0.5773503000     0.5773503000
           0.7089134683     0.7052861383    -0.0036273299
 4,61 618.23142964 -249.90067118 -8341.18599559 2 0
   4,8    -0.5773503000     0.5773503000    -0.5773503000
          -0.2740919346     0.5290285094     0.8031204440
   4,7     0.5773503000    -0.5773503000     0.5773503000
           0.7133500095     0.7006936423    -0.0126563672
 4,63 610.87208074 -243.29630585 -8545.05760399 2 0
   4,64    -0.5773503000     0.5773503000    -0.5773503000
          -0.7226500312    -0.0321856844     0.6904643468
   4,30     0.5773503000    -0.5773503000     0.5773503000
          -0.2740919346     0.5290285094     0.8031204440
 4,64 609.09410976 -241.59517502 -8609.50682031 2 0
   4,63     0.5773503000    -0.5773503000     0.5773503000
          -0.7226500312    -0.0321856844     0.6904643468
   4,9    -0.5773503000     0.5773503000    -0.5773503000
           0.7061353370     0.7080742380     0.0019389011
 5,0 27.12250344 -228.59688408 -940.12831736 2 0
   5,2     0.5773503000    -0.5773503000    -0.5773503000
          -0.3023703432    -0.8080178228     0.5056474796
   7,78    -0.5773503000     0.5773503000     0.5773503000
          -0.3023703432    -0.8080178228     0.5056474796
 5,1 108.22633578 -336.76050440 -951.31860530 2 0
   5,2    -0.5773503000     0.5773503000     0.5773503000
          -0.3519519768    -0.8140178009     0.4620658241
   5,11     0.5773503000    -0.5773503000    -0.5773503000
           0.7911150844     0.5704937946     0.2206212898
 5,2 68.19843007 -283.49825231 -945.66467044 2 0
   5,1     0.5773503000    -0.5773503000    -0.5773503000
          -0.3519519768    -0.8140178009     0.4620658241
   5,0    -0.5773503000     0.5773503000     0.5773503000
          -0.3023703432    -0.8080178228     0.5056474796
 5,3 -218.83393000 -367.23128621 -1120.77116483 2 0
   5,4     0.5773503000    -0.5773503000     0.5773503000
          -0.7768347651    -0.1707115931     0.6061231721
   1,38    -0.5773503000     0.5773503000    -0.5773503000
           0.6751451400     0.7352335814     0.0600884414
 5,4 -191.51325776 -418.61873113 -1133.21514570 2 0
   5,3    -0.5773503000     0.5773503000    -0.5773503000
          -0.7768347651    -0.1707115931     0.6061231721
   5,6     0.5773503000    -0.5773503000     0.5773503000
           0.0723505365    -0.6681499761    -0.7405005127
 5,5 -183.95698744 -831.57364603 -1156.81630387 1 1
   5,9    -0.5773503000     0.5773503000    -0.5773503000
          -0.6201384635     0.1498994787     0.7700379422
 5,6 -174.98336570 -487.04068061 -1141.32138528 2 0
   5,4    -0.5773503000     0.5773503000    -0.5773503000
           0.0723505365    -0.6681499761    -0.7405005127
   5,7     0.5773503000    -0.5773503000     0.5773503000
           0.3711109063    -0.4442917675    -0.8154026738
 5,7 -164.84434352 -546.69855074 -1147.55867574 2 0
   5,8     0.5773503000    -0.5773503000     0.5773503000
           0.0000000000     0.0000000000     0.0000000000
   5,6    -0.5773503000     0.5773503000    -0.5773503000
           0.3711109063    -0.4442917675    -0.8154026738
 5,8 -157.30099481 -607.71866277 -1154.02163205 2 0
   5,7    -0.5773503000     0.5773503000    -0.5773503000
           0.0000000000     0.0000000000     0.0000000000
   5,10     0.5773503000    -0.5773503000     0.5773503000
           0.7178454702     0.0219903818    -0.6958550884
 5,9 -166.68008812 -756.16539064 -1157.23837878 2 0
   5,10    -0.5773503000     0.5773503000    -0.5773503000
          -0.7810354814    -0.1843923358     0.5966431456
   5,5     0.5773503000    -0.5773503000     0.5773503000
          -0.6201384635     0.1498994787     0.7700379422
 5,10 -155.22552639 -671.48833494 -1158.71292344 2 0
   5,8    -0.5773503000     0.5773503000    -0.5773503000
           0.7178454702     0.0219903818    -0.6958550884
   5,9     0.5773503000    -0.5773503000     0.5773503000
          -0.7810354814    -0.1843923358     0.5966431456
 5,11 131.57404385 -367.64377704 -955.24092349 1 1
   5,1    -0.5773503000     0.5773503000     0.5773503000
           0.7911150844     0.5704937946     0.2206212898
 5,12 166.06336666 -835.79775690 -3203.09023640 1 1
   5,13    -0.5773503000     0.5773503000     0.5773503000
           0.7810380190     0.1844008162     0.5966372029
 5,13 152.28349704 -779.33773207 -3202.50116651 2 0
   5,14    -0.5773503000     0.5773503000     0.5773503000
           0.7820453549     0.1877893210     0.5942560339
   5,12     0.5773503000    -0.5773503000    -0.5773503000
           0.7810380190     0.1844008162     0.5966372029
 5,14 136.08138310 -712.07826628 -3202.03591386 2 0
   5,13     0.5773503000    -0.5773503000    -0.5773503000
           0.7820453549     0.1877893210     0.5942560339
   5,15    -0.5773503000     0.5773503000     0.5773503000
           0.7830149627     0.1910937189     0.5919212438
 5,15 120.64240921 -647.02543470 -3202.01592494 2 0
   5,19    -0.5773503000     0.5773503000     0.5773503000
           0.7810417789     0.1844133817     0.5966283972
   5,14     0.5773503000    -0.5773503000    -0.5773503000
           0.7830149627     0.1910937189     0.5919212438
 5,16 74.71144456 -466.15587561 -3209.83781830 2 0
   5,20     0.5773503000    -0.5773503000    -0.5773503000
           0.7810858847     0.1845608301     0.5965250546
   5,18    -0.5773503000     0.5773503000     0.5773503000
          -0.4112891147    -0.8164890123     0.4051998976
 5,17 23.27182415 -372.71889205 -3231.62193030 2 0
   5,21    -0.5773503000     0.5773503000     0.5773503000
           0.7918594488     0.5683216036     0.2235378452
   5,18     0.5773503000    -0.5773503000    -0.5773503000
           0.7911053305     0.5705219969     0.2205833337
 5,18 45.49631745 -409.59321749 -3222.05606953 2 0
   5,16     0.5773503000    -0.5773503000    -0.5773503000
          -0.4112891147    -0.8164890123     0.4051998976
   5,17    -0.5773503000     0.5773503000     0.5773503000
           0.7911053305     0.5705219969     0.2205833337
 5,19 110.84965183 -605.74086485 -3202.49908829 2 0
   5,15     0.5773503000    -0.5773503000    -0.5773503000
           0.7810417789     0.1844133817     0.5966283972
   5,20    -0.5773503000     0.5773503000     0.5773503000
           0.7839595780     0.1943550561     0.5896045219
 5,20 95.45706915 -539.49836442 -3204.03992618 2 0
   5,16    -0.5773503000     0.5773503000     0.5773503000
           0.7810858847     0.1845608301     0.5965250546
   5,19     0.5773503000    -0.5773503000    -0.5773503000
           0.7839595780     0.1943550561     0.5896045219
 5,21 -5.80064355 -326.32601415 -3244.45877960 2 0
   4,10    -0.5773503000     0.5773503000     0.5773503000
           0.8143736169     0.4581447229     0.3562288940
   5,17     0.5773503000    -0.5773503000    -0.5773503000
           0.7918594488     0.5683216036     0.2235378452
 6,0 289.96390943 131.26601920 -5411.85469873 2 0
   6,6     0.5773503000     0.5773503000    -0.5773503000
          -0.5722623141     0.7904989622     0.2182366481
   6,7    -0.5773503000    -0.5773503000     0.5773503000
          -0.5828151601     0.7866296180     0.2038144579
 6,1 372.22773094 193.62516836 -5417.06069425 2 0
   6,16     0.5773503000     0.5773503000    -0.5773503000
          -0.5316530358    -0.2708379836    -0.8024910194
   6,6    -0.5773503000    -0.5773503000     0.5773503000
          -0.5925300238     0.7827638589     0.1902338352
 6,2 446.06572944 580.14028139 -7451.37140907 2 0
   6,80    -0.5773503000     0.5773503000    -0.5773503000
           0.1468526766    -0.6221494797    -0.7690021563
   6,79     0.5773503000    -0.5773503000     0.5773503000
           0.1455946085    -0.6229768383    -0.7685714468
 6,3 -214.09440019 308.01161803 -7445.67775313 2 0
   6,21    -0.5773503000    -0.5773503000    -0.5773503000
           0.7824218960    -0.1890674778    -0.5933544181
   6,12     0.5773503000     0.5773503000     0.5773503000
           0.7826294938    -0.1897749082    -0.5928545856
 6,4 206.05864191 524.06760359 -7402.21650502 2 0
   6,8    -0.5773503000     0.5773503000    -0.5773503000
          -0.1896865326    -0.7826035912    -0.5929170586
   6,62     0.5773503000    -0.5773503000     0.5773503000
          -0.1836312767    -0.7808074131    -0.5971761364
 6,5 -220.25131150 823.00571835 -7508.92442989 1 1
   6,13    -0.5773503000    -0.5773503000    -0.5773503000
           0.6221723679     0.1468179091    -0.7689902770
 6,6 326.18567313 159.04241547 -5414.10468729 2 0
   6,0    -0.5773503000    -0.5773503000     0.5773503000
          -0.5722623141     0.7904989622     0.2182366481
   6,1     0.5773503000     0.5773503000    -0.5773503000
          -0.5925300238     0.7827638589     0.1902338352
 6,7 229.80205091 82.76328693 -5408.31511768 2 0
   6,25    -0.5773503000    -0.5773503000     0.5773503000
          -0.4383965263     0.8157352396     0.3773387134
   6,0     0.5773503000     0.5773503000    -0.5773503000
          -0.5828151601     0.7866296180     0.2038144579
 6,8 152.97091418 527.54607445 -7391.13264685 2 0
   6,4     0.5773503000    -0.5773503000     0.5773503000
          -0.1896865326    -0.7826035912    -0.5929170586
   6,24    -0.5773503000     0.5773503000    -0.5773503000
          -0.7793533511    -0.1788301304     0.6005232207
 6,9 -183.07383246 651.20441262 -7510.00578942 2 0
   6,13     0.5773503000     0.5773503000     0.5773503000
           0.6222328643     0.1467260046    -0.7689588689
   6,14    -0.5773503000    -0.5773503000    -0.5773503000
           0.7809885218    -0.1842354510    -0.5967530707
 6,10 541.40856296 674.44023556 -7461.73931619 1 1
   6,79    -0.5773503000     0.5773503000    -0.5773503000
          -0.1839223805    -0.7808947273    -0.5969723468
 6,11 733.96287847 458.82530734 -5429.59227801 1 1
   6,19    -0.5773503000    -0.5773503000     0.5773503000
          -0.5702692256     0.7911926705     0.2209234448
 6,12 -208.01744907 356.70674369 -7453.24073780 2 0
   6,23     0.5773503000     0.5773503000     0.5773503000
           0.7859889543    -0.2015107367    -0.5844782175
   6,3    -0.5773503000    -0.5773503000    -0.5773503000
           0.7826294938    -0.1897749082    -0.5928545856
 6,13 -202.31401854 743.73069122 -7509.54874893 2 0
   6,9    -0.5773503000    -0.5773503000    -0.5773503000
           0.6222328643     0.1467260046    -0.7689588689
   6,5     0.5773503000     0.5773503000     0.5773503000
           0.6221723679     0.1468179091    -0.7689902770
 6,14 -188.33525253 554.40468781 -7488.70973116 2 0
   6,15    -0.5773503000    -0.5773503000    -0.5773503000
           0.7810867453    -0.1845637082    -0.5965230372
   6,9     0.5773503000     0.5773503000     0.5773503000
           0.7809885218    -0.1842354510    -0.5967530707
 6,15 -193.45726999 496.91002767 -7477.13446626 2 0
   6,14     0.5773503000     0.5773503000     0.5773503000
           0.7810867453    -0.1845637082    -0.5965230372
   6,23    -0.5773503000    -0.5773503000    -0.5773503000
           0.7822376646    -0.1884413123    -0.5937963522
 6,16 425.38284112 233.15427042 -5420.31352918 2 0
   6,1    -0.5773503000    -0.5773503000     0.5773503000
          -0.5316530358    -0.2708379836    -0.8024910194
   6,22     0.5773503000     0.5773503000    -0.5773503000
          -0.6400434752    -0.1190207005    -0.7590641756
 6,17 530.44024108 310.60672084 -5425.44504324 2 0
   6,22    -0.5773503000    -0.5773503000     0.5773503000
          -0.6400434751    -0.1190207006    -0.7590641757
   6,18     0.5773503000     0.5773503000    -0.5773503000
          -0.5627120855     0.7937195188     0.2310074333
 6,18 585.24430806 350.83573005 -5427.42493965 2 0
   6,20     0.5773503000     0.5773503000    -0.5773503000
          -0.4451703408    -0.3701774514    -0.8153477922
   6,17    -0.5773503000    -0.5773503000     0.5773503000
          -0.5627120855     0.7937195188     0.2310074333
 6,19 681.08999139 420.68016232 -5429.46395327 2 0
   6,20    -0.5773503000    -0.5773503000     0.5773503000
           0.0000000000     0.0000000000     0.0000000000
   6,11     0.5773503000     0.5773503000    -0.5773503000
          -0.5702692256     0.7911926705     0.2209234448
 6,20 636.96036333 388.62046402 -5428.79599122 2 0
   6,19     0.5773503000     0.5773503000    -0.5773503000
           0.0000000000     0.0000000000     0.0000000000
   6,18    -0.5773503000    -0.5773503000     0.5773503000
          -0.4451703408    -0.3701774514    -0.8153477922
 6,21 -220.46429410 258.45661976 -7438.22136333 2 0
   6,30    -0.5773503000    -0.5773503000    -0.5773503000
           0.7837635848    -0.1936748743    -0.5900887105
   6,3     0.5773503000     0.5773503000     0.5773503000
           0.7824218960    -0.1890674778    -0.5933544181
 6,22 476.52363969 270.92950121 -5423.03163685 2 0
   6,17     0.5773503000     0.5773503000    -0.5773503000
          -0.6400434751    -0.1190207006    -0.7590641757
   6,16    -0.5773503000    -0.5773503000     0.5773503000
          -0.6400434752    -0.1190207005    -0.7590641756
 6,23 -199.09871161 439.85339889 -7466.73489095 2 0
   6,12    -0.5773503000    -0.5773503000    -0.5773503000
           0.7859889543    -0.2015107367    -0.5844782175
   6,15     0.5773503000     0.5773503000     0.5773503000
           0.7822376646    -0.1884413123    -0.5937963522
 6,24 64.83245691 537.45616387 -7376.75939646 1 1
   6,8     0.5773503000    -0.5773503000     0.5773503000
          -0.7793533511    -0.1788301304     0.6005232207
 6,25 186.10550817 40.73477901 -5405.89444463 2 0
   6,26    -0.5773503000    -0.5773503000     0.5773503000
          -0.7963167729     0.5543944190    -0.2419223540
   6,7     0.5773503000     0.5773503000    -0.5773503000
          -0.4383965263     0.8157352396     0.3773387134
 6,26 146.06184309 -4.70447931 -5403.21322739 2 0
   6,25     0.5773503000     0.5773503000    -0.5773503000
          -0.7963167729     0.5543944190    -0.2419223540
   6,27    -0.5773503000    -0.5773503000     0.5773503000
          -0.7990047445     0.5450824659    -0.2539222786
 6,27 100.37549343 -63.00672801 -5399.13949765 2 0
   6,26     0.5773503000     0.5773503000    -0.5773503000
          -0.7990047445     0.5450824659    -0.2539222786
   6,28    -0.5773503000    -0.5773503000     0.5773503000
          -0.7878801638     0.5795031053    -0.2083770585
 6,28 51.62046174 -127.63567941 -5394.13547238 2 0
   6,29    -0.5773503000    -0.5773503000     0.5773503000
           0.6148554820     0.1578297707     0.7726852527
   6,27     0.5773503000     0.5773503000    -0.5773503000
          -0.7878801638     0.5795031053    -0.2083770585
 6,29 0.68681239 -195.86286662 -5388.61690633 2 0
   6,28     0.5773503000     0.5773503000    -0.5773503000
           0.6148554820     0.1578297707     0.7726852527
   4,6    -0.5773503000    -0.5773503000     0.5773503000
          -0.7905395765     0.5721465350    -0.2183930415
 6,30 -232.00380511 194.98035683 -7427.29832459 2 0
   6,21     0.5773503000     0.5773503000     0.5773503000
           0.7837635848    -0.1936748743    -0.5900887105
   0,33    -0.5773503000    -0.5773503000    -0.5773503000
           0.7865411388    -0.2034949711    -0.5830461677
 6,57 311.15914623 527.39166819 -7428.42758068 2 0
   6,62    -0.5773503000     0.5773503000    -0.5773503000
          -0.1840310645    -0.7809273012    -0.5968962368
   6,80     0.5773503000    -0.5773503000     0.5773503000
           0.1467647444    -0.6222073649    -0.7689721093
 6,62 251.30435378 522.96153650 -7413.36587311 2 0
   6,57     0.5773503000    -0.5773503000     0.5773503000
          -0.1840310645    -0.7809273012    -0.5968962368
   6,4    -0.5773503000     0.5773503000    -0.5773503000
          -0.1836312767    -0.7808074131    -0.5971761364
 6,79 490.94274264 608.12808640 -7463.27753946 2 0
   6,10     0.5773503000    -0.5773503000     0.5773503000
          -0.1839223805    -0.7808947273    -0.5969723468
   6,2    -0.5773503000     0.5773503000    -0.5773503000
           0.1455946085    -0.6229768383    -0.7685714468
 6,80 387.49763053 552.34232585 -7439.73115441 2 0
   6,57    -0.5773503000     0.5773503000    -0.5773503000
           0.1467647444    -0.6222073649    -0.7689721093
   6,2     0.5773503000    -0.5773503000     0.5773503000
           0.1468526766    -0.6221494797    -0.7690021563
 7,0 619.13481790 467.46766974 1349.76361999 2 0
   7,19    -0.5773503000     0.5773503000    -0.5773503000
           0.1415765754    -0.6256074726    -0.7671840480
   7,50     0.5773503000    -0.5773503000     0.5773503000
           0.3404502158    -0.4724802974    -0.8129305131
 7,1 234.02527895 -140.08329807 2804.70103682 2 0
   7,56    -0.5773503000     0.5773503000    -0.5773503000
          -0.5876231855    -0.7847537929    -0.1971306074
   7,4     0.5773503000    -0.5773503000     0.5773503000
          -0.5642565501    -0.7932162413    -0.2289596912
 7,2 328.63437803 274.99942761 6115.86034730 1 1
   7,7    -0.5773503000     0.5773503000     0.5773503000
          -0.1468524491     0.6221496294    -0.7690020785
 7,3 352.24098261 416.90732257 1359.00571921 2 0
   7,13     0.5773503000    -0.5773503000     0.5773503000
          -0.1845423237    -0.7810803503    -0.5965380266
   7,18    -0.5773503000     0.5773503000    -0.5773503000
          -0.1838106035    -0.7808612122    -0.5970506087
 7,4 313.35203915 -197.36876650 2805.39216923 2 0
   7,1    -0.5773503000     0.5773503000    -0.5773503000
          -0.5642565501    -0.7932162413    -0.2289596912
   7,9     0.5773503000    -0.5773503000     0.5773503000
          -0.5688051954    -0.7916949072    -0.2228897117
 7,5 293.66489396 -175.95197366 2325.62497553 2 0
   7,6    -0.5773503000     0.5773503000     0.5773503000
           0.5979938373     0.7804556686    -0.1824618313
   7,8     0.5773503000    -0.5773503000    -0.5773503000
           0.5729821088     0.7902455852    -0.2172634764
 7,6 214.38221169 -117.38539495 2331.10465059 2 0
   7,5     0.5773503000    -0.5773503000    -0.5773503000
           0.5979938373     0.7804556686    -0.1824618313
   7,55    -0.5773503000     0.5773503000     0.5773503000
           0.5736300222     0.7900162116    -0.2163861894
 7,7 297.11725942 281.88010114 6113.79178159 2 0
   7,113    -0.5773503000     0.5773503000     0.5773503000
           0.1208332287     0.7597373549    -0.6389041262
   7,2     0.5773503000    -0.5773503000    -0.5773503000
          -0.1468524491     0.6221496294    -0.7690020785
 7,8 320.35556839 -195.66727064 2323.55129125 1 1
   7,5    -0.5773503000     0.5773503000     0.5773503000
           0.5729821088     0.7902455852    -0.2172634764
 7,9 316.81875050 -199.88787808 2805.46965982 1 1
   7,4    -0.5773503000     0.5773503000    -0.5773503000
          -0.5688051954    -0.7916949072    -0.2228897117
 7,10 411.54219873 768.04261495 -4401.40329971 1 1
   7,14    -0.5773503000    -0.5773503000     0.5773503000
          -0.7911941837     0.5702648415    -0.2209293422
 7,11 347.70471699 679.73210782 -4400.73677991 2 0
   7,20    -0.5773503000    -0.5773503000     0.5773503000
          -0.7993533423     0.5438143680    -0.2555389743
   7,14     0.5773503000     0.5773503000    -0.5773503000
          -0.7894343418     0.5752582051    -0.2141761367
 7,12 516.30484621 435.27645045 1356.02710774 2 0
   7,19     0.5773503000    -0.5773503000     0.5773503000
           0.1337280865    -0.6306942691    -0.7644223556
   7,13    -0.5773503000     0.5773503000    -0.5773503000
           0.1370855331    -0.6285265754    -0.7656121085
 7,13 438.72772672 419.83290727 1355.27078070 2 0
   7,3    -0.5773503000     0.5773503000    -0.5773503000
          -0.1845423237    -0.7810803503    -0.5965380266
   7,12     0.5773503000    -0.5773503000     0.5773503000
           0.1370855331    -0.6285265754    -0.7656121085
 7,14 375.40480360 718.00586856 -4401.14294093 2 0
   7,11    -0.5773503000    -0.5773503000     0.5773503000
          -0.7894343418     0.5752582051    -0.2141761367
   7,10     0.5773503000     0.5773503000    -0.5773503000
          -0.7911941837     0.5702648415    -0.2209293422
 7,15 248.92182983 543.66916986 -4398.46932399 2 0
   7,17     0.5773503000     0.5773503000    -0.5773503000
          -0.0461447178     0.7290489865     0.6829042687
   7,21    -0.5773503000    -0.5773503000     0.5773503000
          -0.2812024269     0.8044490095     0.5232465826
 7,16 241.56094883 432.39839809 1369.44872803 2 0
   7,18     0.5773503000    -0.5773503000     0.5773503000
          -0.1942787217    -0.7839376091    -0.5896588873
   7,31    -0.5773503000     0.5773503000    -0.5773503000
          -0.1913381491    -0.7830861856    -0.5917480365
 7,17 278.86781672 584.85105753 -4399.20532634 2 0
   7,15    -0.5773503000    -0.5773503000     0.5773503000
          -0.0461447178     0.7290489865     0.6829042687
   7,20     0.5773503000     0.5773503000    -0.5773503000
          -0.7964242777     0.5540366472    -0.2423876306
 7,18 293.09226737 424.28045821 1365.24663016 2 0
   7,16    -0.5773503000     0.5773503000    -0.5773503000
          -0.1942787217    -0.7839376091    -0.5896588873
   7,3     0.5773503000    -0.5773503000     0.5773503000
          -0.1838106035    -0.7808612122    -0.5970506087
 7,19 571.64779080 450.60145516 1353.82831523 2 0
   7,12    -0.5773503000     0.5773503000    -0.5773503000
           0.1337280865    -0.6306942691    -0.7644223556
   7,0     0.5773503000    -0.5773503000     0.5773503000
           0.1415765754    -0.6256074726    -0.7671840480
 7,20 312.89215918 631.70768462 -4400.00575705 2 0
   7,17    -0.5773503000    -0.5773503000     0.5773503000
          -0.7964242777     0.5540366472    -0.2423876306
   7,11     0.5773503000     0.5773503000    -0.5773503000
          -0.7993533423     0.5438143680    -0.2555389743
 7,21 215.36702990 497.55216437 -4397.56380531 2 0
   7,15     0.5773503000     0.5773503000    -0.5773503000
          -0.2812024269     0.8044490095     0.5232465826
   7,41    -0.5773503000    -0.5773503000     0.5773503000
          -0.7916272185     0.5690035633    -0.2226236552
 7,22 114.11426364 457.64536381 1375.24798157 2 0
   7,31     0.5773503000    -0.5773503000     0.5773503000
          -0.1897401194    -0.7826192984    -0.5928791790
   7,32    -0.5773503000     0.5773503000    -0.5773503000
          -0.1888435886    -0.7823560748    -0.5935124862
 7,23 -234.21595919 274.73912536 2362.67709866 2 0
   7,65     0.5773503000    -0.5773503000    -0.5773503000
           0.7604721973     0.6376492449     0.1228229524
   3,53    -0.5773503000     0.5773503000     0.5773503000
           0.7845524567     0.5881284226     0.1964240341
 7,24 -165.96133017 300.82059455 2808.13320936 2 0
   7,28    -0.5773503000     0.5773503000    -0.5773503000
          -0.7921372361    -0.5675006729     0.2246365632
   7,25     0.5773503000    -0.5773503000     0.5773503000
          -0.7921712785    -0.5673996757     0.2247716028
 7,25 -134.55322021 257.50425652 2808.93759431 2 0
   7,24    -0.5773503000     0.5773503000    -0.5773503000
          -0.7921712785    -0.5673996757     0.2247716028
   7,66     0.5773503000    -0.5773503000     0.5773503000
          -0.7923642207    -0.5668256169     0.2255386037
 7,26 177.08289657 366.70815252 6089.04270522 1 1
   7,113     0.5773503000    -0.5773503000    -0.5773503000
           0.6221511015    -0.1468502131     0.7690013146
 7,27 176.19352458 355.76118339 -105.14134131 1 1
   7,36    -0.5773503000    -0.5773503000     0.5773503000
          -0.7897923636     0.5742589896    -0.2155333740
 7,28 -196.81461926 343.32534620 2807.28123122 2 0
   7,30    -0.5773503000     0.5773503000    -0.5773503000
          -0.7927327753    -0.5657212229     0.2270115524
   7,24     0.5773503000    -0.5773503000     0.5773503000
          -0.7921372361    -0.5675006729     0.2246365632
 7,29 1.32743045 483.65477667 1376.80326525 2 0
   7,32     0.5773503000    -0.5773503000     0.5773503000
          -0.1895273189    -0.7825569035    -0.5930295846
   7,33    -0.5773503000     0.5773503000    -0.5773503000
          -0.7811305214    -0.1847101382     0.5964203831
 7,30 -228.04272769 386.28155497 2806.25194640 2 0
   3,33    -0.5773503000     0.5773503000    -0.5773503000
          -0.7943389727    -0.5607824362     0.2335565364
   7,28     0.5773503000    -0.5773503000     0.5773503000
          -0.7927327753    -0.5657212229     0.2270115524
 7,31 178.63891104 444.07305192 1372.96835302 2 0
   7,16     0.5773503000    -0.5773503000     0.5773503000
          -0.1913381491    -0.7830861856    -0.5917480365
   7,22    -0.5773503000     0.5773503000    -0.5773503000
          -0.1897401194    -0.7826192984    -0.5928791790
 7,32 66.33251158 468.36170048 1376.27777658 2 0
   7,29    -0.5773503000     0.5773503000    -0.5773503000
          -0.1895273189    -0.7825569035    -0.5930295846
   7,22     0.5773503000    -0.5773503000     0.5773503000
          -0.1888435886    -0.7823560748    -0.5935124862
 7,33 -32.32302955 492.85000835 1377.75454025 1 1
   7,29     0.5773503000    -0.5773503000     0.5773503000
          -0.7811305214    -0.1847101382     0.5964203831
 7,34 173.30993076 352.66561819 -104.06616966 1 1
   7,36     0.5773503000    -0.5773503000    -0.5773503000
           0.7894342988     0.5752583245     0.2141759743
 7,35 173.30984765 352.66566364 -104.06611518 1 1
   7,36    -0.5773503000     0.5773503000     0.5773503000
           0.1844189398     0.7810434419    -0.5966245021
 7,36 174.37961050 353.30492394 -100.21731803 4 0
   7,35     0.5773503000    -0.5773503000    -0.5773503000
           0.1844189398     0.7810434419    -0.5966245021
   7,34    -0.5773503000     0.5773503000     0.5773503000
           0.7894342988     0.5752583245     0.2141759743
   7,38    -0.5773503000    -0.5773503000     0.5773503000
          -0.6619131396     0.7449653218     0.0830521823
   7,27     0.5773503000     0.5773503000    -0.5773503000
          -0.7897923636     0.5742589896    -0.2155333740
 7,37 65.46448261 258.78485538 -106.66069099 2 0
   7,39    -0.5773503000    -0.5773503000     0.5773503000
          -0.5733547502     0.7901138138     0.2167590636
   7,38     0.5773503000     0.5773503000    -0.5773503000
          -0.6511783421     0.7521745378     0.1009961957
 7,38 103.75581330 290.98075423 -105.85127506 2 0
   7,37    -0.5773503000    -0.5773503000     0.5773503000
          -0.6511783421     0.7521745378     0.1009961957
   7,36     0.5773503000     0.5773503000    -0.5773503000
          -0.6619131396     0.7449653218     0.0830521823
 7,39 22.26239317 225.94614306 -107.04787328 2 0
   7,72    -0.5773503000    -0.5773503000     0.5773503000
          -0.5692302266     0.7915497361     0.2223195095
   7,37     0.5773503000     0.5773503000    -0.5773503000
          -0.5733547502     0.7901138138     0.2167590636
 7,40 140.45544525 394.31778852 -4395.34153526 2 0
   7,43    -0.5773503000    -0.5773503000     0.5773503000
          -0.2812024269     0.8044490095     0.5232465826
   7,41     0.5773503000     0.5773503000    -0.5773503000
          -0.7824670446     0.5932458809    -0.1892211637
 7,41 178.96345417 447.47657140 -4396.42757644 2 0
   7,21     0.5773503000     0.5773503000    -0.5773503000
          -0.7916272185     0.5690035633    -0.2226236552
   7,40    -0.5773503000    -0.5773503000     0.5773503000
          -0.7824670446     0.5932458809    -0.1892211637
 7,42 59.58337570 282.18027116 -4394.22340607 2 0
   7,43     0.5773503000     0.5773503000    -0.5773503000
           0.2889212835     0.5168965756     0.8058178591
   7,44    -0.5773503000    -0.5773503000     0.5773503000
           0.8158585732    -0.3799812734     0.4358772997
 7,43 100.69182038 339.22421416 -4394.64637155 2 0
   7,40     0.5773503000     0.5773503000    -0.5773503000
          -0.2812024269     0.8044490095     0.5232465826
   7,42    -0.5773503000    -0.5773503000     0.5773503000
           0.2889212835     0.5168965756     0.8058178591
 7,44 18.53561778 225.03736433 -4393.76764735 2 0
   7,42     0.5773503000     0.5773503000    -0.5773503000
           0.8158585732    -0.3799812734     0.4358772997
   7,48    -0.5773503000    -0.5773503000     0.5773503000
          -0.7954766901     0.5571517278    -0.2383249623
 7,45 -78.95037461 89.86956200 -4390.22418528 2 0
   7,46    -0.5773503000    -0.5773503000     0.5773503000
          -0.8051349014     0.5201188989    -0.2850160025
   7,48     0.5773503000     0.5773503000    -0.5773503000
          -0.7925081373     0.5663955959    -0.2261125414
 7,46 -125.02787635 27.30700637 -4385.85324806 2 0
   7,45     0.5773503000     0.5773503000    -0.5773503000
          -0.8051349014     0.5201188989    -0.2850160025
   7,47    -0.5773503000    -0.5773503000     0.5773503000
          -0.7891064487     0.5761661630    -0.2129402857
 7,47 -165.19189716 -25.00579718 -4380.61044041 2 0
   7,46     0.5773503000     0.5773503000    -0.5773503000
          -0.7891064487     0.5761661630    -0.2129402857
   7,49    -0.5773503000    -0.5773503000     0.5773503000
          -0.7910341994     0.5707274635    -0.2203067359
 7,48 -35.83313932 149.46544569 -4392.57781165 2 0
   7,44     0.5773503000     0.5773503000    -0.5773503000
          -0.7954766901     0.5571517278    -0.2383249623
   7,45    -0.5773503000    -0.5773503000     0.5773503000
          -0.7925081373     0.5663955959    -0.2261125414
 7,49 -205.79638209 -73.89975291 -4374.53978830 2 0
   7,47     0.5773503000     0.5773503000    -0.5773503000
          -0.7910341994     0.5707274635    -0.2203067359
   0,32    -0.5773503000    -0.5773503000     0.5773503000
          -0.7827376468     0.5925934049    -0.1901442419
 7,50 692.01470994 517.02528226 1351.48235849 1 1
   7,0    -0.5773503000     0.5773503000    -0.5773503000
           0.3404502158    -0.4724802974    -0.8129305131
 7,51 -201.70192825 -57.31575519 -3330.79213216 2 0
   7,52     0.5773503000    -0.5773503000    -0.5773503000
          -0.1933341564     0.5903310499    -0.7836652063
   1,30    -0.5773503000     0.5773503000     0.5773503000
           0.5151768663     0.8061726084    -0.2909957421
 7,52 -163.02121996 -93.29479345 -3316.10234436 2 0
   7,53     0.5773503000    -0.5773503000    -0.5773503000
           0.8003385409     0.5401466435     0.2601918974
   7,51    -0.5773503000     0.5773503000     0.5773503000
          -0.1933341564     0.5903310499    -0.7836652063
 7,53 -130.38634277 -134.08111615 -3301.69423751 2 0
   7,52    -0.5773503000     0.5773503000     0.5773503000
           0.8003385409     0.5401466435     0.2601918974
   7,54     0.5773503000    -0.5773503000    -0.5773503000
           0.7876822974     0.5800331162     0.2076491812
 7,54 -87.52122814 -198.28002736 -3281.70791437 2 0
   4,10     0.5773503000    -0.5773503000    -0.5773503000
           0.8028951209     0.5299760344     0.2729190865
   7,53    -0.5773503000     0.5773503000     0.5773503000
           0.7876822974     0.5800331162     0.2076491812
 7,55 177.22794510 -89.82004457 2333.72219327 2 0
   7,57    -0.5773503000     0.5773503000     0.5773503000
           0.6059493158     0.7769146014    -0.1709652855
   7,6     0.5773503000    -0.5773503000    -0.5773503000
           0.5736300222     0.7900162116    -0.2163861894
 7,56 159.61870355 -85.96595400 2804.72299836 2 0
   7,58    -0.5773503000     0.5773503000    -0.5773503000
          -0.5817059837    -0.7870521569    -0.2053461731
   7,1     0.5773503000    -0.5773503000     0.5773503000
          -0.5876231855    -0.7847537929    -0.1971306074
 7,57 106.60748894 -37.36999296 2338.58263092 2 0
   7,55     0.5773503000    -0.5773503000    -0.5773503000
           0.6059493158     0.7769146014    -0.1709652855
   7,59    -0.5773503000     0.5773503000     0.5773503000
           0.6074715367     0.7762119572    -0.1687404205
 7,58 108.76836086 -46.68746643 2805.54143086 2 0
   7,60    -0.5773503000     0.5773503000    -0.5773503000
           0.0108923418    -0.7015976875    -0.7124900293
   7,56     0.5773503000    -0.5773503000     0.5773503000
          -0.5817059837    -0.7870521569    -0.2053461731
 7,59 41.62171522 12.04502862 2342.96093518 2 0
   7,57     0.5773503000    -0.5773503000    -0.5773503000
           0.6074715367     0.7762119572    -0.1687404205
   7,68    -0.5773503000     0.5773503000     0.5773503000
           0.6120403867     0.7740532304    -0.1620128438
 7,60 63.19802313 -5.64785411 2807.29260474 2 0
   7,58     0.5773503000    -0.5773503000     0.5773503000
           0.0108923418    -0.7015976875    -0.7124900293
   7,62    -0.5773503000     0.5773503000    -0.5773503000
          -0.7667011719    -0.1401901765     0.6265109954
 7,61 -70.91093626 101.71666093 2350.52988131 2 0
   7,68     0.5773503000    -0.5773503000    -0.5773503000
           0.6583620276     0.7474148963    -0.0890528687
   7,63    -0.5773503000     0.5773503000     0.5773503000
           0.6358528280     0.7615122409    -0.1256594130
 7,62 21.25339103 43.71410855 2809.05772948 2 0
   7,60     0.5773503000    -0.5773503000     0.5773503000
          -0.7667011719    -0.1401901765     0.6265109954
   7,64    -0.5773503000     0.5773503000    -0.5773503000
          -0.7939618193    -0.5619611269     0.2320006925
 7,63 -119.01286404 146.49688933 2353.66113414 2 0
   7,65    -0.5773503000     0.5773503000     0.5773503000
           0.7093399869     0.7048522135     0.0044877734
   7,61     0.5773503000    -0.5773503000    -0.5773503000
           0.6358528280     0.7615122409    -0.1256594130
 7,64 -20.77786287 100.45168177 2809.98814033 2 0
   7,67    -0.5773503000     0.5773503000    -0.5773503000
          -0.7923635656    -0.5668275707     0.2255359949
   7,62     0.5773503000    -0.5773503000     0.5773503000
          -0.7939618193    -0.5619611269     0.2320006925
 7,65 -179.93949994 208.99375326 2358.07530998 2 0
   7,23    -0.5773503000     0.5773503000     0.5773503000
           0.7604721973     0.6376492449     0.1228229524
   7,63     0.5773503000    -0.5773503000    -0.5773503000
           0.7093399869     0.7048522135     0.0044877734
 7,66 -102.05259802 212.63292887 2809.69626845 2 0
   7,25    -0.5773503000     0.5773503000    -0.5773503000
          -0.7923642207    -0.5668256169     0.2255386037
   7,67     0.5773503000    -0.5773503000     0.5773503000
          -0.7928662081    -0.5653188109     0.2275473972
 7,67 -60.13904981 154.65171225 2810.24358515 2 0
   7,64     0.5773503000    -0.5773503000     0.5773503000
          -0.7923635656    -0.5668275707     0.2255359949
   7,66    -0.5773503000     0.5773503000    -0.5773503000
          -0.7928662081    -0.5653188109     0.2275473972
 7,68 1.39639260 43.15481789 2345.71486396 2 0
   7,61    -0.5773503000     0.5773503000     0.5773503000
           0.6583620276     0.7474148963    -0.0890528687
   7,59     0.5773503000    -0.5773503000    -0.5773503000
           0.6120403867     0.7740532304    -0.1620128438
 7,69 -186.07355539 75.21942054 -107.15098192 2 0
   7,70     0.5773503000     0.5773503000    -0.5773503000
          -0.5675874495     0.7921079635     0.2245205140
   1,58    -0.5773503000    -0.5773503000     0.5773503000
          -0.5681279395     0.7919251548     0.2237972153
 7,70 -152.31526898 99.82301337 -107.15715246 2 0
   7,71     0.5773503000     0.5773503000    -0.5773503000
          -0.5865488659     0.7851792215     0.1986303556
   7,69    -0.5773503000    -0.5773503000     0.5773503000
          -0.5675874495     0.7921079635     0.2245205140
 7,71 -105.88930659 133.32545233 -107.22934581 2 0
   7,70    -0.5773503000    -0.5773503000     0.5773503000
          -0.5865488659     0.7851792215     0.1986303556
   7,72     0.5773503000     0.5773503000    -0.5773503000
          -0.5669868142     0.7923101368     0.2253233226
 7,72 -52.02040654 172.06474846 -107.24755313 2 0
   7,71    -0.5773503000    -0.5773503000     0.5773503000
          -0.5669868142     0.7923101368     0.2253233226
   7,39     0.5773503000     0.5773503000    -0.5773503000
          -0.5692302266     0.7915497361     0.2223195095
 7,73 -217.73633190 101.37342822 -914.37468551 2 0
   1,43    -0.5773503000     0.5773503000     0.5773503000
           0.7874897972     0.5805465702     0.2069432270
   7,74     0.5773503000    -0.5773503000    -0.5773503000
           0.7913962155     0.5696780565     0.2217181589
 7,74 -177.25483343 46.14436831 -917.67556828 2 0
   7,75     0.5773503000    -0.5773503000    -0.5773503000
           0.7883333792     0.5782804111     0.2100529681
   7,73    -0.5773503000     0.5773503000     0.5773503000
           0.7913962155     0.5696780565     0.2217181589
 7,75 -141.45462190 -2.28955860 -920.62684155 2 0
   7,76     0.5773503000    -0.5773503000    -0.5773503000
           0.7888699262     0.5768169241     0.2120530021
   7,74    -0.5773503000     0.5773503000     0.5773503000
           0.7883333792     0.5782804111     0.2100529681
 7,76 -102.70184141 -54.67296040 -924.28061307 2 0
   7,75    -0.5773503000     0.5773503000     0.5773503000
           0.7888699262     0.5768169241     0.2120530021
   7,77     0.5773503000    -0.5773503000    -0.5773503000
           0.7910122885     0.5707906833     0.2202216052
 7,77 -64.81982677 -105.52080258 -928.43846079 2 0
   7,78     0.5773503000    -0.5773503000    -0.5773503000
           0.7899885853     0.5737078240     0.2162807614
   7,76    -0.5773503000     0.5773503000     0.5773503000
           0.7910122885     0.5707906833     0.2202216052
 7,78 -17.60695913 -168.89401857 -934.29636593 2 0
   5,0     0.5773503000    -0.5773503000    -0.5773503000
          -0.3023703432    -0.8080178228     0.5056474796
   7,77    -0.5773503000     0.5773503000     0.5773503000
           0.7899885853     0.5737078240     0.2162807614
 7,113 225.60251370 305.88480942 6105.33032289 2 0
   7,7     0.5773503000    -0.5773503000    -0.5773503000
           0.1208332287     0.7597373549    -0.6389041262
   7,26    -0.5773503000     0.5773503000     0.5773503000
           0.6221511015    -0.1468502131     0.7690013146
