#
#	ParaDiS nodal data file
#

#
#	File version number
#

3

#
#	Number of data file segments
#

1

#
#	Minimum coordinate values (x, y, z)
#

-8750.0000     -8750.0000     -8750.0000    

#
#	Maximum coordinate values (x, y, z)
#

8750.0000      8750.0000      8750.0000     

#
#	Node count
#

360         

#
#	Domain geometry (x, y, z)
#

2   2   2  

#
#	Domain decomposition type
#

1

#
#	Domain boundaries (x, y, z)
#

  -8750.0000
      -8750.0000
          -8750.0000
          -2826.0461
           8750.0000
        224.3590
          -8750.0000
           -224.6563
           8750.0000
       8750.0000
    223.5016
      -8750.0000
          -8750.0000
          -1317.7097
           8750.0000
       -224.3590
          -8750.0000
          -3719.5767
           8750.0000
       8750.0000
   8750.0000

#
#	Primary lines: node_tag, x, y, z, num_arms, constraint
#	Secondary lines: arm_tag, burgx, burgy, burgz, nx, ny, nz
#

 0,0 -449.13210240 -740.94934530 -3153.73350768 1 1
   0,2    -0.5773503000     0.5773503000     0.5773503000
           0.6220837526    -0.1469525052     0.7690362579
 0,1 -617.92012435 -436.49210726 -4311.84278221 2 0
   0,9    -0.5773503000    -0.5773503000     0.5773503000
          -0.5796906604     0.7878102423     0.2081195819
   0,3     0.5773503000     0.5773503000    -0.5773503000
          -0.5656677911     0.7927505187     0.2270827276
 0,2 -408.28579718 -684.04746844 -3153.64925020 2 0
   0,6    -0.5773503000     0.5773503000     0.5773503000
           0.6252969669    -0.1420522724     0.7673492393
   0,0     0.5773503000    -0.5773503000    -0.5773503000
           0.6220837526    -0.1469525052     0.7690362579
 0,3 -571.35150490 -401.91636707 -4315.00795149 2 0
   0,4     0.5773503000     0.5773503000    -0.5773503000
          -0.5796906604     0.7878102423     0.2081195819
   0,1    -0.5773503000    -0.5773503000     0.5773503000
          -0.5656677911     0.7927505187     0.2270827276
 0,4 -517.60648128 -361.39909577 -4320.36475941 2 0
   0,3    -0.5773503000    -0.5773503000     0.5773503000
          -0.5796906604     0.7878102423     0.2081195819
   0,8     0.5773503000     0.5773503000    -0.5773503000
          -0.5617497823     0.7940297280     0.2322799457
 0,5 -704.61224807 -499.54713174 -4309.98356131 1 1
   0,9     0.5773503000     0.5773503000    -0.5773503000
          -0.5796906604     0.7878102423     0.2081195819
 0,6 -371.72978797 -625.41468610 -3169.27410876 2 0
   0,12    -0.5773503000     0.5773503000     0.5773503000
           0.6219656554    -0.1471318333     0.7690974887
   0,2     0.5773503000    -0.5773503000    -0.5773503000
           0.6252969669    -0.1420522724     0.7673492393
 0,7 -505.78100645 -700.11912540 -3357.35064382 1 1
   0,15     0.5773503000    -0.5773503000    -0.5773503000
          -0.3404333162     0.4724954609    -0.8129287771
 0,8 -454.73354539 -313.01364203 -4328.85965952 2 0
   0,4    -0.5773503000    -0.5773503000     0.5773503000
          -0.5617497823     0.7940297280     0.2322799457
   0,17     0.5773503000     0.5773503000    -0.5773503000
          -0.5624570021     0.7938019988     0.2313449967
 0,9 -659.19820830 -466.72648202 -4310.29615482 2 0
   0,1     0.5773503000     0.5773503000    -0.5773503000
          -0.5796906604     0.7878102423     0.2081195819
   0,5    -0.5773503000    -0.5773503000     0.5773503000
          -0.5796906604     0.7878102423     0.2081195819
 0,10 -325.00635220 -533.95237989 -3242.44740155 2 0
   0,11    -0.5773503000     0.5773503000     0.5773503000
           0.4073219417    -0.4091739391     0.8164958808
   0,12     0.5773503000    -0.5773503000    -0.5773503000
           0.7707774525     0.1520936578     0.6186837948
 0,11 -364.16378703 -545.59663676 -3301.86885320 2 0
   0,13    -0.5773503000     0.5773503000     0.5773503000
          -0.1468705723     0.6221376980    -0.7690082703
   0,10     0.5773503000    -0.5773503000    -0.5773503000
           0.4073219417    -0.4091739391     0.8164958808
 0,12 -337.44359582 -571.49269100 -3196.87171885 2 0
   0,6     0.5773503000    -0.5773503000    -0.5773503000
           0.6219656554    -0.1471318333     0.7690974887
   0,10    -0.5773503000     0.5773503000     0.5773503000
           0.7707774525     0.1520936578     0.6186837948
 0,13 -405.36854204 -580.61541402 -3334.14731534 2 0
   0,11     0.5773503000    -0.5773503000    -0.5773503000
          -0.1468705723     0.6221376980    -0.7690082703
   0,15    -0.5773503000     0.5773503000     0.5773503000
          -0.1470662640     0.6220088405    -0.7690751045
 0,14 -419.64412944 -762.20307369 -5346.29247283 1 1
   0,16     0.5773503000     0.5773503000    -0.5773503000
          -0.7909968679     0.5708351563    -0.2201617116
 0,15 -447.23296788 -620.88062823 -3357.09891840 2 0
   0,13     0.5773503000    -0.5773503000    -0.5773503000
          -0.1470662640     0.6220088405    -0.7690751045
   0,7    -0.5773503000     0.5773503000     0.5773503000
          -0.3404333162     0.4724954609    -0.8129287771
 0,16 -378.82326711 -705.70928318 -5346.65960644 2 0
   0,20     0.5773503000     0.5773503000    -0.5773503000
           0.7285925213    -0.0451337574     0.6834587639
   0,14    -0.5773503000    -0.5773503000     0.5773503000
          -0.7909968679     0.5708351563    -0.2201617116
 0,17 -385.41529255 -257.59434999 -4341.00611717 2 0
   0,8    -0.5773503000    -0.5773503000     0.5773503000
          -0.5624570021     0.7938019988     0.2313449967
   0,54     0.5773503000     0.5773503000    -0.5773503000
          -0.5665858263     0.7924445370     0.2258587107
 0,18 -149.17822783 -394.87469356 -5366.75242178 2 0
   0,24    -0.5773503000    -0.5773503000     0.5773503000
           0.7285925212    -0.0451337574     0.6834587639
   0,19     0.5773503000     0.5773503000    -0.5773503000
           0.7176211554    -0.0215200383     0.6961011171
 0,19 -115.39652170 -349.55925680 -5370.64228059 2 0
   0,21     0.5773503000     0.5773503000    -0.5773503000
           0.0000000000     0.0000000000     0.0000000000
   0,18    -0.5773503000    -0.5773503000     0.5773503000
           0.7176211554    -0.0215200383     0.6961011171
 0,20 -340.87255735 -653.65666497 -5348.19092472 2 0
   0,22     0.5773503000     0.5773503000    -0.5773503000
           0.0000000000     0.0000000000     0.0000000000
   0,16    -0.5773503000    -0.5773503000     0.5773503000
           0.7285925213    -0.0451337574     0.6834587639
 0,21 -80.43188288 -302.69498635 -5374.76126373 2 0
   0,19    -0.5773503000    -0.5773503000     0.5773503000
           0.0000000000     0.0000000000     0.0000000000
   0,26     0.5773503000     0.5773503000    -0.5773503000
          -0.7923244928     0.5669440475    -0.2253804453
 0,22 -300.56502925 -598.85036876 -5350.92865154 2 0
   0,20    -0.5773503000    -0.5773503000     0.5773503000
           0.0000000000     0.0000000000     0.0000000000
   0,33     0.5773503000     0.5773503000    -0.5773503000
           0.6080731325     0.1678588662     0.7759319987
 0,23 -220.08269237 -490.16166156 -5358.91670122 2 0
   0,33    -0.5773503000    -0.5773503000     0.5773503000
           0.7176211555    -0.0215200385     0.6961011170
   0,24     0.5773503000     0.5773503000    -0.5773503000
           0.7176211554    -0.0215200383     0.6961011171
 0,24 -185.19812979 -443.23681232 -5362.72495158 2 0
   0,18     0.5773503000     0.5773503000    -0.5773503000
           0.7285925212    -0.0451337574     0.6834587639
   0,23    -0.5773503000    -0.5773503000     0.5773503000
           0.7176211554    -0.0215200383     0.6961011171
 0,25 -62.62141798 -266.39760624 -4408.48569640 2 0
   0,27     0.5773503000    -0.5773503000     0.5773503000
          -0.7992790431    -0.5440859077     0.2551931354
   0,86    -0.5773503000     0.5773503000    -0.5773503000
          -0.7937715847    -0.5625511283     0.2312204564
 0,26 -39.87441911 -248.50128713 -5379.55312175 2 0
   0,84     0.5773503000     0.5773503000    -0.5773503000
          -0.7905395765     0.5721465350    -0.2183930415
   0,21    -0.5773503000    -0.5773503000     0.5773503000
          -0.7923244928     0.5669440475    -0.2253804453
 0,27 -13.42692476 -338.74992100 -4412.03086762 2 0
   0,28     0.5773503000    -0.5773503000     0.5773503000
          -0.7996806632    -0.5426098229     0.2570708404
   0,25    -0.5773503000     0.5773503000    -0.5773503000
          -0.7992790431    -0.5440859077     0.2551931354
 0,28 26.14920096 -402.55750627 -4415.00354106 2 0
   0,29     0.5773503000    -0.5773503000     0.5773503000
          -0.8133870717    -0.3450404447     0.4683466270
   0,27    -0.5773503000     0.5773503000    -0.5773503000
          -0.7996806632    -0.5426098229     0.2570708404
 0,29 56.45390796 -467.61154444 -4415.04957334 2 0
   0,30     0.5773503000    -0.5773503000     0.5773503000
          -0.7810814371    -0.1845459578     0.5965354793
   0,28    -0.5773503000     0.5773503000    -0.5773503000
          -0.8133870717    -0.3450404447     0.4683466270
 0,30 84.27429522 -546.17161762 -4411.79575623 2 0
   0,29    -0.5773503000     0.5773503000    -0.5773503000
          -0.7810814371    -0.1845459578     0.5965354793
   0,31     0.5773503000    -0.5773503000     0.5773503000
          -0.7828051592    -0.1903750640     0.5924300952
 0,31 109.19657467 -629.98626974 -4407.21503011 2 0
   0,32     0.5773503000    -0.5773503000     0.5773503000
          -0.7819679376    -0.1875273189     0.5944406187
   0,30    -0.5773503000     0.5773503000    -0.5773503000
          -0.7828051592    -0.1903750640     0.5924300952
 0,32 130.31981749 -707.25878532 -4403.86964037 2 0
   0,31    -0.5773503000     0.5773503000    -0.5773503000
          -0.7819679376    -0.1875273189     0.5944406187
   0,34     0.5773503000    -0.5773503000     0.5773503000
          -0.7819118276    -0.1873375935     0.5945742341
 0,33 -259.24216314 -542.96081206 -5354.75942492 2 0
   0,23     0.5773503000     0.5773503000    -0.5773503000
           0.7176211555    -0.0215200385     0.6961011170
   0,22    -0.5773503000    -0.5773503000     0.5773503000
           0.6080731325     0.1678588662     0.7759319987
 0,34 146.57213411 -770.83387275 -4402.25761540 2 0
   0,35     0.5773503000    -0.5773503000     0.5773503000
          -0.7810450800    -0.1844244148     0.5966206653
   0,32    -0.5773503000     0.5773503000    -0.5773503000
          -0.7819118276    -0.1873375935     0.5945742341
 0,35 162.33175107 -836.67867184 -4401.97377786 1 1
   0,34    -0.5773503000     0.5773503000    -0.5773503000
          -0.7810450800    -0.1844244148     0.5966206653
 0,36 3.53519070 -333.28251742 -3259.37622334 2 0
   0,37    -0.5773503000     0.5773503000     0.5773503000
           0.8143736169     0.4581447229     0.3562288940
   0,44     0.5773503000    -0.5773503000    -0.5773503000
           0.7918594488     0.5683216036     0.2235378452
 0,37 -45.50393353 -256.25439889 -3281.17782411 2 0
   0,94    -0.5773503000     0.5773503000     0.5773503000
           0.8028951209     0.5299760344     0.2729190865
   0,36     0.5773503000    -0.5773503000    -0.5773503000
           0.8143736169     0.4581447229     0.3562288940
 0,38 177.42880961 -833.11473977 -3218.71304447 1 1
   0,41    -0.5773503000     0.5773503000     0.5773503000
           0.7911906581     0.5702750556     0.2209156026
 0,39 110.56106971 -554.38851906 -3218.96521613 2 0
   0,40    -0.5773503000     0.5773503000     0.5773503000
           0.7810858847     0.1845608301     0.5965250546
   0,46     0.5773503000    -0.5773503000    -0.5773503000
           0.7839595780     0.1943550561     0.5896045219
 0,40 89.36517657 -480.27320005 -3224.17129158 2 0
   0,39     0.5773503000    -0.5773503000    -0.5773503000
           0.7810858847     0.1845608301     0.5965250546
   0,45    -0.5773503000     0.5773503000     0.5773503000
          -0.4112891147    -0.8164890123     0.4051998976
 0,41 163.59762443 -776.32677895 -3218.15834844 2 0
   0,38     0.5773503000    -0.5773503000    -0.5773503000
           0.7911906581     0.5702750556     0.2209156026
   0,43    -0.5773503000     0.5773503000     0.5773503000
           0.7820453549     0.1877893210     0.5942560339
 0,42 133.90898822 -652.65844682 -3217.60463461 2 0
   0,46    -0.5773503000     0.5773503000     0.5773503000
           0.7810417789     0.1844133817     0.5966283972
   0,43     0.5773503000    -0.5773503000    -0.5773503000
           0.7830149627     0.1910937189     0.5919212438
 0,43 147.62868293 -710.07000448 -3217.69616982 2 0
   0,41     0.5773503000    -0.5773503000    -0.5773503000
           0.7820453549     0.1877893210     0.5942560339
   0,42    -0.5773503000     0.5773503000     0.5773503000
           0.7830149627     0.1910937189     0.5919212438
 0,44 36.24744256 -385.10771084 -3245.52938926 2 0
   0,36    -0.5773503000     0.5773503000     0.5773503000
           0.7918594488     0.5683216036     0.2235378452
   0,45     0.5773503000    -0.5773503000    -0.5773503000
           0.7911053305     0.5705219969     0.2205833337
 0,45 59.30399922 -422.92670730 -3236.07380947 2 0
   0,40     0.5773503000    -0.5773503000    -0.5773503000
          -0.4112891147    -0.8164890123     0.4051998976
   0,44    -0.5773503000     0.5773503000     0.5773503000
           0.7911053305     0.5705219969     0.2205833337
 0,46 122.44982924 -605.02406059 -3218.06147581 2 0
   0,42     0.5773503000    -0.5773503000    -0.5773503000
           0.7810417789     0.1844133817     0.5966283972
   0,39    -0.5773503000     0.5773503000     0.5773503000
           0.7839595780     0.1943550561     0.5896045219
 0,47 -382.25737501 59.19039461 -3396.63777151 2 0
   0,52    -0.5773503000     0.5773503000     0.5773503000
           0.5695655629     0.7914348338    -0.2218692709
   0,48     0.5773503000    -0.5773503000    -0.5773503000
           0.5496726071     0.7977081987    -0.2480355916
 0,48 -303.00343783 7.87436244 -3376.46429145 2 0
   0,47    -0.5773503000     0.5773503000     0.5773503000
           0.5496726071     0.7977081987    -0.2480355916
   0,53     0.5773503000    -0.5773503000    -0.5773503000
           0.5269443265     0.8036084957    -0.2766641692
 0,49 -625.39085849 172.46025377 -3435.17193784 2 0
   0,77    -0.5773503000     0.5773503000     0.5773503000
           0.1921215135     0.7833139801    -0.5911924667
   0,51     0.5773503000    -0.5773503000    -0.5773503000
           0.2002926080     0.7856476923    -0.5853550843
 0,50 -499.51212451 129.40941027 -3423.10188175 2 0
   0,51    -0.5773503000     0.5773503000     0.5773503000
           0.2158131992     0.7898659072    -0.5740527081
   0,52     0.5773503000    -0.5773503000    -0.5773503000
          -0.7638030976    -0.6318087737    -0.1319943239
 0,51 -565.05839337 155.67737460 -3431.91099924 2 0
   0,50     0.5773503000    -0.5773503000    -0.5773503000
           0.2158131992     0.7898659072    -0.5740527081
   0,49    -0.5773503000     0.5773503000     0.5773503000
           0.2002926080     0.7856476923    -0.5853550843
 0,52 -437.70698312 94.06985361 -3409.88349801 2 0
   0,47     0.5773503000    -0.5773503000    -0.5773503000
           0.5695655629     0.7914348338    -0.2218692709
   0,50    -0.5773503000     0.5773503000     0.5773503000
          -0.7638030976    -0.6318087737    -0.1319943239
 0,53 -257.40622442 -22.20750900 -3364.12815926 2 0
   0,48    -0.5773503000     0.5773503000     0.5773503000
           0.5269443265     0.8036084957    -0.2766641692
   0,97     0.5773503000    -0.5773503000    -0.5773503000
           0.5151768663     0.8061726084    -0.2909957421
 0,54 -327.65267184 -207.29376624 -4353.16802132 2 0
   0,68     0.5773503000     0.5773503000    -0.5773503000
          -0.8100957332     0.3166811462    -0.4934145870
   0,17    -0.5773503000    -0.5773503000     0.5773503000
          -0.5665858263     0.7924445370     0.2258587107
 0,55 -853.05308455 -92.96862575 -7300.14602011 1 1
   0,57     0.5773503000     0.5773503000     0.5773503000
           0.5702569561    -0.7911969052     0.2209399491
 0,56 -687.40089464 -54.94312828 -7301.99622315 2 0
   0,58    -0.5773503000    -0.5773503000    -0.5773503000
           0.1836237615    -0.7808051577     0.5971813962
   0,59     0.5773503000     0.5773503000     0.5773503000
           0.1962381182    -0.7844993842     0.5882612660
 0,57 -797.42501127 -79.91190330 -7300.24897010 2 0
   0,55    -0.5773503000    -0.5773503000    -0.5773503000
           0.5702569561    -0.7911969052     0.2209399491
   0,58     0.5773503000     0.5773503000     0.5773503000
           0.1843600504    -0.7810258199     0.5966657695
 0,58 -745.56528225 -67.96809675 -7300.84007235 2 0
   0,57    -0.5773503000    -0.5773503000    -0.5773503000
           0.1843600504    -0.7810258199     0.5966657695
   0,56     0.5773503000     0.5773503000     0.5773503000
           0.1836237615    -0.7808051577     0.5971813962
 0,59 -632.29589437 -43.07291978 -7303.74227891 2 0
   0,56    -0.5773503000    -0.5773503000    -0.5773503000
           0.1962381182    -0.7844993842     0.5882612660
   0,60     0.5773503000     0.5773503000     0.5773503000
           0.1886240179    -0.7822914671     0.5936674493
 0,60 -535.18681942 -23.25078176 -7308.88452998 2 0
   0,61     0.5773503000     0.5773503000     0.5773503000
           0.1879386887    -0.7820894552     0.5941507665
   0,59    -0.5773503000    -0.5773503000    -0.5773503000
           0.1886240179    -0.7822914671     0.5936674493
 0,61 -484.71649840 -12.97672080 -7313.21541037 2 0
   0,62     0.5773503000     0.5773503000     0.5773503000
           0.1849046073    -0.7811886209     0.5962840135
   0,60    -0.5773503000    -0.5773503000    -0.5773503000
           0.1879386887    -0.7820894552     0.5941507665
 0,62 -426.58461204 0.71806430 -7320.79324073 2 0
   0,61    -0.5773503000    -0.5773503000    -0.5773503000
           0.1849046073    -0.7811886209     0.5962840135
   0,64     0.5773503000     0.5773503000     0.5773503000
          -0.2785771078    -0.5253888838     0.8039659917
 0,63 -401.25755817 168.70876298 -4472.46075137 2 0
   2,27    -0.5773503000     0.5773503000    -0.5773503000
          -0.7634367964    -0.1309731222     0.6324636742
   0,70     0.5773503000    -0.5773503000     0.5773503000
          -0.7809474150    -0.5968492177     0.1840981973
 0,64 -376.35644612 17.78501667 -7331.43879378 2 0
   0,62    -0.5773503000    -0.5773503000    -0.5773503000
          -0.2785771078    -0.5253888838     0.8039659917
   0,66     0.5773503000     0.5773503000     0.5773503000
           0.5650576422    -0.7929525625     0.2278949203
 0,65 -335.71580954 87.85078511 -4456.89527012 2 0
   0,67     0.5773503000    -0.5773503000     0.5773503000
          -0.7884795585    -0.5778834270     0.2105961316
   0,70    -0.5773503000     0.5773503000    -0.5773503000
          -0.7859845420    -0.5844895943     0.2014949477
 0,66 -328.97923290 41.46651739 -7345.81879271 2 0
   0,69     0.5773503000     0.5773503000     0.5773503000
           0.5456929950    -0.7988354388     0.2531424438
   0,64    -0.5773503000    -0.5773503000    -0.5773503000
           0.5650576422    -0.7929525625     0.2278949203
 0,67 -295.22939589 37.58644815 -4445.72659960 2 0
   0,65    -0.5773503000     0.5773503000    -0.5773503000
          -0.7884795585    -0.5778834270     0.2105961316
   0,71     0.5773503000    -0.5773503000     0.5773503000
          -0.7728881118    -0.6144418081     0.1584463037
 0,68 -280.18141796 -159.75118217 -4365.20970587 2 0
   0,54    -0.5773503000    -0.5773503000     0.5773503000
          -0.8100957332     0.3166811462    -0.4934145870
   0,72     0.5773503000     0.5773503000    -0.5773503000
          -0.7763201044     0.6072383980    -0.1690817064
 0,69 -282.81557942 76.22366190 -7364.54061230 2 0
   0,73     0.5773503000     0.5773503000     0.5773503000
           0.7820607447    -0.5942193083    -0.1878414364
   0,66    -0.5773503000    -0.5773503000    -0.5773503000
           0.5456929950    -0.7988354388     0.2531424438
 0,70 -366.55254450 125.89552143 -4464.55716144 2 0
   0,65     0.5773503000    -0.5773503000     0.5773503000
          -0.7859845420    -0.5844895943     0.2014949477
   0,63    -0.5773503000     0.5773503000    -0.5773503000
          -0.7809474150    -0.5968492177     0.1840981973
 0,71 -255.87700673 -9.89293491 -4433.83834092 2 0
   0,67    -0.5773503000     0.5773503000    -0.5773503000
          -0.7728881118    -0.6144418081     0.1584463037
   0,79     0.5773503000    -0.5773503000     0.5773503000
          -0.7809489850    -0.5968455469     0.1841034381
 0,72 -246.65038754 -121.62234481 -4375.94921520 2 0
   0,93     0.5773503000     0.5773503000    -0.5773503000
          -0.7827376468     0.5925934049    -0.1901442419
   0,68    -0.5773503000    -0.5773503000     0.5773503000
          -0.7763201044     0.6072383980    -0.1690817064
 0,73 -252.31721290 116.48984746 -7380.98222412 2 0
   0,74     0.5773503000     0.5773503000     0.5773503000
          -0.4442052658     0.8154080023    -0.3712027366
   0,69    -0.5773503000    -0.5773503000    -0.5773503000
           0.7820607447    -0.5942193083    -0.1878414364
 0,74 -228.53924663 162.59646021 -7395.53908306 2 0
   0,85     0.5773503000     0.5773503000     0.5773503000
           0.7865411388    -0.2034949711    -0.5830461677
   0,73    -0.5773503000    -0.5773503000    -0.5773503000
          -0.4442052658     0.8154080023    -0.3712027366
 0,75 -760.47716300 204.99788629 -3436.90003058 2 0
   0,76    -0.5773503000     0.5773503000     0.5773503000
           0.1844502194     0.7810528004    -0.5966025810
   0,77     0.5773503000    -0.5773503000    -0.5773503000
           0.1880264814     0.7821153637    -0.5940888823
 0,76 -823.13825379 219.68988236 -3437.03545016 1 1
   0,75     0.5773503000    -0.5773503000    -0.5773503000
           0.1844502194     0.7810528004    -0.5966025810
 0,77 -714.13897548 194.00239806 -3436.62973184 2 0
   0,75    -0.5773503000     0.5773503000     0.5773503000
           0.1880264814     0.7821153637    -0.5940888823
   0,49     0.5773503000    -0.5773503000    -0.5773503000
           0.1921215135     0.7833139801    -0.5911924667
 0,78 19.25159064 224.35638597 -4397.99913464 2 0
   2,66     0.5773503000     0.5773503000    -0.5773503000
           0.8158585732    -0.3799812734     0.4358772997
   0,92    -0.5773503000    -0.5773503000     0.5773503000
          -0.7954766901     0.5571517278    -0.2383249623
 0,79 -219.48315478 -53.69785926 -4421.31623890 2 0
   0,71    -0.5773503000     0.5773503000    -0.5773503000
          -0.7809489850    -0.5968455469     0.1841034381
   0,87     0.5773503000    -0.5773503000     0.5773503000
          -0.7775288120    -0.6046039526     0.1729248594
 0,80 182.02392386 36.94813913 -5401.93895814 2 0
   0,81    -0.5773503000    -0.5773503000     0.5773503000
          -0.7963167729     0.5543944190    -0.2419223540
   6,14     0.5773503000     0.5773503000    -0.5773503000
          -0.4383965263     0.8157352396     0.3773387134
 0,81 142.30554244 -8.16807595 -5399.16257887 2 0
   0,80     0.5773503000     0.5773503000    -0.5773503000
          -0.7963167729     0.5543944190    -0.2419223540
   0,82    -0.5773503000    -0.5773503000     0.5773503000
          -0.7990047445     0.5450824659    -0.2539222786
 0,82 96.93770026 -66.09909391 -5394.95017863 2 0
   0,81     0.5773503000     0.5773503000    -0.5773503000
          -0.7990047445     0.5450824659    -0.2539222786
   0,83    -0.5773503000    -0.5773503000     0.5773503000
          -0.7878801638     0.5795031053    -0.2083770585
 0,83 50.04564876 -128.18766876 -5389.93455003 2 0
   0,84    -0.5773503000    -0.5773503000     0.5773503000
           0.6148554820     0.1578297707     0.7726852527
   0,82     0.5773503000     0.5773503000    -0.5773503000
          -0.7878801638     0.5795031053    -0.2083770585
 0,84 0.01940849 -195.08465221 -5384.23527073 2 0
   0,83     0.5773503000     0.5773503000    -0.5773503000
           0.6148554820     0.1578297707     0.7726852527
   0,26    -0.5773503000    -0.5773503000     0.5773503000
          -0.7905395765     0.5721465350    -0.2183930415
 0,85 -211.55853676 214.86837556 -7407.10763854 2 0
   2,62     0.5773503000     0.5773503000     0.5773503000
           0.7837635848    -0.1936748743    -0.5900887105
   0,74    -0.5773503000    -0.5773503000    -0.5773503000
           0.7865411388    -0.2034949711    -0.5830461677
 0,86 -95.83739903 -218.68905744 -4406.81576700 2 0
   0,25     0.5773503000    -0.5773503000     0.5773503000
          -0.7937715847    -0.5625511283     0.2312204564
   0,88    -0.5773503000     0.5773503000    -0.5773503000
          -0.7935288450    -0.5632996414     0.2302292035
 0,87 -164.24513953 -122.89358460 -4407.70539124 2 0
   0,88     0.5773503000    -0.5773503000     0.5773503000
          -0.7868402435    -0.5822635050     0.2045767385
   0,79    -0.5773503000     0.5773503000    -0.5773503000
          -0.7775288120    -0.6046039526     0.1729248594
 0,88 -127.70132345 -173.49873237 -4406.11097385 2 0
   0,87    -0.5773503000     0.5773503000    -0.5773503000
          -0.7868402435    -0.5822635050     0.2045767385
   0,86     0.5773503000    -0.5773503000     0.5773503000
          -0.7935288450    -0.5632996414     0.2302292035
 0,89 -75.40973892 90.28426472 -4401.64167653 2 0
   0,90    -0.5773503000    -0.5773503000     0.5773503000
          -0.8051349014     0.5201188989    -0.2850160025
   0,92     0.5773503000     0.5773503000    -0.5773503000
          -0.7925081373     0.5663955959    -0.2261125414
 0,90 -111.67825978 39.61602102 -4401.98797849 2 0
   0,89     0.5773503000     0.5773503000    -0.5773503000
          -0.8051349014     0.5201188989    -0.2850160025
   0,91    -0.5773503000    -0.5773503000     0.5773503000
          -0.7891064487     0.5761661630    -0.2129402857
 0,91 -144.60499290 -4.33381744 -4400.79035033 2 0
   0,90     0.5773503000     0.5773503000    -0.5773503000
          -0.7891064487     0.5761661630    -0.2129402857
   0,93    -0.5773503000    -0.5773503000     0.5773503000
          -0.7910341994     0.5707274635    -0.2203067359
 0,92 -34.18612383 148.76498345 -4400.11619797 2 0
   0,78     0.5773503000     0.5773503000    -0.5773503000
          -0.7954766901     0.5571517278    -0.2383249623
   0,89    -0.5773503000    -0.5773503000     0.5773503000
          -0.7925081373     0.5663955959    -0.2261125414
 0,93 -184.13693971 -52.13765272 -4395.82739547 2 0
   0,91     0.5773503000     0.5773503000    -0.5773503000
          -0.7910341994     0.5707274635    -0.2203067359
   0,72    -0.5773503000    -0.5773503000     0.5773503000
          -0.7827376468     0.5925934049    -0.1901442419
 0,94 -75.70799329 -209.35785505 -3295.12650931 2 0
   0,37     0.5773503000    -0.5773503000    -0.5773503000
           0.8028951209     0.5299760344     0.2729190865
   0,95    -0.5773503000     0.5773503000     0.5773503000
           0.7876822974     0.5800331162     0.2076491812
 0,95 -117.72348027 -146.34596363 -3314.72893443 2 0
   0,96    -0.5773503000     0.5773503000     0.5773503000
           0.8003385409     0.5401466435     0.2601918974
   0,94     0.5773503000    -0.5773503000    -0.5773503000
           0.7876822974     0.5800331162     0.2076491812
 0,96 -149.98783535 -105.91119534 -3328.96082335 2 0
   0,95     0.5773503000    -0.5773503000    -0.5773503000
           0.8003385409     0.5401466435     0.2601918974
   0,97    -0.5773503000     0.5773503000     0.5773503000
          -0.1933341564     0.5903310499    -0.7836652063
 0,97 -188.38087391 -70.21117092 -3343.48116147 2 0
   0,96     0.5773503000    -0.5773503000    -0.5773503000
          -0.1933341564     0.5903310499    -0.7836652063
   0,53    -0.5773503000     0.5773503000     0.5773503000
           0.5151768663     0.8061726084    -0.2909957421
 1,0 223.04776964 -476.98132812 -1000.46302425 2 0
   1,3    -0.5773503000     0.5773503000     0.5773503000
           0.0000000000     0.0000000000     0.0000000000
   5,44     0.5773503000    -0.5773503000    -0.5773503000
           0.6284529237    -0.1371992707     0.7656521944
 1,1 73.60072929 -277.36417681 -980.62957236 2 0
   1,6     0.5773503000    -0.5773503000    -0.5773503000
          -0.3519519768    -0.8140178009     0.4620658241
   1,75    -0.5773503000     0.5773503000     0.5773503000
          -0.3023703432    -0.8080178228     0.5056474796
 1,2 -631.73816488 -314.80820066 -1058.79301283 2 0
   1,7     0.5773503000    -0.5773503000     0.5773503000
           0.1467724171    -0.6222023143    -0.7689747315
   1,43    -0.5773503000     0.5773503000    -0.5773503000
           0.1407408164    -0.6261523961    -0.7668932125
 1,3 189.05198657 -431.44397701 -996.04605730 2 0
   1,0     0.5773503000    -0.5773503000    -0.5773503000
           0.0000000000     0.0000000000     0.0000000000
   1,9    -0.5773503000     0.5773503000     0.5773503000
           0.6133527611    -0.1600663676     0.7734191286
 1,4 -619.64082932 -238.57399902 -102.01809479 2 0
   1,35     0.5773503000     0.5773503000    -0.5773503000
          -0.5870063692     0.7849984968     0.1979921276
   1,17    -0.5773503000    -0.5773503000     0.5773503000
          -0.1845435599     0.7810807200     0.5965371601
 1,5 -259.65044409 -343.32958306 -1096.80950258 2 0
   1,10     0.5773503000    -0.5773503000     0.5773503000
           0.6751451400     0.7352335814     0.0600884414
   1,33    -0.5773503000     0.5773503000    -0.5773503000
           0.0000000000     0.0000000000     0.0000000000
 1,6 113.46386186 -330.52007738 -985.96372492 2 0
   1,1    -0.5773503000     0.5773503000     0.5773503000
          -0.3519519768    -0.8140178009     0.4620658241
   1,9     0.5773503000    -0.5773503000    -0.5773503000
           0.5646802028    -0.2283968186     0.7930770214
 1,7 -540.41206243 -302.90514258 -1058.29667597 2 0
   1,18     0.5773503000    -0.5773503000     0.5773503000
          -0.1862002257    -0.7815745909    -0.5953743652
   1,2    -0.5773503000     0.5773503000    -0.5773503000
           0.1467724171    -0.6222023143    -0.7689747315
 1,8 -404.14001485 -313.61744129 -1076.22730857 2 0
   1,18    -0.5773503000     0.5773503000    -0.5773503000
           0.7258574576     0.0391259904    -0.6867314672
   1,33     0.5773503000    -0.5773503000     0.5773503000
          -0.2053415956    -0.7870508982    -0.5817093026
 1,9 152.89550594 -383.22626304 -991.25058314 2 0
   1,6    -0.5773503000     0.5773503000     0.5773503000
           0.5646802028    -0.2283968186     0.7930770214
   1,3     0.5773503000    -0.5773503000    -0.5773503000
           0.6133527611    -0.1600663676     0.7734191286
 1,10 -209.16934634 -375.75444772 -1111.76152238 2 0
   1,11     0.5773503000    -0.5773503000     0.5773503000
          -0.7768347651    -0.1707115931     0.6061231721
   1,5    -0.5773503000     0.5773503000    -0.5773503000
           0.6751451400     0.7352335814     0.0600884414
 1,11 -182.52720024 -426.91420073 -1124.57841091 2 0
   1,10    -0.5773503000     0.5773503000    -0.5773503000
          -0.7768347651    -0.1707115931     0.6061231721
   1,12     0.5773503000    -0.5773503000     0.5773503000
           0.0723505365    -0.6681499761    -0.7405005127
 1,12 -166.68100180 -494.99600774 -1133.12602838 2 0
   1,11    -0.5773503000     0.5773503000    -0.5773503000
           0.0723505365    -0.6681499761    -0.7405005127
   1,13     0.5773503000    -0.5773503000     0.5773503000
           0.3711109063    -0.4442917675    -0.8154026738
 1,13 -157.04145953 -553.95694025 -1139.74909289 2 0
   1,14     0.5773503000    -0.5773503000     0.5773503000
           0.0000000000     0.0000000000     0.0000000000
   1,12    -0.5773503000     0.5773503000    -0.5773503000
           0.3711109063    -0.4442917675    -0.8154026738
 1,14 -149.76037320 -615.04743820 -1146.67216308 2 0
   1,13    -0.5773503000     0.5773503000    -0.5773503000
           0.0000000000     0.0000000000     0.0000000000
   1,19     0.5773503000    -0.5773503000     0.5773503000
           0.7178454702     0.0219903818    -0.6958550884
 1,15 -176.00046616 -833.45192592 -1150.11320233 1 1
   1,16    -0.5773503000     0.5773503000    -0.5773503000
          -0.6201384635     0.1498994787     0.7700379422
 1,16 -159.73362719 -762.86947833 -1150.42994560 2 0
   1,19    -0.5773503000     0.5773503000    -0.5773503000
          -0.7810354814    -0.1843923358     0.5966431456
   1,15     0.5773503000    -0.5773503000     0.5773503000
          -0.6201384635     0.1498994787     0.7700379422
 1,17 -711.35647908 -265.68950766 -97.23753405 2 0
   1,22    -0.5773503000    -0.5773503000     0.5773503000
          -0.5702604957     0.7911956836     0.2209351880
   1,4     0.5773503000     0.5773503000    -0.5773503000
          -0.1845435599     0.7810807200     0.5965371601
 1,18 -463.43137883 -306.89978781 -1067.90280990 2 0
   1,8     0.5773503000    -0.5773503000     0.5773503000
           0.7258574576     0.0391259904    -0.6867314672
   1,7    -0.5773503000     0.5773503000    -0.5773503000
          -0.1862002257    -0.7815745909    -0.5953743652
 1,19 -147.89648279 -678.30517811 -1151.69434146 2 0
   1,14    -0.5773503000     0.5773503000    -0.5773503000
           0.7178454702     0.0219903818    -0.6958550884
   1,16     0.5773503000    -0.5773503000     0.5773503000
          -0.7810354814    -0.1843923358     0.5966431456
 1,20 -208.50037112 -585.62272472 -2747.96711544 2 0
   1,23     0.5773503000    -0.5773503000     0.5773503000
          -0.1755881084    -0.7783565873    -0.6027684789
   1,64    -0.5773503000     0.5773503000    -0.5773503000
          -0.6789041420     0.0533797944     0.7322839364
 1,21 -792.47648670 -349.57521209 -1060.27623973 1 1
   1,43     0.5773503000    -0.5773503000     0.5773503000
          -0.1862002257    -0.7815745909    -0.5953743652
 1,22 -806.76604074 -289.04368981 -96.14886146 1 1
   1,17     0.5773503000     0.5773503000    -0.5773503000
          -0.5702604957     0.7911956836     0.2209351880
 1,23 -162.37534546 -603.05787219 -2767.40272896 2 0
   1,20    -0.5773503000     0.5773503000    -0.5773503000
          -0.1755881084    -0.7783565873    -0.6027684789
   1,24     0.5773503000    -0.5773503000     0.5773503000
          -0.7840602750    -0.1947052433     0.5893550317
 1,24 -133.04229825 -650.92413045 -2791.40352751 2 0
   1,23    -0.5773503000     0.5773503000    -0.5773503000
          -0.7840602750    -0.1947052433     0.5893550317
   1,25     0.5773503000    -0.5773503000     0.5773503000
           0.6587779786    -0.0883533730    -0.7471313515
 1,25 -126.03100082 -725.34498088 -2807.88365228 2 0
   1,24    -0.5773503000     0.5773503000    -0.5773503000
           0.6587779786    -0.0883533730    -0.7471313515
   1,26     0.5773503000    -0.5773503000     0.5773503000
          -0.6244936658     0.1432811532     0.7677748189
 1,26 -138.18312966 -803.55011092 -2811.99773125 2 0
   1,25    -0.5773503000     0.5773503000    -0.5773503000
          -0.6244936658     0.1432811532     0.7677748189
   1,27     0.5773503000    -0.5773503000     0.5773503000
          -0.6232714169     0.1451460289     0.7684174459
 1,27 -147.11847215 -840.27003983 -2812.21906576 1 1
   1,26    -0.5773503000     0.5773503000    -0.5773503000
          -0.6232714169     0.1451460289     0.7684174459
 1,28 -493.79234713 183.25828958 6357.78385397 2 0
   1,29    -0.5773503000    -0.5773503000     0.5773503000
          -0.2708347903     0.8024903951     0.5316556048
   3,40     0.5773503000     0.5773503000    -0.5773503000
          -0.7598145180     0.1210416111    -0.6387729069
 1,29 -561.33208580 166.19143767 6334.55408341 2 0
   1,28     0.5773503000     0.5773503000    -0.5773503000
          -0.2708347903     0.8024903951     0.5316556048
   1,30    -0.5773503000    -0.5773503000     0.5773503000
          -0.1836642975     0.7808173223     0.5971530248
 1,30 -634.20503183 161.54538411 6316.98310177 2 0
   1,31    -0.5773503000    -0.5773503000     0.5773503000
          -0.1842968915     0.7810069158     0.5967100244
   1,29     0.5773503000     0.5773503000    -0.5773503000
          -0.1836642975     0.7808173223     0.5971530248
 1,31 -693.37997595 163.99916695 6306.74846764 2 0
   1,30     0.5773503000     0.5773503000    -0.5773503000
          -0.1842968915     0.7810069158     0.5967100244
   1,32    -0.5773503000    -0.5773503000     0.5773503000
           0.1415753916     0.6256082450     0.7671836366
 1,32 -763.71157793 176.67841974 6303.01366283 2 0
   1,34    -0.5773503000    -0.5773503000     0.5773503000
           0.1467895802     0.6221910165     0.7689805967
   1,31     0.5773503000     0.5773503000    -0.5773503000
           0.1415753916     0.6256082450     0.7671836366
 1,33 -328.22028216 -325.69493811 -1086.48250033 2 0
   1,5     0.5773503000    -0.5773503000     0.5773503000
           0.0000000000     0.0000000000     0.0000000000
   1,8    -0.5773503000     0.5773503000    -0.5773503000
          -0.2053415956    -0.7870508982    -0.5817093026
 1,34 -829.57533292 192.42197760 6302.85048759 1 1
   1,32     0.5773503000     0.5773503000    -0.5773503000
           0.1467895802     0.6221910165     0.7689805967
 1,35 -569.44018391 -205.31961767 -98.65853951 2 0
   1,4    -0.5773503000    -0.5773503000     0.5773503000
          -0.5870063692     0.7849984968     0.1979921276
   1,36     0.5773503000     0.5773503000    -0.5773503000
          -0.5664014829     0.7925061706     0.2261046876
 1,36 -501.59455211 -157.86743673 -95.09788066 2 0
   1,37     0.5773503000     0.5773503000    -0.5773503000
          -0.5704364726     0.7911349024     0.2206984298
   1,35    -0.5773503000    -0.5773503000     0.5773503000
          -0.5664014829     0.7925061706     0.2261046876
 1,37 -453.04048718 -123.63837012 -93.40558750 2 0
   1,38     0.5773503000     0.5773503000    -0.5773503000
          -0.5735935891     0.7900291424     0.2164355533
   1,36    -0.5773503000    -0.5773503000     0.5773503000
          -0.5704364726     0.7911349024     0.2206984298
 1,38 -392.91587325 -81.00309152 -92.21826301 2 0
   1,37    -0.5773503000    -0.5773503000     0.5773503000
          -0.5735935891     0.7900291424     0.2164355533
   1,40     0.5773503000     0.5773503000    -0.5773503000
          -0.5733175155     0.7901269989     0.2168094833
 1,39 -300.91888803 -14.49144583 -91.80596778 2 0
   1,40    -0.5773503000    -0.5773503000     0.5773503000
          -0.5770620188     0.7887805170     0.2117184982
   1,41     0.5773503000     0.5773503000    -0.5773503000
          -0.6127801673     0.7736965676     0.1609164002
 1,40 -358.45565840 -56.20526622 -91.87616291 2 0
   1,39     0.5773503000     0.5773503000    -0.5773503000
          -0.5770620188     0.7887805170     0.2117184982
   1,38    -0.5773503000    -0.5773503000     0.5773503000
          -0.5733175155     0.7901269989     0.2168094833
 1,41 -250.18444271 23.92940447 -92.02295036 2 0
   1,39    -0.5773503000    -0.5773503000     0.5773503000
          -0.6127801673     0.7736965676     0.1609164002
   1,58     0.5773503000     0.5773503000    -0.5773503000
          -0.5681279395     0.7919251548     0.2237972153
 1,42 212.53558595 -120.43963185 2315.12242866 2 0
   7,8     0.5773503000    -0.5773503000    -0.5773503000
           0.5979938373     0.7804556686    -0.1824618313
   1,57    -0.5773503000     0.5773503000     0.5773503000
           0.5736300222     0.7900162116    -0.2163861894
 1,43 -717.33798266 -331.70227557 -1060.38765479 2 0
   1,21    -0.5773503000     0.5773503000    -0.5773503000
          -0.1862002257    -0.7815745909    -0.5953743652
   1,2     0.5773503000    -0.5773503000     0.5773503000
           0.1407408164    -0.6261523961    -0.7668932125
 1,44 163.00511771 -89.70362554 2809.02482689 2 0
   1,46    -0.5773503000     0.5773503000    -0.5773503000
          -0.5817059837    -0.7870521569    -0.2053461731
   7,1     0.5773503000    -0.5773503000     0.5773503000
          -0.5876231855    -0.7847537929    -0.1971306074
 1,45 117.01096618 -49.49057625 2321.50136271 2 0
   1,57     0.5773503000    -0.5773503000    -0.5773503000
           0.6059493158     0.7769146014    -0.1709652855
   1,47    -0.5773503000     0.5773503000     0.5773503000
           0.6074715367     0.7762119572    -0.1687404205
 1,46 112.72054353 -50.93098239 2809.76076857 2 0
   1,48    -0.5773503000     0.5773503000    -0.5773503000
           0.0108923418    -0.7015976875    -0.7124900293
   1,44     0.5773503000    -0.5773503000     0.5773503000
          -0.5817059837    -0.7870521569    -0.2053461731
 1,47 47.79569772 3.22007894 2326.01007778 2 0
   1,45     0.5773503000    -0.5773503000    -0.5773503000
           0.6074715367     0.7762119572    -0.1687404205
   1,56    -0.5773503000     0.5773503000     0.5773503000
           0.6120403867     0.7740532304    -0.1620128438
 1,48 67.17167896 -10.02665278 2811.40678837 2 0
   1,46     0.5773503000    -0.5773503000     0.5773503000
           0.0108923418    -0.7015976875    -0.7124900293
   1,50    -0.5773503000     0.5773503000    -0.5773503000
          -0.7667011719    -0.1401901765     0.6265109954
 1,49 -53.68342832 84.28254188 2332.48047871 2 0
   1,56     0.5773503000    -0.5773503000    -0.5773503000
           0.6583620276     0.7474148963    -0.0890528687
   1,51    -0.5773503000     0.5773503000     0.5773503000
           0.6358528280     0.7615122409    -0.1256594130
 1,50 25.21552202 39.50096565 2813.05082322 2 0
   1,48     0.5773503000    -0.5773503000     0.5773503000
          -0.7667011719    -0.1401901765     0.6265109954
   1,52    -0.5773503000     0.5773503000    -0.5773503000
          -0.7939618193    -0.5619611269     0.2320006925
 1,51 -101.06514202 128.47609049 2335.30116480 2 0
   1,53    -0.5773503000     0.5773503000     0.5773503000
           0.7093399869     0.7048522135     0.0044877734
   1,49     0.5773503000    -0.5773503000    -0.5773503000
           0.6358528280     0.7615122409    -0.1256594130
 1,52 -17.62282940 97.44999953 2813.86147589 2 0
   1,55    -0.5773503000     0.5773503000    -0.5773503000
          -0.7923635656    -0.5668275707     0.2255359949
   1,50     0.5773503000    -0.5773503000     0.5773503000
          -0.7939618193    -0.5619611269     0.2320006925
 1,53 -161.52747067 190.47914858 2339.38573553 2 0
   3,16    -0.5773503000     0.5773503000     0.5773503000
           0.7604721973     0.6376492449     0.1228229524
   1,51     0.5773503000    -0.5773503000    -0.5773503000
           0.7093399869     0.7048522135     0.0044877734
 1,54 -101.24606660 212.87778260 2813.34156908 2 0
   3,30    -0.5773503000     0.5773503000    -0.5773503000
          -0.7923642207    -0.5668256169     0.2255386037
   1,55     0.5773503000    -0.5773503000     0.5773503000
          -0.7928662081    -0.5653188109     0.2275473972
 1,55 -58.65574585 153.97034760 2814.01241925 2 0
   1,52     0.5773503000    -0.5773503000     0.5773503000
          -0.7923635656    -0.5668275707     0.2255359949
   1,54    -0.5773503000     0.5773503000    -0.5773503000
          -0.7928662081    -0.5653188109     0.2275473972
 1,56 16.79081715 27.28551583 2328.03935479 2 0
   1,49    -0.5773503000     0.5773503000     0.5773503000
           0.6583620276     0.7474148963    -0.0890528687
   1,47     0.5773503000    -0.5773503000    -0.5773503000
           0.6120403867     0.7740532304    -0.1620128438
 1,57 174.54148761 -92.22905673 2317.67481250 2 0
   1,45    -0.5773503000     0.5773503000     0.5773503000
           0.6059493158     0.7769146014    -0.1709652855
   1,42     0.5773503000    -0.5773503000    -0.5773503000
           0.5736300222     0.7900162116    -0.2163861894
 1,58 -190.58586123 68.12445672 -92.95313669 2 0
   1,59     0.5773503000     0.5773503000    -0.5773503000
          -0.5675874495     0.7921079635     0.2245205140
   1,41    -0.5773503000    -0.5773503000     0.5773503000
          -0.5681279395     0.7919251548     0.2237972153
 1,59 -153.54771465 95.18867977 -93.69309725 2 0
   1,60     0.5773503000     0.5773503000    -0.5773503000
          -0.5865488659     0.7851792215     0.1986303556
   1,58    -0.5773503000    -0.5773503000     0.5773503000
          -0.5675874495     0.7921079635     0.2245205140
 1,60 -104.32885711 130.91921939 -94.74015192 2 0
   1,59    -0.5773503000    -0.5773503000     0.5773503000
          -0.5865488659     0.7851792215     0.1986303556
   1,62     0.5773503000     0.5773503000    -0.5773503000
          -0.5669868142     0.7923101368     0.2253233226
 1,61 15.02173394 218.11337992 -97.88947920 2 0
   1,62    -0.5773503000    -0.5773503000     0.5773503000
          -0.5692302266     0.7915497361     0.2223195095
   3,61     0.5773503000     0.5773503000    -0.5773503000
          -0.5733547502     0.7901138138     0.2167590636
 1,62 -53.51857464 167.77608480 -95.84486542 2 0
   1,60    -0.5773503000    -0.5773503000     0.5773503000
          -0.5669868142     0.7923101368     0.2253233226
   1,61     0.5773503000     0.5773503000    -0.5773503000
          -0.5692302266     0.7915497361     0.2223195095
 1,63 -261.99228224 174.75319042 -944.87996773 2 0
   1,67     0.5773503000    -0.5773503000    -0.5773503000
           0.7874897972     0.5805465702     0.2069432270
   2,14    -0.5773503000     0.5773503000     0.5773503000
           0.7874616246     0.5806215352     0.2068400894
 1,64 -264.02777859 -585.22883739 -2734.34408473 2 0
   1,20     0.5773503000    -0.5773503000     0.5773503000
          -0.6789041420     0.0533797944     0.7322839364
   1,65    -0.5773503000     0.5773503000    -0.5773503000
           0.1420513319    -0.6252975811    -0.7673489130
 1,65 -327.21790598 -601.55243598 -2725.07823716 2 0
   1,64     0.5773503000    -0.5773503000     0.5773503000
           0.1420513319    -0.6252975811    -0.7673489130
   1,66    -0.5773503000     0.5773503000    -0.5773503000
           0.1454102605    -0.6230979253    -0.7685081858
 1,66 -384.53169666 -626.96186195 -2714.62394885 2 0
   1,65     0.5773503000    -0.5773503000     0.5773503000
           0.1454102605    -0.6230979253    -0.7685081858
   1,69    -0.5773503000     0.5773503000    -0.5773503000
           0.1466031365    -0.6223137280    -0.7689168644
 1,67 -209.75164184 104.12973948 -949.52317999 2 0
   1,63    -0.5773503000     0.5773503000     0.5773503000
           0.7874897972     0.5805465702     0.2069432270
   1,70     0.5773503000    -0.5773503000    -0.5773503000
           0.7913962155     0.5696780565     0.2217181589
 1,68 -480.86291864 -718.07906694 -2701.38243029 1 1
   1,69     0.5773503000    -0.5773503000     0.5773503000
           0.3404531752    -0.4724776419    -0.8129308171
 1,69 -440.96763505 -664.07730679 -2700.83056783 2 0
   1,66     0.5773503000    -0.5773503000     0.5773503000
           0.1466031365    -0.6223137280    -0.7689168644
   1,68    -0.5773503000     0.5773503000    -0.5773503000
           0.3404531752    -0.4724776419    -0.8129308171
 1,70 -167.48027241 46.59773812 -953.36203265 2 0
   1,71     0.5773503000    -0.5773503000    -0.5773503000
           0.7883333792     0.5782804111     0.2100529681
   1,67    -0.5773503000     0.5773503000     0.5773503000
           0.7913962155     0.5696780565     0.2217181589
 1,71 -136.04946196 4.10705922 -956.27739132 2 0
   1,72     0.5773503000    -0.5773503000    -0.5773503000
           0.7888699262     0.5768169241     0.2120530021
   1,70    -0.5773503000     0.5773503000     0.5773503000
           0.7883333792     0.5782804111     0.2100529681
 1,72 -96.52473364 -49.30949375 -960.14058425 2 0
   1,71    -0.5773503000     0.5773503000     0.5773503000
           0.7888699262     0.5768169241     0.2120530021
   1,73     0.5773503000    -0.5773503000    -0.5773503000
           0.7910122885     0.5707906833     0.2202216052
 1,73 -57.67107024 -101.46251979 -964.27380150 2 0
   1,74     0.5773503000    -0.5773503000    -0.5773503000
           0.7899885853     0.5737078240     0.2162807614
   1,72    -0.5773503000     0.5773503000     0.5773503000
           0.7910122885     0.5707906833     0.2202216052
 1,74 -11.43215627 -163.62397367 -969.74346902 2 0
   1,75     0.5773503000    -0.5773503000    -0.5773503000
          -0.3023703432    -0.8080178228     0.5056474796
   1,73    -0.5773503000     0.5773503000     0.5773503000
           0.7899885853     0.5737078240     0.2162807614
 1,75 32.59189657 -222.49996004 -975.22794791 2 0
   1,1     0.5773503000    -0.5773503000    -0.5773503000
          -0.3023703432    -0.8080178228     0.5056474796
   1,74    -0.5773503000     0.5773503000     0.5773503000
          -0.3023703432    -0.8080178228     0.5056474796
 2,0 -657.11501175 565.44602697 -941.78175419 1 1
   2,6     0.5773503000    -0.5773503000    -0.5773503000
           0.5619485144     0.7939658754    -0.2320173611
 2,1 215.23604901 497.67307516 -4396.75729082 2 0
   6,3     0.5773503000     0.5773503000    -0.5773503000
          -0.2812024269     0.8044490095     0.5232465826
   2,65    -0.5773503000    -0.5773503000     0.5773503000
          -0.7916272185     0.5690035633    -0.2226236552
 2,2 55.22864031 512.96385081 -7341.72232007 2 0
   2,4    -0.5773503000     0.5773503000    -0.5773503000
          -0.1880183606    -0.7821129676    -0.5940946070
   2,3     0.5773503000    -0.5773503000     0.5773503000
          -0.1897872096    -0.7826330986    -0.5928458890
 2,3 102.26240745 506.33742542 -7347.98319485 2 0
   2,52     0.5773503000    -0.5773503000     0.5773503000
          -0.1905387096    -0.7828529862    -0.5923142765
   2,2    -0.5773503000     0.5773503000    -0.5773503000
          -0.1897872096    -0.7826330986    -0.5928458890
 2,4 -2.35864680 522.42395371 -7335.76316816 2 0
   2,2     0.5773503000    -0.5773503000     0.5773503000
          -0.1880183606    -0.7821129676    -0.5940946070
   2,5    -0.5773503000     0.5773503000    -0.5773503000
          -0.1987937137    -0.7852254029    -0.5864316892
 2,5 -94.69792132 542.60559056 -7327.48335246 2 0
   2,9    -0.5773503000     0.5773503000    -0.5773503000
          -0.1954221530    -0.7842659808    -0.5888438278
   2,4     0.5773503000    -0.5773503000     0.5773503000
          -0.1987937137    -0.7852254029    -0.5864316892
 2,6 -626.62952691 543.58173160 -941.37795256 2 0
   2,7     0.5773503000    -0.5773503000    -0.5773503000
           0.5592122847     0.7948354267    -0.2356231420
   2,0    -0.5773503000     0.5773503000     0.5773503000
           0.5619485144     0.7939658754    -0.2320173611
 2,7 -570.03719913 502.36643920 -940.70358122 2 0
   2,6    -0.5773503000     0.5773503000     0.5773503000
           0.5592122847     0.7948354267    -0.2356231420
   2,12     0.5773503000    -0.5773503000    -0.5773503000
           0.5526339328     0.7968424723    -0.2442085395
 2,8 -158.78069751 675.20108130 -7486.30168527 2 0
   2,53     0.5773503000     0.5773503000     0.5773503000
           0.6222328643     0.1467260046    -0.7689588689
   2,57    -0.5773503000    -0.5773503000    -0.5773503000
           0.7809885218    -0.1842354510    -0.5967530707
 2,9 -147.07850915 564.38430737 -7315.65641614 2 0
   2,55    -0.5773503000     0.5773503000    -0.5773503000
          -0.5720816160    -0.7905623323    -0.2184807163
   2,5     0.5773503000    -0.5773503000     0.5773503000
          -0.1954221530    -0.7842659808    -0.5888438278
 2,10 -570.30247725 325.77369161 -4494.67720047 2 0
   2,11    -0.5773503000     0.5773503000    -0.5773503000
          -0.5930209557    -0.7825604851    -0.1895395295
   2,35     0.5773503000    -0.5773503000     0.5773503000
          -0.5562597130    -0.7957507108    -0.2394909977
 2,11 -648.65101386 385.21530107 -4499.72460673 2 0
   2,101    -0.5773503000     0.5773503000    -0.5773503000
          -0.5817120078    -0.7870498722    -0.2053378644
   2,10     0.5773503000    -0.5773503000     0.5773503000
          -0.5930209557    -0.7825604851    -0.1895395295
 2,12 -532.10119502 474.48277285 -940.44310571 2 0
   2,7    -0.5773503000     0.5773503000     0.5773503000
           0.5526339328     0.7968424723    -0.2442085395
   2,13     0.5773503000    -0.5773503000    -0.5773503000
           0.5765981207     0.7889495926    -0.2123514719
 2,13 -457.80563361 416.27348911 -939.69165597 2 0
   2,15     0.5773503000    -0.5773503000    -0.5773503000
          -0.4647762896    -0.8137548539     0.3489785643
   2,12    -0.5773503000     0.5773503000     0.5773503000
           0.5765981207     0.7889495926    -0.2123514719
 2,14 -313.79801987 244.30486109 -941.15011117 2 0
   1,63     0.5773503000    -0.5773503000    -0.5773503000
           0.7874616246     0.5806215352     0.2068400894
   2,16    -0.5773503000     0.5773503000     0.5773503000
           0.7872862065     0.5810872863     0.2061989202
 2,15 -418.49198205 378.32917382 -938.92395948 2 0
   2,56     0.5773503000    -0.5773503000    -0.5773503000
          -0.4647762896    -0.8137548539     0.3489785643
   2,13    -0.5773503000     0.5773503000     0.5773503000
          -0.4647762896    -0.8137548539     0.3489785643
 2,16 -343.14070311 283.60440763 -939.78900940 2 0
   2,56    -0.5773503000     0.5773503000     0.5773503000
           0.7872297566     0.5812367926     0.2059929640
   2,14     0.5773503000    -0.5773503000    -0.5773503000
           0.7872862065     0.5810872863     0.2061989202
 2,27 -457.34752500 230.34096973 -4482.18047633 2 0
   0,63     0.5773503000    -0.5773503000     0.5773503000
          -0.7634367964    -0.1309731222     0.6324636742
   2,35    -0.5773503000     0.5773503000    -0.5773503000
          -0.5581680904    -0.7951618370    -0.2369937466
 2,35 -516.24307853 282.68495169 -4489.43863894 2 0
   2,27     0.5773503000    -0.5773503000     0.5773503000
          -0.5581680904    -0.7951618370    -0.2369937466
   2,10    -0.5773503000     0.5773503000    -0.5773503000
          -0.5562597130    -0.7957507108    -0.2394909977
 2,51 -185.81121422 370.61936399 -7428.56951691 2 0
   2,63     0.5773503000     0.5773503000     0.5773503000
           0.7859889543    -0.2015107367    -0.5844782175
   2,62    -0.5773503000    -0.5773503000    -0.5773503000
           0.7824218960    -0.1890674778    -0.5933544181
 2,52 170.16550007 498.72940256 -7358.87827434 2 0
   6,1     0.5773503000    -0.5773503000     0.5773503000
          -0.1896865326    -0.7826035912    -0.5929170586
   2,3    -0.5773503000     0.5773503000    -0.5773503000
          -0.1905387096    -0.7828529862    -0.5923142765
 2,53 -176.69896509 761.80881087 -7485.52878793 2 0
   2,64     0.5773503000     0.5773503000     0.5773503000
           0.7810463672    -0.1844287169    -0.5966176503
   2,8    -0.5773503000    -0.5773503000    -0.5773503000
           0.6222328643     0.1467260046    -0.7689588689
 2,54 -230.68089909 777.54761135 -7273.92523222 2 0
   2,60    -0.5773503000     0.5773503000    -0.5773503000
          -0.7809129332    -0.1839831196     0.5969298136
   2,58     0.5773503000    -0.5773503000     0.5773503000
          -0.7793533511    -0.1788301304     0.6005232207
 2,55 -183.13150724 601.14883297 -7297.79361506 2 0
   2,59    -0.5773503000     0.5773503000    -0.5773503000
          -0.7967862111    -0.2439625374     0.5528236737
   2,9     0.5773503000    -0.5773503000     0.5773503000
          -0.5720816160    -0.7905623323    -0.2184807163
 2,56 -376.70236321 328.70366492 -938.80253272 2 0
   2,15    -0.5773503000     0.5773503000     0.5773503000
          -0.4647762896    -0.8137548539     0.3489785643
   2,16     0.5773503000    -0.5773503000    -0.5773503000
           0.7872297566     0.5812367926     0.2059929640
 2,57 -163.84194137 578.40755572 -7464.33281388 2 0
   2,61    -0.5773503000    -0.5773503000    -0.5773503000
           0.7810867453    -0.1845637082    -0.5965230372
   2,8     0.5773503000     0.5773503000     0.5773503000
           0.7809885218    -0.1842354510    -0.5967530707
 2,58 -217.85466181 719.69715188 -7276.61326473 2 0
   2,59     0.5773503000    -0.5773503000     0.5773503000
          -0.7959216461    -0.2402219566     0.5556996895
   2,54    -0.5773503000     0.5773503000    -0.5773503000
          -0.7793533511    -0.1788301304     0.6005232207
 2,59 -202.69772190 651.47643968 -7284.18470354 2 0
   2,55     0.5773503000    -0.5773503000     0.5773503000
          -0.7967862111    -0.2439625374     0.5528236737
   2,58    -0.5773503000     0.5773503000    -0.5773503000
          -0.7959216461    -0.2402219566     0.5556996895
 2,60 -239.97892416 818.34866073 -7273.48106020 1 1
   2,54     0.5773503000    -0.5773503000     0.5773503000
          -0.7809129332    -0.1839831196     0.5969298136
 2,61 -170.55961328 501.45474022 -7448.54116146 2 0
   2,57     0.5773503000     0.5773503000     0.5773503000
           0.7810867453    -0.1845637082    -0.5965230372
   2,63    -0.5773503000    -0.5773503000    -0.5773503000
           0.7822376646    -0.1884413123    -0.5937963522
 2,62 -199.04971271 278.59593712 -7416.60073635 2 0
   0,85    -0.5773503000    -0.5773503000    -0.5773503000
           0.7837635848    -0.1936748743    -0.5900887105
   2,51     0.5773503000     0.5773503000     0.5773503000
           0.7824218960    -0.1890674778    -0.5933544181
 2,63 -176.09662054 449.78942486 -7439.80131603 2 0
   2,51    -0.5773503000    -0.5773503000    -0.5773503000
           0.7859889543    -0.2015107367    -0.5844782175
   2,61     0.5773503000     0.5773503000     0.5773503000
           0.7822376646    -0.1884413123    -0.5937963522
 2,64 -191.57359447 829.77560901 -7484.58665233 1 1
   2,53    -0.5773503000    -0.5773503000    -0.5773503000
           0.7810463672    -0.1844287169    -0.5966176503
 2,65 178.97584865 447.63832380 -4396.03552795 2 0
   2,1     0.5773503000     0.5773503000    -0.5773503000
          -0.7916272185     0.5690035633    -0.2226236552
   2,67    -0.5773503000    -0.5773503000     0.5773503000
          -0.7824670446     0.5932458809    -0.1892211637
 2,66 60.13378639 281.89504947 -4396.89144594 2 0
   2,68     0.5773503000     0.5773503000    -0.5773503000
           0.2889212835     0.5168965756     0.8058178591
   0,78    -0.5773503000    -0.5773503000     0.5773503000
           0.8158585732    -0.3799812734     0.4358772997
 2,67 140.60956981 394.34266715 -4395.79895696 2 0
   2,68    -0.5773503000    -0.5773503000     0.5773503000
          -0.2812024269     0.8044490095     0.5232465826
   2,65     0.5773503000     0.5773503000    -0.5773503000
          -0.7824670446     0.5932458809    -0.1892211637
 2,68 100.96370293 339.01798589 -4396.11362039 2 0
   2,67     0.5773503000     0.5773503000    -0.5773503000
          -0.2812024269     0.8044490095     0.5232465826
   2,66    -0.5773503000    -0.5773503000     0.5773503000
           0.2889212835     0.5168965756     0.8058178591
 2,101 -692.99360799 417.90738039 -4501.02253623 2 0
   2,11     0.5773503000    -0.5773503000     0.5773503000
          -0.5817120078    -0.7870498722    -0.2053378644
   2,2159    -0.5773503000     0.5773503000    -0.5773503000
          -0.5806706611    -0.7874431534    -0.2067724923
 2,2159 -739.35218644 451.34804195 -4501.11603896 1 1
   2,101     0.5773503000    -0.5773503000     0.5773503000
          -0.5806706611    -0.7874431534    -0.2067724923
 3,10 -404.54196071 695.79694363 1442.60076116 2 0
   3,29     0.5773503000    -0.5773503000     0.5773503000
          -0.6021360877    -0.7786390845    -0.1765029968
   3,87    -0.5773503000     0.5773503000    -0.5773503000
          -0.7811305214    -0.1847101382     0.5964203831
 3,13 -548.74934616 605.84704940 6448.80455013 2 0
   3,22     0.5773503000     0.5773503000    -0.5773503000
          -0.6221467025    -0.1468568950    -0.7690035975
   3,19    -0.5773503000    -0.5773503000     0.5773503000
          -0.4724808924    -0.3404495526    -0.8129304450
 3,15 111.89214251 428.29100344 1414.52757723 2 0
   3,42    -0.5773503000     0.5773503000    -0.5773503000
          -0.1895273189    -0.7825569035    -0.5930295846
   3,46     0.5773503000    -0.5773503000     0.5773503000
          -0.1897401194    -0.7826192984    -0.5928791790
 3,16 -216.33767305 257.02316116 2344.06045676 2 0
   3,73    -0.5773503000     0.5773503000     0.5773503000
           0.7912785413     0.5700201830     0.2212583583
   1,53     0.5773503000    -0.5773503000    -0.5773503000
           0.7604721973     0.6376492449     0.1228229524
 3,17 -373.87485725 587.74089698 2803.58035725 2 0
   3,25    -0.5773503000     0.5773503000    -0.5773503000
          -0.7924487377    -0.5665732713     0.2258754665
   3,32     0.5773503000    -0.5773503000     0.5773503000
          -0.7924475675    -0.5665767691     0.2258707984
 3,18 -48.88186580 469.62886607 1416.48433544 2 0
   3,23    -0.5773503000     0.5773503000    -0.5773503000
          -0.2049662415    -0.7869476048    -0.5819813633
   3,42     0.5773503000    -0.5773503000     0.5773503000
          -0.2095420960    -0.7881955738    -0.5786534779
 3,19 -519.88552674 561.51799900 6450.01972258 2 0
   3,21    -0.5773503000    -0.5773503000     0.5773503000
          -0.6215678170    -0.1477355422    -0.7693033592
   3,13     0.5773503000     0.5773503000    -0.5773503000
          -0.4724808924    -0.3404495526    -0.8129304450
 3,20 -449.38772865 285.74316154 6404.28597417 2 0
   3,40    -0.5773503000    -0.5773503000     0.5773503000
          -0.7602635816     0.1222568893    -0.6380066923
   3,38     0.5773503000     0.5773503000    -0.5773503000
          -0.7827111630     0.1900537521    -0.5926574109
 3,21 -490.26945593 492.80023374 6441.27019681 2 0
   3,19     0.5773503000     0.5773503000    -0.5773503000
          -0.6215678170    -0.1477355422    -0.7693033592
   3,43    -0.5773503000    -0.5773503000     0.5773503000
          -0.6227189860    -0.1459869822    -0.7687059682
 3,22 -578.52884908 647.68544708 6448.58765906 1 1
   3,13    -0.5773503000    -0.5773503000     0.5773503000
          -0.6221467025    -0.1468568950    -0.7690035975
 3,23 -114.80639440 496.55195083 1420.39066991 2 0
   3,18     0.5773503000    -0.5773503000     0.5773503000
          -0.2049662415    -0.7869476048    -0.5819813633
   3,26    -0.5773503000     0.5773503000    -0.5773503000
          -0.5539523154    -0.7964495682    -0.2424972528
 3,24 -227.53854855 386.68720797 2809.21830783 2 0
   3,50    -0.5773503000     0.5773503000    -0.5773503000
          -0.7943389727    -0.5607824362     0.2335565364
   3,31     0.5773503000    -0.5773503000     0.5773503000
          -0.7927327753    -0.5657212229     0.2270115524
 3,25 -409.07840340 636.25426949 2802.67270009 2 0
   3,37    -0.5773503000     0.5773503000    -0.5773503000
          -0.6446558763     0.1116237882     0.7562796646
   3,17     0.5773503000    -0.5773503000     0.5773503000
          -0.7924487377    -0.5665732713     0.2258754665
 3,26 -169.40542574 528.02371439 1425.84366845 2 0
   3,23     0.5773503000    -0.5773503000     0.5773503000
          -0.5539523154    -0.7964495682    -0.2424972528
   3,44    -0.5773503000     0.5773503000    -0.5773503000
          -0.5676668188    -0.7920811709    -0.2244143521
 3,27 -491.55692629 629.45837585 2361.46902049 2 0
   3,34     0.5773503000    -0.5773503000    -0.5773503000
           0.7920028825     0.5678984324     0.2241044501
   3,53    -0.5773503000     0.5773503000     0.5773503000
           0.7845524567     0.5881284226     0.1964240341
 3,28 -165.35614985 301.26607786 2811.56080605 2 0
   3,31    -0.5773503000     0.5773503000    -0.5773503000
          -0.7921372361    -0.5675006729     0.2246365632
   3,30     0.5773503000    -0.5773503000     0.5773503000
          -0.7921712785    -0.5673996757     0.2247716028
 3,29 -336.26313708 643.34998779 1438.90811560 2 0
   3,10    -0.5773503000     0.5773503000    -0.5773503000
          -0.6021360877    -0.7786390845    -0.1765029968
   3,63     0.5773503000    -0.5773503000     0.5773503000
          -0.5687100876    -0.7917273205    -0.2230172329
 3,30 -134.00590629 258.07708513 2812.48744767 2 0
   3,28    -0.5773503000     0.5773503000    -0.5773503000
          -0.7921712785    -0.5673996757     0.2247716028
   1,54     0.5773503000    -0.5773503000     0.5773503000
          -0.7923642207    -0.5668256169     0.2255386037
 3,31 -196.26183080 343.76299399 2810.50316188 2 0
   3,24    -0.5773503000     0.5773503000    -0.5773503000
          -0.7927327753    -0.5657212229     0.2270115524
   3,28     0.5773503000    -0.5773503000     0.5773503000
          -0.7921372361    -0.5675006729     0.2246365632
 3,32 -335.10462305 534.40615277 2804.84882956 2 0
   3,36     0.5773503000    -0.5773503000     0.5773503000
          -0.7931087782    -0.5645837005     0.2285250777
   3,17    -0.5773503000     0.5773503000    -0.5773503000
          -0.7924475675    -0.5665767691     0.2258707984
 3,33 188.63594216 335.16411580 6081.48364076 2 0
   3,56    -0.5773503000     0.5773503000     0.5773503000
           0.7497695123     0.0949128669     0.6548566455
   7,113     0.5773503000    -0.5773503000    -0.5773503000
           0.7479805669     0.0904522724     0.6575282945
 3,34 -457.01094435 581.73231539 2360.89351222 2 0
   3,27    -0.5773503000     0.5773503000     0.5773503000
           0.7920028825     0.5678984324     0.2241044501
   3,39     0.5773503000    -0.5773503000    -0.5773503000
           0.7909584093     0.5709459996     0.2200124097
 3,35 -336.47825728 416.96300419 2354.68726566 2 0
   3,45    -0.5773503000     0.5773503000     0.5773503000
           0.7833733662     0.5910472279     0.1923261383
   3,41     0.5773503000    -0.5773503000    -0.5773503000
           0.7900045618     0.5736628367     0.2163417251
 3,36 -297.89989257 483.26698441 2806.22968991 2 0
   3,32    -0.5773503000     0.5773503000    -0.5773503000
          -0.7931087782    -0.5645837005     0.2285250777
   3,50     0.5773503000    -0.5773503000     0.5773503000
          -0.7930854696    -0.5646545383     0.2284309312
 3,37 -436.86388781 674.65112898 2802.23231451 2 0
   3,55    -0.5773503000     0.5773503000    -0.5773503000
          -0.7942827784    -0.5609588210     0.2333239573
   3,25     0.5773503000    -0.5773503000     0.5773503000
          -0.6446558763     0.1116237882     0.7562796646
 3,38 -450.38864387 349.06417788 6420.89836747 2 0
   3,43     0.5773503000     0.5773503000    -0.5773503000
          -0.6244585069    -0.1433348802    -0.7677933871
   3,20    -0.5773503000    -0.5773503000     0.5773503000
          -0.7827111630     0.1900537521    -0.5926574109
 3,39 -416.72653960 526.37345729 2359.42487220 2 0
   3,45     0.5773503000    -0.5773503000    -0.5773503000
           0.7937439784     0.5626364986     0.2311074797
   3,34    -0.5773503000     0.5773503000     0.5773503000
           0.7909584093     0.5709459996     0.2200124097
 3,40 -460.05591630 226.43493292 6383.88812254 2 0
   3,20     0.5773503000     0.5773503000    -0.5773503000
          -0.7602635816     0.1222568893    -0.6380066923
   1,28    -0.5773503000    -0.5773503000     0.5773503000
          -0.7598145180     0.1210416111    -0.6387729069
 3,41 -302.65531504 371.25702465 2352.01897548 2 0
   3,73     0.5773503000    -0.5773503000    -0.5773503000
           0.7869558269     0.5819597291     0.2049960978
   3,35    -0.5773503000     0.5773503000     0.5773503000
           0.7900045618     0.5736628367     0.2163417251
 3,42 37.84216634 445.60227968 1415.30749625 2 0
   3,18    -0.5773503000     0.5773503000    -0.5773503000
          -0.2095420960    -0.7881955738    -0.5786534779
   3,15     0.5773503000    -0.5773503000     0.5773503000
          -0.1895273189    -0.7825569035    -0.5930295846
 3,43 -463.29585739 413.78384981 6431.85146603 2 0
   3,21     0.5773503000     0.5773503000    -0.5773503000
          -0.6227189860    -0.1459869822    -0.7687059682
   3,38    -0.5773503000    -0.5773503000     0.5773503000
          -0.6244585069    -0.1433348802    -0.7677933871
 3,44 -203.80332432 550.72955715 1429.32288739 2 0
   3,26     0.5773503000    -0.5773503000     0.5773503000
          -0.5676668188    -0.7920811709    -0.2244143521
   3,63    -0.5773503000     0.5773503000    -0.5773503000
          -0.5662405468    -0.7925598992    -0.2263193524
 3,45 -375.39592498 469.90702347 2357.26214271 2 0
   3,39    -0.5773503000     0.5773503000     0.5773503000
           0.7937439784     0.5626364986     0.2311074797
   3,35     0.5773503000    -0.5773503000    -0.5773503000
           0.7833733662     0.5910472279     0.1923261383
 3,46 193.60276679 410.24542326 1412.53588063 2 0
   7,16     0.5773503000    -0.5773503000     0.5773503000
          -0.1913381491    -0.7830861856    -0.5917480365
   3,15    -0.5773503000     0.5773503000    -0.5773503000
          -0.1897401194    -0.7826192984    -0.5928791790
 3,47 151.11162915 449.55994457 6064.69376889 2 0
   3,57    -0.5773503000     0.5773503000     0.5773503000
           0.7766023086     0.1699742419     0.6066280667
   3,56     0.5773503000    -0.5773503000    -0.5773503000
           0.7826358346     0.1897965466     0.5928392880
 3,48 136.09600697 788.53693182 6027.19927799 2 0
   3,51     0.5773503000    -0.5773503000    -0.5773503000
           0.6221916066    -0.1467886838     0.7689802904
   3,52    -0.5773503000     0.5773503000     0.5773503000
           0.6221511015    -0.1468502131     0.7690013146
 3,49 124.84020578 650.58009731 6037.64695141 2 0
   3,51    -0.5773503000     0.5773503000     0.5773503000
           0.7834333305     0.1925329249     0.5909004057
   3,54     0.5773503000    -0.5773503000    -0.5773503000
           0.7800143707     0.1810019553     0.5990124153
 3,50 -262.91669143 435.22264753 2807.66129057 2 0
   3,24     0.5773503000    -0.5773503000     0.5773503000
          -0.7943389727    -0.5607824362     0.2335565364
   3,36    -0.5773503000     0.5773503000    -0.5773503000
          -0.7930854696    -0.5646545383     0.2284309312
 3,51 124.21855323 716.81783693 6028.80295359 2 0
   3,48    -0.5773503000     0.5773503000     0.5773503000
           0.6221916066    -0.1467886838     0.7689802904
   3,49     0.5773503000    -0.5773503000    -0.5773503000
           0.7834333305     0.1925329249     0.5909004057
 3,52 148.41751050 839.96337847 6027.04949745 1 1
   3,48     0.5773503000    -0.5773503000    -0.5773503000
           0.6221511015    -0.1468502131     0.7690013146
 3,53 -529.89126826 682.74143190 2361.22468975 1 1
   3,27     0.5773503000    -0.5773503000    -0.5773503000
           0.7845524567     0.5881284226     0.1964240341
 3,54 132.92711744 568.77241917 6050.12392335 2 0
   3,49    -0.5773503000     0.5773503000     0.5773503000
           0.7800143707     0.1810019553     0.5990124153
   3,57     0.5773503000    -0.5773503000    -0.5773503000
           0.7820304068     0.1877387115     0.5942916953
 3,55 -472.53724078 724.07987602 2802.06738854 1 1
   3,37     0.5773503000    -0.5773503000     0.5773503000
          -0.7942827784    -0.5609588210     0.2333239573
 3,56 165.12787551 387.97038804 6071.45179424 2 0
   3,33     0.5773503000    -0.5773503000    -0.5773503000
           0.7497695123     0.0949128669     0.6548566455
   3,47    -0.5773503000     0.5773503000     0.5773503000
           0.7826358346     0.1897965466     0.5928392880
 3,57 142.13819656 501.88715669 6058.80370855 2 0
   3,47     0.5773503000    -0.5773503000    -0.5773503000
           0.7766023086     0.1699742419     0.6066280667
   3,54    -0.5773503000     0.5773503000     0.5773503000
           0.7820304068     0.1877387115     0.5942916953
 3,58 171.42891930 350.75012157 -103.23188449 4 0
   3,60     0.5773503000    -0.5773503000    -0.5773503000
           0.1844189398     0.7810434419    -0.5966245021
   3,59    -0.5773503000     0.5773503000     0.5773503000
           0.7894342988     0.5752583245     0.2141759743
   7,71     0.5773503000     0.5773503000    -0.5773503000
          -0.7672135333     0.6255521029    -0.1416614305
   3,62    -0.5773503000    -0.5773503000     0.5773503000
          -0.6620718647     0.7448542916     0.0827824269
 3,59 168.81913877 348.13903937 -100.35879725 1 1
   3,58     0.5773503000    -0.5773503000    -0.5773503000
           0.7894342988     0.5752583245     0.2141759743
 3,60 168.81915732 348.13887807 -100.35879751 1 1
   3,58    -0.5773503000     0.5773503000     0.5773503000
           0.1844189398     0.7810434419    -0.5966245021
 3,61 58.82906730 251.87202833 -99.57516205 2 0
   1,61    -0.5773503000    -0.5773503000     0.5773503000
          -0.5733547502     0.7901138138     0.2167590636
   3,62     0.5773503000     0.5773503000    -0.5773503000
          -0.6511783421     0.7521745378     0.1009961957
 3,62 98.82974312 285.94891937 -101.04837958 2 0
   3,61    -0.5773503000    -0.5773503000     0.5773503000
          -0.6511783421     0.7521745378     0.1009961957
   3,58     0.5773503000     0.5773503000    -0.5773503000
          -0.6620718647     0.7448542916     0.0827824269
 3,63 -259.72728670 588.86065272 1433.98053567 2 0
   3,29    -0.5773503000     0.5773503000    -0.5773503000
          -0.5687100876    -0.7917273205    -0.2230172329
   3,44     0.5773503000    -0.5773503000     0.5773503000
          -0.5662405468    -0.7925598992    -0.2263193524
 3,73 -270.00479959 327.59911169 2349.10814660 2 0
   3,41    -0.5773503000     0.5773503000     0.5773503000
           0.7869558269     0.5819597291     0.2049960978
   3,16     0.5773503000    -0.5773503000    -0.5773503000
           0.7912785413     0.5700201830     0.2212583583
 3,87 -441.03874762 746.78270538 1443.57361470 1 1
   3,10     0.5773503000    -0.5773503000     0.5773503000
          -0.7811305214    -0.1847101382     0.5964203831
 4,0 596.51580869 -229.00968584 -8750.00000000 1 1
   4,9     0.5773503000    -0.5773503000     0.5773503000
           0.7069372599     0.7072761806     0.0003389207
 4,7 610.85004319 -240.64990536 -8255.60660661 2 0
   4,28     0.5773503000    -0.5773503000     0.5773503000
          -0.2740919346     0.5290285094     0.8031204440
   4,61    -0.5773503000     0.5773503000    -0.5773503000
           0.7133500095     0.7006936423    -0.0126563672
 4,8 604.48988842 -236.52994850 -8418.73231398 2 0
   4,61     0.5773503000    -0.5773503000     0.5773503000
          -0.2740919346     0.5290285094     0.8031204440
   4,30    -0.5773503000     0.5773503000    -0.5773503000
           0.7089134683     0.7052861383    -0.0036273299
 4,9 597.01452776 -229.50776149 -8680.29558601 2 0
   4,64     0.5773503000    -0.5773503000     0.5773503000
           0.7061353370     0.7080742380     0.0019389011
   4,0    -0.5773503000     0.5773503000    -0.5773503000
           0.7069372599     0.7072761806     0.0003389207
 4,16 769.32218514 -409.76688992 -2868.22388698 1 1
   4,20    -0.5773503000    -0.5773503000     0.5773503000
          -0.5281347555    -0.2751962499    -0.8033310053
 4,20 702.81841053 -360.35374457 -2869.20691535 2 0
   4,16     0.5773503000     0.5773503000    -0.5773503000
          -0.5281347555    -0.2751962499    -0.8033310053
   4,854    -0.5773503000    -0.5773503000     0.5773503000
          -0.7619911252     0.1269736267    -0.6350174984
 4,28 618.71022599 -238.46028410 -8169.80217148 2 0
   4,7    -0.5773503000     0.5773503000    -0.5773503000
          -0.2740919346     0.5290285094     0.8031204440
   6,9     0.5773503000    -0.5773503000     0.5773503000
           0.7068624610     0.7073508484     0.0004883875
 4,30 602.74278076 -235.00472894 -8467.69534259 2 0
   4,63    -0.5773503000     0.5773503000    -0.5773503000
          -0.2740919346     0.5290285094     0.8031204440
   4,8     0.5773503000    -0.5773503000     0.5773503000
           0.7089134683     0.7052861383    -0.0036273299
 4,50 754.42342788 -430.43781143 -2900.56042137 1 1
   4,854     0.5773503000     0.5773503000    -0.5773503000
          -0.7809200822     0.1840069742    -0.5969131081
 4,58 819.58975547 -234.72156246 -8093.44585559 1 1
   4,66    -0.5773503000     0.5773503000    -0.5773503000
          -0.2004162495    -0.7856824096    -0.5852661601
 4,61 607.00227489 -238.69395831 -8348.00168670 2 0
   4,8    -0.5773503000     0.5773503000    -0.5773503000
          -0.2740919346     0.5290285094     0.8031204440
   4,7     0.5773503000    -0.5773503000     0.5773503000
           0.7133500095     0.7006936423    -0.0126563672
 4,63 600.20853747 -232.64043415 -8544.35080991 2 0
   4,64    -0.5773503000     0.5773503000    -0.5773503000
          -0.7226500312    -0.0321856844     0.6904643468
   4,30     0.5773503000    -0.5773503000     0.5773503000
          -0.2740919346     0.5290285094     0.8031204440
 4,64 598.39283021 -230.91309779 -8608.48705546 2 0
   4,63     0.5773503000    -0.5773503000     0.5773503000
          -0.7226500312    -0.0321856844     0.6904643468
   4,9    -0.5773503000     0.5773503000    -0.5773503000
           0.7061353370     0.7080742380     0.0019389011
 4,66 777.75839826 -224.92356990 -8093.35231084 2 0
   4,58     0.5773503000    -0.5773503000     0.5773503000
          -0.2004162495    -0.7856824096    -0.5852661601
   6,10    -0.5773503000     0.5773503000    -0.5773503000
          -0.1898688387    -0.7826570147    -0.5927881759
 4,854 711.71030578 -398.62586868 -2901.11809262 2 0
   4,50    -0.5773503000    -0.5773503000     0.5773503000
          -0.7809200822     0.1840069742    -0.5969131081
   4,20     0.5773503000     0.5773503000    -0.5773503000
          -0.7619911252     0.1269736267    -0.6350174984
 5,0 563.12892768 -527.02262107 7023.50363004 2 0
   5,18    -0.5773503000    -0.5773503000     0.5773503000
          -0.6323489255    -0.1311521822    -0.7635011077
   5,5     0.5773503000     0.5773503000    -0.5773503000
          -0.6327726528    -0.1304907008    -0.7632633536
 5,1 466.38648881 -307.57139704 2299.37983028 2 0
   5,22    -0.5773503000     0.5773503000     0.5773503000
           0.6100102937     0.7750217223    -0.1650114285
   5,25     0.5773503000    -0.5773503000    -0.5773503000
           0.5712640726     0.7908478511    -0.2195837785
 5,2 550.64204127 -369.44088868 2295.69386157 2 0
   5,25    -0.5773503000     0.5773503000     0.5773503000
           0.5626217643     0.7937487445    -0.2311269801
   5,40     0.5773503000    -0.5773503000    -0.5773503000
           0.5729821088     0.7902455852    -0.2172634764
 5,3 569.44610987 -384.30925697 2813.36402578 2 0
   5,16    -0.5773503000     0.5773503000    -0.5773503000
           0.0000000000     0.0000000000     0.0000000000
   5,23     0.5773503000    -0.5773503000     0.5773503000
          -0.5688051954    -0.7916949072    -0.2228897117
 5,5 628.05435101 -538.79112347 7056.14387387 2 0
   5,169     0.5773503000     0.5773503000    -0.5773503000
           0.1468340743     0.6221617261     0.7689958005
   5,0    -0.5773503000    -0.5773503000     0.5773503000
          -0.6327726528    -0.1304907008    -0.7632633536
 5,9 658.99836078 -448.25965410 2292.43703666 2 0
   5,47     0.5773503000    -0.5773503000    -0.5773503000
           0.5654554301     0.7928209589    -0.2273655288
   5,40    -0.5773503000     0.5773503000     0.5773503000
           0.5703694262     0.7911580704    -0.2207886442
 5,16 496.55698559 -331.30612118 2812.37801922 2 0
   5,3     0.5773503000    -0.5773503000     0.5773503000
           0.0000000000     0.0000000000     0.0000000000
   5,33    -0.5773503000     0.5773503000    -0.5773503000
          -0.5641888446    -0.7932384438    -0.2290495993
 5,18 561.41503361 -557.18799265 7002.50885882 2 0
   5,24    -0.5773503000    -0.5773503000     0.5773503000
          -0.6247967436    -0.1428178098    -0.7676145533
   5,0     0.5773503000     0.5773503000    -0.5773503000
          -0.6323489255    -0.1311521822    -0.7635011077
 5,22 410.22595959 -266.09786447 2302.34378205 2 0
   5,1     0.5773503000    -0.5773503000    -0.5773503000
           0.6100102937     0.7750217223    -0.1650114285
   5,38    -0.5773503000     0.5773503000     0.5773503000
           0.5760359168     0.7891536355    -0.2131177187
 5,23 623.59285007 -423.56325041 2814.05219806 2 0
   5,81     0.5773503000    -0.5773503000     0.5773503000
          -0.6838445601    -0.7282737563    -0.0444291961
   5,3    -0.5773503000     0.5773503000    -0.5773503000
          -0.5688051954    -0.7916949072    -0.2228897117
 5,24 610.05647028 -624.96162342 7002.59118163 1 1
   5,18     0.5773503000     0.5773503000    -0.5773503000
          -0.6247967436    -0.1428178098    -0.7676145533
 5,25 504.90635702 -335.97409023 2297.59910418 2 0
   5,2     0.5773503000    -0.5773503000    -0.5773503000
           0.5626217643     0.7937487445    -0.2311269801
   5,1    -0.5773503000     0.5773503000     0.5773503000
           0.5712640726     0.7908478511    -0.2195837785
 5,33 430.29840413 -283.26740765 2811.39204500 2 0
   5,37    -0.5773503000     0.5773503000    -0.5773503000
          -0.4563705538    -0.8145251427    -0.3581545888
   5,16     0.5773503000    -0.5773503000     0.5773503000
          -0.5641888446    -0.7932384438    -0.2290495993
 5,36 390.90021029 -703.95484714 -1015.56707121 2 0
   5,39    -0.5773503000     0.5773503000     0.5773503000
           0.7911150844     0.5704937946     0.2206212898
   5,41     0.5773503000    -0.5773503000    -0.5773503000
           0.7911150844     0.5704937946     0.2206212898
 5,37 369.92785793 -239.57243014 2810.35610178 2 0
   7,5    -0.5773503000     0.5773503000    -0.5773503000
          -0.1029318017    -0.7529313548    -0.6499995532
   5,33     0.5773503000    -0.5773503000     0.5773503000
          -0.4563705538    -0.8145251427    -0.3581545888
 5,38 364.03919048 -232.07292827 2305.14021661 2 0
   7,8    -0.5773503000     0.5773503000     0.5773503000
           0.5868731846     0.7850511760    -0.1981779914
   5,22     0.5773503000    -0.5773503000    -0.5773503000
           0.5760359168     0.7891536355    -0.2131177187
 5,39 356.96156106 -657.58668161 -1013.66872841 2 0
   5,42    -0.5773503000     0.5773503000     0.5773503000
           0.7027950471    -0.0085460016     0.7113410487
   5,36     0.5773503000    -0.5773503000    -0.5773503000
           0.7911150844     0.5704937946     0.2206212898
 5,40 608.67673378 -411.70298139 2293.67540366 2 0
   5,9     0.5773503000    -0.5773503000    -0.5773503000
           0.5703694262     0.7911580704    -0.2207886442
   5,2    -0.5773503000     0.5773503000     0.5773503000
           0.5729821088     0.7902455852    -0.2172634764
 5,41 428.57701958 -755.76461076 -1016.75809161 1 1
   5,36    -0.5773503000     0.5773503000     0.5773503000
           0.7911150844     0.5704937946     0.2206212898
 5,42 320.65716941 -608.32487396 -1010.88508229 2 0
   5,39     0.5773503000    -0.5773503000    -0.5773503000
           0.7027950471    -0.0085460016     0.7113410487
   5,43    -0.5773503000     0.5773503000     0.5773503000
           0.7027950471    -0.0085460016     0.7113410487
 5,43 286.84554454 -562.62507785 -1007.72435245 2 0
   5,44    -0.5773503000     0.5773503000     0.5773503000
           0.7027950471    -0.0085460016     0.7113410487
   5,42     0.5773503000    -0.5773503000    -0.5773503000
           0.7027950471    -0.0085460016     0.7113410487
 5,44 254.64322856 -519.27787304 -1004.25631939 2 0
   5,43     0.5773503000    -0.5773503000    -0.5773503000
           0.7027950471    -0.0085460016     0.7113410487
   1,0    -0.5773503000     0.5773503000     0.5773503000
           0.6284529237    -0.1371992707     0.7656521944
 5,47 713.25182473 -487.56035943 2291.72454760 1 1
   5,9    -0.5773503000     0.5773503000     0.5773503000
           0.5654554301     0.7928209589    -0.2273655288
 5,81 663.03118736 -452.10645241 2814.43659474 2 0
   5,2453     0.5773503000    -0.5773503000     0.5773503000
          -0.2062813604    -0.7873087884    -0.5810274280
   5,23    -0.5773503000     0.5773503000    -0.5773503000
          -0.6838445601    -0.7282737563    -0.0444291961
 5,169 659.82918900 -561.68030719 7056.15890017 1 1
   5,5    -0.5773503000    -0.5773503000     0.5773503000
           0.1468340743     0.6221617261     0.7689958005
 5,2453 712.85262940 -488.11421338 2814.78577371 1 1
   5,81    -0.5773503000     0.5773503000    -0.5773503000
          -0.2062813604    -0.7873087884    -0.5810274280
 6,0 619.97757518 616.97146784 -7414.82306399 1 1
   6,79    -0.5773503000     0.5773503000    -0.5773503000
          -0.1839223805    -0.7808947273    -0.5969723468
 6,1 228.45739985 494.12775882 -7370.17688256 2 0
   2,52    -0.5773503000     0.5773503000    -0.5773503000
          -0.1896865326    -0.7826035912    -0.5929170586
   6,62     0.5773503000    -0.5773503000     0.5773503000
          -0.1836312767    -0.7808074131    -0.5971761364
 6,2 488.72587749 538.91186498 -7409.96397579 2 0
   6,80    -0.5773503000     0.5773503000    -0.5773503000
           0.1468526766    -0.6221494797    -0.7690021563
   6,79     0.5773503000    -0.5773503000     0.5773503000
           0.1455946085    -0.6229768383    -0.7685714468
 6,3 248.76951734 543.77783333 -4397.60699948 2 0
   6,4     0.5773503000     0.5773503000    -0.5773503000
          -0.0461447178     0.7290489865     0.6829042687
   2,1    -0.5773503000    -0.5773503000     0.5773503000
          -0.2812024269     0.8044490095     0.5232465826
 6,4 278.71314850 584.96732667 -4398.31043669 2 0
   6,3    -0.5773503000    -0.5773503000     0.5773503000
          -0.0461447178     0.7290489865     0.6829042687
   6,5     0.5773503000     0.5773503000    -0.5773503000
          -0.7964242777     0.5540366472    -0.2423876306
 6,5 312.69314274 631.80276048 -4399.01020079 2 0
   6,4    -0.5773503000    -0.5773503000     0.5773503000
          -0.7964242777     0.5540366472    -0.2423876306
   6,6     0.5773503000     0.5773503000    -0.5773503000
          -0.7993533423     0.5438143680    -0.2555389743
 6,6 347.45960821 679.82238680 -4399.59510067 2 0
   6,5    -0.5773503000    -0.5773503000     0.5773503000
          -0.7993533423     0.5438143680    -0.2555389743
   6,7     0.5773503000     0.5773503000    -0.5773503000
          -0.7894343418     0.5752582051    -0.2141761367
 6,7 375.25043134 718.26678857 -4399.88585436 2 0
   6,8     0.5773503000     0.5773503000    -0.5773503000
          -0.7964242777     0.5540366472    -0.2423876306
   6,6    -0.5773503000    -0.5773503000     0.5773503000
          -0.7894343418     0.5752582051    -0.2141761367
 6,8 411.29403724 768.22147964 -4400.02227450 1 1
   6,7    -0.5773503000    -0.5773503000     0.5773503000
          -0.7964242777     0.5540366472    -0.2423876306
 6,9 658.51938021 -218.37255902 -8104.62742489 2 0
   6,10     0.5773503000    -0.5773503000     0.5773503000
          -0.2776318465    -0.8037899215    -0.5261580750
   4,28    -0.5773503000     0.5773503000    -0.5773503000
           0.7068624610     0.7073508484     0.0004883875
 6,10 717.50968454 -215.33207586 -8094.02316752 2 0
   6,9    -0.5773503000     0.5773503000    -0.5773503000
          -0.2776318465    -0.8037899215    -0.5261580750
   4,66     0.5773503000    -0.5773503000     0.5773503000
          -0.1898688387    -0.7826570147    -0.5927881759
 6,11 287.29217948 128.50154536 -5408.26608451 2 0
   6,13     0.5773503000     0.5773503000    -0.5773503000
          -0.5722623141     0.7904989622     0.2182366481
   6,14    -0.5773503000    -0.5773503000     0.5773503000
          -0.5828151601     0.7866296180     0.2038144579
 6,12 371.98073367 192.63533849 -5413.88312964 2 0
   6,16     0.5773503000     0.5773503000    -0.5773503000
          -0.5316530358    -0.2708379836    -0.8024910194
   6,13    -0.5773503000    -0.5773503000     0.5773503000
          -0.5925300238     0.7827638589     0.1902338352
 6,13 324.00873047 156.60905663 -5410.66053166 2 0
   6,11    -0.5773503000    -0.5773503000     0.5773503000
          -0.5722623141     0.7904989622     0.2182366481
   6,12     0.5773503000     0.5773503000    -0.5773503000
          -0.5925300238     0.7827638589     0.1902338352
 6,14 225.54039806 78.81376730 -5404.45569983 2 0
   0,80    -0.5773503000    -0.5773503000     0.5773503000
          -0.4383965263     0.8157352396     0.3773387134
   6,11     0.5773503000     0.5773503000    -0.5773503000
          -0.5828151601     0.7866296180     0.2038144579
 6,16 425.58633635 232.51339049 -5417.30436847 2 0
   6,12    -0.5773503000    -0.5773503000     0.5773503000
          -0.5316530358    -0.2708379836    -0.8024910194
   6,22     0.5773503000     0.5773503000    -0.5773503000
          -0.6400434752    -0.1190207005    -0.7590641756
 6,17 530.83658157 310.14442390 -5422.63564068 2 0
   6,22    -0.5773503000    -0.5773503000     0.5773503000
          -0.6400434751    -0.1190207006    -0.7590641757
   6,18     0.5773503000     0.5773503000    -0.5773503000
          -0.5627120855     0.7937195188     0.2310074333
 6,18 585.55111037 350.32499355 -5424.67693786 2 0
   6,20     0.5773503000     0.5773503000    -0.5773503000
          -0.4451703408    -0.3701774514    -0.8153477922
   6,17    -0.5773503000    -0.5773503000     0.5773503000
          -0.5627120855     0.7937195188     0.2310074333
 6,19 681.41331547 420.19478714 -5426.79655158 2 0
   6,20    -0.5773503000    -0.5773503000     0.5773503000
           0.0000000000     0.0000000000     0.0000000000
   6,21     0.5773503000     0.5773503000    -0.5773503000
          -0.6088515743     0.7755678256     0.1667162513
 6,20 637.25018427 388.10660166 -5426.09530198 2 0
   6,19     0.5773503000     0.5773503000    -0.5773503000
           0.0000000000     0.0000000000     0.0000000000
   6,18    -0.5773503000    -0.5773503000     0.5773503000
          -0.4451703408    -0.3701774514    -0.8153477922
 6,21 734.29911200 458.35880824 -5426.95855016 1 1
   6,19    -0.5773503000    -0.5773503000     0.5773503000
          -0.6088515743     0.7755678256     0.1667162513
 6,22 477.00819726 270.51277028 -5420.14315379 2 0
   6,17     0.5773503000     0.5773503000    -0.5773503000
          -0.6400434751    -0.1190207006    -0.7590641757
   6,16    -0.5773503000    -0.5773503000     0.5773503000
          -0.6400434752    -0.1190207005    -0.7590641756
 6,57 343.57327402 494.48352934 -7395.86978896 2 0
   6,62    -0.5773503000     0.5773503000    -0.5773503000
          -0.1840310645    -0.7809273012    -0.5968962368
   6,80     0.5773503000    -0.5773503000     0.5773503000
           0.1467647444    -0.6222073649    -0.7689721093
 6,62 281.97699049 491.81463064 -7382.30554349 2 0
   6,57     0.5773503000    -0.5773503000     0.5773503000
          -0.1840310645    -0.7809273012    -0.5968962368
   6,1    -0.5773503000     0.5773503000    -0.5773503000
          -0.1836312767    -0.7808074131    -0.5971761364
 6,79 538.25616879 560.14102380 -7416.01835860 2 0
   6,0     0.5773503000    -0.5773503000     0.5773503000
          -0.1839223805    -0.7808947273    -0.5969723468
   6,2    -0.5773503000     0.5773503000    -0.5773503000
           0.1455946085    -0.6229768383    -0.7685714468
 6,80 424.04400248 515.82946692 -7403.32419520 2 0
   6,57    -0.5773503000     0.5773503000    -0.5773503000
           0.1467647444    -0.6222073649    -0.7689721093
   6,2     0.5773503000    -0.5773503000     0.5773503000
           0.1468526766    -0.6221494797    -0.7690021563
 7,0 664.81917503 421.03734150 1395.65895667 2 0
   7,19    -0.5773503000     0.5773503000    -0.5773503000
           0.1415765754    -0.6256074726    -0.7671840480
   7,10     0.5773503000    -0.5773503000     0.5773503000
           0.1468666349    -0.6221402902    -0.7690069251
 7,1 234.32221098 -141.55313593 2809.01418630 2 0
   1,44    -0.5773503000     0.5773503000    -0.5773503000
          -0.5876231855    -0.7847537929    -0.1971306074
   7,5     0.5773503000    -0.5773503000     0.5773503000
          -0.5642565501    -0.7932162413    -0.2289596912
 7,2 813.48383770 260.58664523 6125.93217639 1 1
   7,25    -0.5773503000     0.5773503000     0.5773503000
           0.1843818840     0.7810323538    -0.5966504698
 7,3 392.84676636 375.80706357 1399.89549476 2 0
   7,13     0.5773503000    -0.5773503000     0.5773503000
          -0.1845423237    -0.7810803503    -0.5965380266
   7,18    -0.5773503000     0.5773503000    -0.5773503000
          -0.1838106035    -0.7808612122    -0.5970506087
 7,4 610.45848248 227.19733196 6130.93845309 2 0
   7,6    -0.5773503000     0.5773503000     0.5773503000
          -0.0610455555     0.6746049271    -0.7356504826
   7,11     0.5773503000    -0.5773503000    -0.5773503000
          -0.1467737352     0.6222014467    -0.7689751819
 7,5 313.00347652 -198.32723824 2809.54523738 2 0
   5,37     0.5773503000    -0.5773503000     0.5773503000
          -0.1029318017    -0.7529313548    -0.6499995532
   7,1    -0.5773503000     0.5773503000    -0.5773503000
          -0.5642565501    -0.7932162413    -0.2289596912
 7,6 545.61748324 231.11809544 6126.26598132 2 0
   7,4     0.5773503000    -0.5773503000    -0.5773503000
          -0.0610455555     0.6746049271    -0.7356504826
   7,26    -0.5773503000     0.5773503000     0.5773503000
           0.1757281798     0.7783999001    -0.6026717203
 7,7 306.16956794 272.29506637 6104.22701401 2 0
   7,113    -0.5773503000     0.5773503000     0.5773503000
           0.1208332287     0.7597373549    -0.6389041262
   7,14     0.5773503000    -0.5773503000    -0.5773503000
           0.0992783007     0.7514994386    -0.6522211379
 7,8 291.78415902 -178.97405518 2309.82787404 2 0
   5,38     0.5773503000    -0.5773503000    -0.5773503000
           0.5868731846     0.7850511760    -0.1981779914
   1,42    -0.5773503000     0.5773503000     0.5773503000
           0.5979938373     0.7804556686    -0.1824618313
 7,10 729.66695103 464.78558827 1397.38928020 1 1
   7,0    -0.5773503000     0.5773503000    -0.5773503000
           0.1468666349    -0.6221402902    -0.7690069251
 7,11 683.66227932 234.22740687 6128.82971931 2 0
   7,4    -0.5773503000     0.5773503000     0.5773503000
          -0.1467737352     0.6222014467    -0.7689751819
   7,25     0.5773503000    -0.5773503000    -0.5773503000
          -0.1468524491     0.6221496294    -0.7690020785
 7,12 555.56479547 389.52394193 1400.56534920 2 0
   7,19     0.5773503000    -0.5773503000     0.5773503000
           0.1337280865    -0.6306942691    -0.7644223556
   7,13    -0.5773503000     0.5773503000    -0.5773503000
           0.1370855331    -0.6285265754    -0.7656121085
 7,13 481.53751935 376.85738596 1398.02677580 2 0
   7,3    -0.5773503000     0.5773503000    -0.5773503000
          -0.1845423237    -0.7810803503    -0.5965380266
   7,12     0.5773503000    -0.5773503000     0.5773503000
           0.1370855331    -0.6285265754    -0.7656121085
 7,14 395.86613936 254.01561530 6111.59479519 2 0
   7,26     0.5773503000    -0.5773503000    -0.5773503000
           0.0748822890     0.7415678959    -0.6666856070
   7,7    -0.5773503000     0.5773503000     0.5773503000
           0.0992783007     0.7514994386    -0.6522211379
 7,16 256.36107435 397.64011574 1410.01466749 2 0
   7,18     0.5773503000    -0.5773503000     0.5773503000
          -0.1942787217    -0.7839376091    -0.5896588873
   3,46    -0.5773503000     0.5773503000    -0.5773503000
          -0.1913381491    -0.7830861856    -0.5917480365
 7,18 319.03977233 386.53700037 1406.17693784 2 0
   7,16    -0.5773503000     0.5773503000    -0.5773503000
          -0.1942787217    -0.7839376091    -0.5896588873
   7,3     0.5773503000    -0.5773503000     0.5773503000
          -0.1838106035    -0.7808612122    -0.5970506087
 7,19 609.93906029 402.87540430 1399.69928499 2 0
   7,12    -0.5773503000     0.5773503000    -0.5773503000
           0.1337280865    -0.6306942691    -0.7644223556
   7,0     0.5773503000    -0.5773503000     0.5773503000
           0.1415765754    -0.6256074726    -0.7671840480
 7,20 350.52150551 579.67818920 -107.20561398 2 0
   7,78    -0.5773503000    -0.5773503000     0.5773503000
          -0.7886399275     0.5774464188    -0.2111935087
   7,69     0.5773503000     0.5773503000    -0.5773503000
          -0.7897923636     0.5742589896    -0.2155333740
 7,25 749.74329855 245.94506518 6126.26077468 2 0
   7,2     0.5773503000    -0.5773503000    -0.5773503000
           0.1843818840     0.7810323538    -0.5966504698
   7,11    -0.5773503000     0.5773503000     0.5773503000
          -0.1468524491     0.6221496294    -0.7690020785
 7,26 470.44569832 241.51997791 6118.53441988 2 0
   7,14    -0.5773503000     0.5773503000     0.5773503000
           0.0748822890     0.7415678959    -0.6666856070
   7,6     0.5773503000    -0.5773503000    -0.5773503000
           0.1757281798     0.7783999001    -0.6026717203
 7,69 381.43841969 621.88839580 -108.08538029 2 0
   7,76     0.5773503000     0.5773503000    -0.5773503000
          -0.7897932985     0.5742563695    -0.2155369290
   7,20    -0.5773503000    -0.5773503000     0.5773503000
          -0.7897923636     0.5742589896    -0.2155333740
 7,71 225.79412059 417.81517404 -104.45412014 2 0
   7,72     0.5773503000     0.5773503000    -0.5773503000
          -0.7868298093     0.5822908915    -0.2045389177
   3,58    -0.5773503000    -0.5773503000     0.5773503000
          -0.7672135333     0.6255521029    -0.1416614305
 7,72 270.56993901 473.22128225 -105.00162790 2 0
   7,78     0.5773503000     0.5773503000    -0.5773503000
           0.7424678618    -0.0770297404     0.6654381213
   7,71    -0.5773503000    -0.5773503000     0.5773503000
          -0.7868298093     0.5822908915    -0.2045389177
 7,76 419.46397583 674.20055134 -108.83384440 2 0
   7,77     0.5773503000     0.5773503000    -0.5773503000
           0.0000000000     0.0000000000     0.0000000000
   7,69    -0.5773503000    -0.5773503000     0.5773503000
          -0.7897932985     0.5742563695    -0.2155369290
 7,77 461.29890466 732.18001039 -108.99411802 1 1
   7,76    -0.5773503000    -0.5773503000     0.5773503000
           0.0000000000     0.0000000000     0.0000000000
 7,78 318.51747958 536.17566038 -106.19516276 2 0
   7,72    -0.5773503000    -0.5773503000     0.5773503000
           0.7424678618    -0.0770297404     0.6654381213
   7,20     0.5773503000     0.5773503000    -0.5773503000
          -0.7886399275     0.5774464188    -0.2111935087
 7,113 235.06339809 295.55783179 6095.42522807 2 0
   7,7     0.5773503000    -0.5773503000    -0.5773503000
           0.1208332287     0.7597373549    -0.6389041262
   3,33    -0.5773503000     0.5773503000     0.5773503000
           0.7479805669     0.0904522724     0.6575282945
