#
#	ParaDiS nodal data file
#

#
#	File version number
#

3

#
#	Number of data file segments
#

1

#
#	Minimum coordinate values (x, y, z)
#

-8750.0000     -8750.0000     -8750.0000    

#
#	Maximum coordinate values (x, y, z)
#

8750.0000      8750.0000      8750.0000     

#
#	Node count
#

342         

#
#	Domain geometry (x, y, z)
#

2   2   2  

#
#	Domain decomposition type
#

1

#
#	Domain boundaries (x, y, z)
#

  -8750.0000
      -8750.0000
          -8750.0000
          -3298.9153
           8750.0000
        224.3590
          -8750.0000
           -224.3607
           8750.0000
       8750.0000
    173.8056
      -8750.0000
          -8750.0000
          -1175.4536
           8750.0000
       -224.3590
          -8750.0000
           -160.5948
           8750.0000
       8750.0000
   8750.0000

#
#	Primary lines: node_tag, x, y, z, num_arms, constraint
#	Secondary lines: arm_tag, burgx, burgy, burgz, nx, ny, nz
#

 0,0 -148.81122488 -395.37065875 -5369.34556567 2 0
   0,11    -0.5773503000    -0.5773503000     0.5773503000
           0.7285925212    -0.0451337574     0.6834587639
   0,2     0.5773503000     0.5773503000    -0.5773503000
           0.7176211554    -0.0215200383     0.6961011171
 0,1 -617.89531691 -435.87767415 -4313.91484539 2 0
   0,9    -0.5773503000    -0.5773503000     0.5773503000
          -0.5796906604     0.7878102423     0.2081195819
   0,3     0.5773503000     0.5773503000    -0.5773503000
          -0.5656677911     0.7927505187     0.2270827276
 0,2 -115.04928941 -350.03260042 -5373.10206069 2 0
   0,6     0.5773503000     0.5773503000    -0.5773503000
           0.0000000000     0.0000000000     0.0000000000
   0,0    -0.5773503000    -0.5773503000     0.5773503000
           0.7176211554    -0.0215200383     0.6961011171
 0,3 -571.01023714 -401.07912442 -4317.05642287 2 0
   0,4     0.5773503000     0.5773503000    -0.5773503000
          -0.5796906604     0.7878102423     0.2081195819
   0,1    -0.5773503000    -0.5773503000     0.5773503000
          -0.5656677911     0.7927505187     0.2270827276
 0,4 -516.78227092 -360.19961584 -4322.44803292 2 0
   0,3    -0.5773503000    -0.5773503000     0.5773503000
          -0.5796906604     0.7878102423     0.2081195819
   0,8     0.5773503000     0.5773503000    -0.5773503000
          -0.5617497823     0.7940297280     0.2322799457
 0,5 -704.91063105 -499.13314748 -4312.17101228 1 1
   0,9     0.5773503000     0.5773503000    -0.5773503000
          -0.5796906604     0.7878102423     0.2081195819
 0,6 -80.06165691 -303.07563654 -5377.06416973 2 0
   0,2    -0.5773503000    -0.5773503000     0.5773503000
           0.0000000000     0.0000000000     0.0000000000
   0,13     0.5773503000     0.5773503000    -0.5773503000
          -0.7923244928     0.5669440475    -0.2253804453
 0,7 -219.66453649 -490.71930437 -5361.83695992 2 0
   0,15    -0.5773503000    -0.5773503000     0.5773503000
           0.7176211555    -0.0215200385     0.6961011170
   0,11     0.5773503000     0.5773503000    -0.5773503000
           0.7176211554    -0.0215200383     0.6961011171
 0,8 -453.44569299 -311.43725760 -4331.05748360 2 0
   0,4    -0.5773503000    -0.5773503000     0.5773503000
          -0.5617497823     0.7940297280     0.2322799457
   0,17     0.5773503000     0.5773503000    -0.5773503000
          -0.5624570021     0.7938019988     0.2313449967
 0,9 -659.36649745 -466.23708538 -4312.41857934 2 0
   0,1     0.5773503000     0.5773503000    -0.5773503000
          -0.5796906604     0.7878102423     0.2081195819
   0,5    -0.5773503000    -0.5773503000     0.5773503000
          -0.5796906604     0.7878102423     0.2081195819
 0,10 -398.29431513 -587.93011351 -3341.10913077 2 0
   0,12     0.5773503000    -0.5773503000    -0.5773503000
          -0.1468705723     0.6221376980    -0.7690082703
   0,66    -0.5773503000     0.5773503000     0.5773503000
          -0.1470662640     0.6220088405    -0.7690751045
 0,11 -184.79328310 -443.73536596 -5365.45585104 2 0
   0,0     0.5773503000     0.5773503000    -0.5773503000
           0.7285925212    -0.0451337574     0.6834587639
   0,7    -0.5773503000    -0.5773503000     0.5773503000
           0.7176211554    -0.0215200383     0.6961011171
 0,12 -358.70980556 -551.47639345 -3307.12000800 2 0
   0,10    -0.5773503000     0.5773503000     0.5773503000
          -0.1468705723     0.6221376980    -0.7690082703
   1,6     0.5773503000    -0.5773503000    -0.5773503000
           0.4073219417    -0.4091739391     0.8164958808
 0,13 -39.55327958 -248.87145094 -5381.65846342 2 0
   0,53     0.5773503000     0.5773503000    -0.5773503000
          -0.7905395765     0.5721465350    -0.2183930415
   0,6    -0.5773503000    -0.5773503000     0.5773503000
          -0.7923244928     0.5669440475    -0.2253804453
 0,14 -419.09638624 -762.59786466 -5349.27355042 1 1
   0,16     0.5773503000     0.5773503000    -0.5773503000
          -0.7909968679     0.5708351563    -0.2201617116
 0,15 -258.83629048 -543.65666147 -5357.99618261 2 0
   0,7     0.5773503000     0.5773503000    -0.5773503000
           0.7176211555    -0.0215200385     0.6961011170
   0,24    -0.5773503000    -0.5773503000     0.5773503000
           0.6080731325     0.1678588662     0.7759319987
 0,16 -378.35423064 -706.25670701 -5349.75191339 2 0
   0,20     0.5773503000     0.5773503000    -0.5773503000
           0.7285925213    -0.0451337574     0.6834587639
   0,14    -0.5773503000    -0.5773503000     0.5773503000
          -0.7909968679     0.5708351563    -0.2201617116
 0,17 -383.42916500 -255.38938433 -4343.51442710 2 0
   0,8    -0.5773503000    -0.5773503000     0.5773503000
          -0.5624570021     0.7938019988     0.2313449967
   0,40     0.5773503000     0.5773503000    -0.5773503000
          -0.5665858263     0.7924445370     0.2258587107
 0,18 -851.89441141 -97.87684393 -7307.03887481 1 1
   0,21     0.5773503000     0.5773503000     0.5773503000
           0.5702569561    -0.7911969052     0.2209399491
 0,19 -686.41777693 -60.16741102 -7309.27338087 2 0
   0,22    -0.5773503000    -0.5773503000    -0.5773503000
           0.1836237615    -0.7808051577     0.5971813962
   0,23     0.5773503000     0.5773503000     0.5773503000
           0.1962381182    -0.7844993842     0.5882612660
 0,20 -340.47110730 -654.35189875 -5351.42702585 2 0
   0,24     0.5773503000     0.5773503000    -0.5773503000
           0.0000000000     0.0000000000     0.0000000000
   0,16    -0.5773503000    -0.5773503000     0.5773503000
           0.7285925213    -0.0451337574     0.6834587639
 0,21 -797.57160819 -85.15516686 -7307.17714536 2 0
   0,18    -0.5773503000    -0.5773503000    -0.5773503000
           0.5702569561    -0.7911969052     0.2209399491
   0,22     0.5773503000     0.5773503000     0.5773503000
           0.1843600504    -0.7810258199     0.5966657695
 0,22 -744.16300912 -72.93877482 -7307.90853728 2 0
   0,21    -0.5773503000    -0.5773503000    -0.5773503000
           0.1843600504    -0.7810258199     0.5966657695
   0,19     0.5773503000     0.5773503000     0.5773503000
           0.1836237615    -0.7808051577     0.5971813962
 0,23 -631.17687276 -48.45955142 -7311.32033546 2 0
   0,19    -0.5773503000    -0.5773503000    -0.5773503000
           0.1962381182    -0.7844993842     0.5882612660
   0,25     0.5773503000     0.5773503000     0.5773503000
           0.1886240179    -0.7822914671     0.5936674493
 0,24 -300.19247706 -599.64107154 -5354.30822454 2 0
   0,20    -0.5773503000    -0.5773503000     0.5773503000
           0.0000000000     0.0000000000     0.0000000000
   0,15     0.5773503000     0.5773503000    -0.5773503000
           0.6080731325     0.1678588662     0.7759319987
 0,25 -542.61919989 -30.74297452 -7316.53002068 2 0
   0,26     0.5773503000     0.5773503000     0.5773503000
           0.1879386887    -0.7820894552     0.5941507665
   0,23    -0.5773503000    -0.5773503000    -0.5773503000
           0.1886240179    -0.7822914671     0.5936674493
 0,26 -492.44313063 -20.72205156 -7321.17288928 2 0
   0,27     0.5773503000     0.5773503000     0.5773503000
           0.1849046073    -0.7811886209     0.5962840135
   0,25    -0.5773503000    -0.5773503000    -0.5773503000
           0.1879386887    -0.7820894552     0.5941507665
 0,27 -435.17643578 -7.56443723 -7329.23824991 2 0
   0,26    -0.5773503000    -0.5773503000    -0.5773503000
           0.1849046073    -0.7811886209     0.5962840135
   0,29     0.5773503000     0.5773503000     0.5773503000
          -0.2785771078    -0.5253888838     0.8039659917
 0,28 -404.42641966 171.77549066 -4475.33831708 2 0
   2,27    -0.5773503000     0.5773503000    -0.5773503000
          -0.7634367964    -0.1309731222     0.6324636742
   0,32     0.5773503000    -0.5773503000     0.5773503000
          -0.7809474150    -0.5968492177     0.1840981973
 0,29 -385.40353821 9.00904845 -7340.47577265 2 0
   0,27    -0.5773503000    -0.5773503000    -0.5773503000
          -0.2785771078    -0.5253888838     0.8039659917
   0,31     0.5773503000     0.5773503000     0.5773503000
           0.5650576422    -0.7929525625     0.2278949203
 0,30 -335.90631853 87.36739899 -4458.90838651 2 0
   0,42     0.5773503000    -0.5773503000     0.5773503000
          -0.7884795585    -0.5778834270     0.2105961316
   0,32    -0.5773503000     0.5773503000    -0.5773503000
          -0.7859845420    -0.5844895943     0.2014949477
 0,31 -338.50788730 32.24145261 -7355.35070004 2 0
   0,43     0.5773503000     0.5773503000     0.5773503000
           0.5456929950    -0.7988354388     0.2531424438
   0,29    -0.5773503000    -0.5773503000    -0.5773503000
           0.5650576422    -0.7929525625     0.2278949203
 0,32 -367.31042405 126.12442563 -4466.81981666 2 0
   0,30     0.5773503000    -0.5773503000     0.5773503000
          -0.7859845420    -0.5844895943     0.2014949477
   0,28    -0.5773503000     0.5773503000    -0.5773503000
          -0.7809474150    -0.5968492177     0.1840981973
 0,33 -632.26134413 179.14459842 -3428.42150002 2 0
   0,37    -0.5773503000     0.5773503000     0.5773503000
           0.1921215135     0.7833139801    -0.5911924667
   0,35     0.5773503000    -0.5773503000    -0.5773503000
           0.2002926080     0.7856476923    -0.5853550843
 0,34 -506.42961452 136.15849034 -3416.14004619 2 0
   0,35    -0.5773503000     0.5773503000     0.5773503000
           0.2158131992     0.7898659072    -0.5740527081
   0,38     0.5773503000    -0.5773503000    -0.5773503000
          -0.7638030976    -0.6318087737    -0.1319943239
 0,35 -571.80679249 162.31980024 -3425.03546259 2 0
   0,34     0.5773503000    -0.5773503000    -0.5773503000
           0.2158131992     0.7898659072    -0.5740527081
   0,33    -0.5773503000     0.5773503000     0.5773503000
           0.2002926080     0.7856476923    -0.5853550843
 0,36 -761.78621494 210.29070752 -3430.28530915 2 0
   2,1    -0.5773503000     0.5773503000     0.5773503000
           0.1844502194     0.7810528004    -0.5966025810
   0,37     0.5773503000    -0.5773503000    -0.5773503000
           0.1880264814     0.7821153637    -0.5940888823
 0,37 -717.60153586 199.80824648 -3429.95475506 2 0
   0,36    -0.5773503000     0.5773503000     0.5773503000
           0.1880264814     0.7821153637    -0.5940888823
   0,33     0.5773503000    -0.5773503000    -0.5773503000
           0.1921215135     0.7833139801    -0.5911924667
 0,38 -444.51709615 100.86242075 -3402.82260099 2 0
   0,39     0.5773503000    -0.5773503000    -0.5773503000
           0.5695655629     0.7914348338    -0.2218692709
   0,34    -0.5773503000     0.5773503000     0.5773503000
          -0.7638030976    -0.6318087737    -0.1319943239
 0,39 -387.81656601 65.21913620 -3389.21167902 2 0
   0,38    -0.5773503000     0.5773503000     0.5773503000
           0.5695655629     0.7914348338    -0.2218692709
   0,41     0.5773503000    -0.5773503000    -0.5773503000
           0.5496726071     0.7977081987    -0.2480355916
 0,40 -325.02289466 -204.42840806 -4356.17078456 2 0
   0,46     0.5773503000     0.5773503000    -0.5773503000
          -0.8100957332     0.3166811462    -0.4934145870
   0,17    -0.5773503000    -0.5773503000     0.5773503000
          -0.5665858263     0.7924445370     0.2258587107
 0,41 -308.42040426 13.82870647 -3368.85618130 2 0
   0,39    -0.5773503000     0.5773503000     0.5773503000
           0.5496726071     0.7977081987    -0.2480355916
   0,60     0.5773503000    -0.5773503000    -0.5773503000
           0.5269443265     0.8036084957    -0.2766641692
 0,42 -295.77790981 37.59623721 -4447.74318825 2 0
   0,30    -0.5773503000     0.5773503000    -0.5773503000
          -0.7884795585    -0.5778834270     0.2105961316
   0,48     0.5773503000    -0.5773503000     0.5773503000
          -0.7728881118    -0.6144418081     0.1584463037
 0,43 -293.06253238 66.41178490 -7374.49315675 2 0
   0,47     0.5773503000     0.5773503000     0.5773503000
           0.7820607447    -0.5942193083    -0.1878414364
   0,31    -0.5773503000    -0.5773503000    -0.5773503000
           0.5456929950    -0.7988354388     0.2531424438
 0,44 144.22230379 -6.42747318 -5401.25094402 2 0
   6,14     0.5773503000     0.5773503000    -0.5773503000
          -0.7963167729     0.5543944190    -0.2419223540
   0,51    -0.5773503000    -0.5773503000     0.5773503000
          -0.7990047445     0.5450824659    -0.2539222786
 0,45 -219.28493646 -55.34866530 -4424.13618227 1 1
   0,48    -0.5773503000     0.5773503000    -0.5773503000
          -0.7819118276    -0.1873375935     0.5945742341
 0,46 -277.48623689 -156.82321022 -4368.56814361 2 0
   0,40    -0.5773503000    -0.5773503000     0.5773503000
          -0.8100957332     0.3166811462    -0.4934145870
   0,49     0.5773503000     0.5773503000    -0.5773503000
          -0.7763201044     0.6072383980    -0.1690817064
 0,47 -263.01694150 106.13327025 -7391.49000640 2 0
   0,50     0.5773503000     0.5773503000     0.5773503000
          -0.4442052658     0.8154080023    -0.3712027366
   0,43    -0.5773503000    -0.5773503000    -0.5773503000
           0.7820607447    -0.5942193083    -0.1878414364
 0,48 -256.74654538 -9.58993175 -4436.02622977 2 0
   0,42    -0.5773503000     0.5773503000    -0.5773503000
          -0.7728881118    -0.6144418081     0.1584463037
   0,45     0.5773503000    -0.5773503000     0.5773503000
          -0.7819118276    -0.1873375935     0.5945742341
 0,49 -245.60526205 -120.71610984 -4378.59042304 2 0
   0,59     0.5773503000     0.5773503000    -0.5773503000
          -0.7827376468     0.5925934049    -0.1901442419
   0,46    -0.5773503000    -0.5773503000     0.5773503000
          -0.7763201044     0.6072383980    -0.1690817064
 0,50 -239.94140103 151.51992233 -7406.71823655 2 0
   0,54     0.5773503000     0.5773503000     0.5773503000
           0.7865411388    -0.2034949711    -0.5830461677
   0,47    -0.5773503000    -0.5773503000    -0.5773503000
          -0.4442052658     0.8154080023    -0.3712027366
 0,51 98.59588719 -64.63036029 -5397.00315484 2 0
   0,44     0.5773503000     0.5773503000    -0.5773503000
          -0.7990047445     0.5450824659    -0.2539222786
   0,52    -0.5773503000    -0.5773503000     0.5773503000
          -0.7878801638     0.5795031053    -0.2083770585
 0,52 50.75044579 -127.97441597 -5391.88567748 2 0
   0,53    -0.5773503000    -0.5773503000     0.5773503000
           0.6148554820     0.1578297707     0.7726852527
   0,51     0.5773503000     0.5773503000    -0.5773503000
          -0.7878801638     0.5795031053    -0.2083770585
 0,53 0.31891993 -195.43776696 -5386.20213938 2 0
   0,52     0.5773503000     0.5773503000    -0.5773503000
           0.6148554820     0.1578297707     0.7726852527
   0,13    -0.5773503000    -0.5773503000     0.5773503000
          -0.7905395765     0.5721465350    -0.2183930415
 0,54 -223.62874932 203.13097964 -7419.02582310 2 0
   2,52     0.5773503000     0.5773503000     0.5773503000
           0.7837635848    -0.1936748743    -0.5900887105
   0,50    -0.5773503000    -0.5773503000    -0.5773503000
           0.7865411388    -0.2034949711    -0.5830461677
 0,55 -75.66014982 89.49107786 -4402.69349165 2 0
   0,56    -0.5773503000    -0.5773503000     0.5773503000
          -0.8051349014     0.5201188989    -0.2850160025
   0,58     0.5773503000     0.5773503000    -0.5773503000
          -0.7925081373     0.5663955959    -0.2261125414
 0,56 -111.63022053 39.30143118 -4402.97117492 2 0
   0,55     0.5773503000     0.5773503000    -0.5773503000
          -0.8051349014     0.5201188989    -0.2850160025
   0,57    -0.5773503000    -0.5773503000     0.5773503000
          -0.7891064487     0.5761661630    -0.2129402857
 0,57 -145.17489679 -5.35399131 -4401.71431944 2 0
   0,56     0.5773503000     0.5773503000    -0.5773503000
          -0.7891064487     0.5761661630    -0.2129402857
   0,59    -0.5773503000    -0.5773503000     0.5773503000
          -0.7910341994     0.5707274635    -0.2203067359
 0,58 -33.93307425 148.63780829 -4401.27505938 2 0
   2,59     0.5773503000     0.5773503000    -0.5773503000
          -0.7954766901     0.5571517278    -0.2383249623
   0,55    -0.5773503000    -0.5773503000     0.5773503000
          -0.7925081373     0.5663955959    -0.2261125414
 0,59 -185.51181785 -54.02021675 -4396.69756455 2 0
   0,57     0.5773503000     0.5773503000    -0.5773503000
          -0.7910341994     0.5707274635    -0.2203067359
   0,49    -0.5773503000    -0.5773503000     0.5773503000
          -0.7827376468     0.5925934049    -0.1901442419
 0,60 -264.05703253 -15.44747029 -3356.68416187 2 0
   0,41    -0.5773503000     0.5773503000     0.5773503000
           0.5269443265     0.8036084957    -0.2766641692
   0,61     0.5773503000    -0.5773503000    -0.5773503000
           0.5151768663     0.8061726084    -0.2909957421
 0,61 -196.12752440 -62.71972881 -3336.11849398 2 0
   0,62     0.5773503000    -0.5773503000    -0.5773503000
          -0.1933341564     0.5903310499    -0.7836652063
   0,60    -0.5773503000     0.5773503000     0.5773503000
           0.5151768663     0.8061726084    -0.2909957421
 0,62 -157.60068946 -98.54806133 -3321.45363878 2 0
   0,63     0.5773503000    -0.5773503000    -0.5773503000
           0.8003385409     0.5401466435     0.2601918974
   0,61    -0.5773503000     0.5773503000     0.5773503000
          -0.1933341564     0.5903310499    -0.7836652063
 0,63 -125.15456542 -139.15255612 -3307.07438506 2 0
   0,62    -0.5773503000     0.5773503000     0.5773503000
           0.8003385409     0.5401466435     0.2601918974
   1,82     0.5773503000    -0.5773503000    -0.5773503000
           0.7876822974     0.5800331162     0.2076491812
 0,65 -496.13790061 -707.06948285 -3364.48992603 1 1
   0,66     0.5773503000    -0.5773503000    -0.5773503000
          -0.3404333162     0.4724954609    -0.8129287771
 0,66 -439.21827214 -629.27132029 -3364.95946412 2 0
   0,10     0.5773503000    -0.5773503000    -0.5773503000
          -0.1470662640     0.6220088405    -0.7690751045
   0,65    -0.5773503000     0.5773503000     0.5773503000
          -0.3404333162     0.4724954609    -0.8129287771
 1,0 -450.64873246 -739.85622021 -3152.63572188 1 1
   1,1    -0.5773503000     0.5773503000     0.5773503000
           0.6220837526    -0.1469525052     0.7690362579
 1,1 -409.67952436 -682.81734225 -3152.56543448 2 0
   1,3    -0.5773503000     0.5773503000     0.5773503000
           0.6252969669    -0.1420522724     0.7673492393
   1,0     0.5773503000    -0.5773503000    -0.5773503000
           0.6220837526    -0.1469525052     0.7690362579
 1,2 -636.57531757 -310.08074293 -1063.60267452 2 0
   1,7     0.5773503000    -0.5773503000     0.5773503000
           0.1467724171    -0.6222023143    -0.7689747315
   1,43    -0.5773503000     0.5773503000    -0.5773503000
           0.1407408164    -0.6261523961    -0.7668932125
 1,3 -372.30400840 -625.17010140 -3169.01980460 2 0
   1,5    -0.5773503000     0.5773503000     0.5773503000
           0.6219656554    -0.1471318333     0.7690974887
   1,1     0.5773503000    -0.5773503000    -0.5773503000
           0.6252969669    -0.1420522724     0.7673492393
 1,4 -609.49725292 -227.90878018 -112.51402271 2 0
   1,53     0.5773503000     0.5773503000    -0.5773503000
          -0.5870063692     0.7849984968     0.1979921276
   1,17    -0.5773503000    -0.5773503000     0.5773503000
          -0.1845435599     0.7810807200     0.5965371601
 1,5 -336.41985045 -573.06613742 -3198.45650790 2 0
   1,3     0.5773503000    -0.5773503000    -0.5773503000
           0.6219656554    -0.1471318333     0.7690974887
   1,6    -0.5773503000     0.5773503000     0.5773503000
           0.7707774525     0.1520936578     0.6186837948
 1,6 -322.40361242 -537.94951872 -3245.91956378 2 0
   0,12    -0.5773503000     0.5773503000     0.5773503000
           0.4073219417    -0.4091739391     0.8164958808
   1,5     0.5773503000    -0.5773503000    -0.5773503000
           0.7707774525     0.1520936578     0.6186837948
 1,7 -545.48852356 -298.03237899 -1063.36492773 2 0
   1,18     0.5773503000    -0.5773503000     0.5773503000
          -0.1862002257    -0.7815745909    -0.5953743652
   1,2    -0.5773503000     0.5773503000    -0.5773503000
           0.1467724171    -0.6222023143    -0.7689747315
 1,8 -408.94552809 -308.66205218 -1081.34356043 2 0
   1,18    -0.5773503000     0.5773503000    -0.5773503000
           0.7258574576     0.0391259904    -0.6867314672
   1,16     0.5773503000    -0.5773503000     0.5773503000
          -0.2053415956    -0.7870508982    -0.5817093026
 1,9 157.04419489 -778.07552212 -3209.09096131 2 0
   1,23     0.5773503000    -0.5773503000    -0.5773503000
           0.7911906581     0.5702750556     0.2209156026
   1,10    -0.5773503000     0.5773503000     0.5773503000
           0.7820453549     0.1877893210     0.5942560339
 1,10 140.85865676 -711.20789668 -3208.52884468 2 0
   1,9     0.5773503000    -0.5773503000    -0.5773503000
           0.7820453549     0.1877893210     0.5942560339
   1,11    -0.5773503000     0.5773503000     0.5773503000
           0.7830149627     0.1910937189     0.5919212438
 1,11 125.96418645 -649.08734968 -3208.33085978 2 0
   1,20    -0.5773503000     0.5773503000     0.5773503000
           0.7810417789     0.1844133817     0.5966283972
   1,10     0.5773503000    -0.5773503000    -0.5773503000
           0.7830149627     0.1910937189     0.5919212438
 1,12 -2.06900773 -329.11616950 -3250.39013352 2 0
   1,13    -0.5773503000     0.5773503000     0.5773503000
           0.8143736169     0.4581447229     0.3562288940
   1,15     0.5773503000    -0.5773503000    -0.5773503000
           0.7918594488     0.5683216036     0.2235378452
 1,13 -50.75985013 -252.44178939 -3272.41341063 2 0
   1,82    -0.5773503000     0.5773503000     0.5773503000
           0.8028951209     0.5299760344     0.2729190865
   1,12     0.5773503000    -0.5773503000    -0.5773503000
           0.8143736169     0.4581447229     0.3562288940
 1,14 80.42587190 -471.65527961 -3215.42488008 2 0
   1,24     0.5773503000    -0.5773503000    -0.5773503000
           0.7810858847     0.1845608301     0.5965250546
   1,19    -0.5773503000     0.5773503000     0.5773503000
          -0.4112891147    -0.8164890123     0.4051998976
 1,15 28.39072387 -377.61396154 -3237.08177664 2 0
   1,12    -0.5773503000     0.5773503000     0.5773503000
           0.7918594488     0.5683216036     0.2235378452
   1,19     0.5773503000    -0.5773503000    -0.5773503000
           0.7911053305     0.5705219969     0.2205833337
 1,16 -333.18388233 -321.00373435 -1091.25928799 2 0
   1,36     0.5773503000    -0.5773503000     0.5773503000
           0.0000000000     0.0000000000     0.0000000000
   1,8    -0.5773503000     0.5773503000    -0.5773503000
          -0.2053415956    -0.7870508982    -0.5817093026
 1,17 -703.49388148 -256.24504644 -107.15320714 2 0
   1,4     0.5773503000     0.5773503000    -0.5773503000
          -0.1845435599     0.7810807200     0.5965371601
   1,104    -0.5773503000    -0.5773503000     0.5773503000
          -0.1843712589     0.7810291742     0.5966579154
 1,18 -468.63419775 -301.85822059 -1073.02470328 2 0
   1,8     0.5773503000    -0.5773503000     0.5773503000
           0.7258574576     0.0391259904    -0.6867314672
   1,7    -0.5773503000     0.5773503000    -0.5773503000
          -0.1862002257    -0.7815745909    -0.5953743652
 1,19 50.89194345 -414.79710502 -3227.53591704 2 0
   1,14     0.5773503000    -0.5773503000    -0.5773503000
          -0.4112891147    -0.8164890123     0.4051998976
   1,15    -0.5773503000     0.5773503000     0.5773503000
           0.7911053305     0.5705219969     0.2205833337
 1,20 115.57294003 -605.83759772 -3208.70887204 2 0
   1,11     0.5773503000    -0.5773503000    -0.5773503000
           0.7810417789     0.1844133817     0.5966283972
   1,24    -0.5773503000     0.5773503000     0.5773503000
           0.7839595780     0.1943550561     0.5896045219
 1,21 -793.73342460 -344.25073770 -1064.86145949 1 1
   1,43     0.5773503000    -0.5773503000     0.5773503000
          -0.1862002257    -0.7815745909    -0.5953743652
 1,22 -808.24523672 -282.77771508 -104.79961153 1 1
   1,104     0.5773503000     0.5773503000    -0.5773503000
          -0.5702604957     0.7911956836     0.2209351880
 1,23 170.81721059 -834.67552657 -3209.62752552 1 1
   1,9    -0.5773503000     0.5773503000     0.5773503000
           0.7911906581     0.5702750556     0.2209156026
 1,24 101.37143379 -545.29641167 -3209.89752471 2 0
   1,14    -0.5773503000     0.5773503000     0.5773503000
           0.7810858847     0.1845608301     0.5965250546
   1,20     0.5773503000    -0.5773503000    -0.5773503000
           0.7839595780     0.1943550561     0.5896045219
 1,25 -252.83314873 -596.76135854 -2723.13363173 2 0
   1,26     0.5773503000    -0.5773503000     0.5773503000
          -0.6789041420     0.0533797944     0.7322839364
   1,62    -0.5773503000     0.5773503000    -0.5773503000
           0.1420513319    -0.6252975811    -0.7673489130
 1,26 -197.94072115 -596.65924754 -2737.33881633 2 0
   1,27     0.5773503000    -0.5773503000     0.5773503000
          -0.1755881084    -0.7783565873    -0.6027684789
   1,25    -0.5773503000     0.5773503000    -0.5773503000
          -0.6789041420     0.0533797944     0.7322839364
 1,27 -152.23248676 -613.98603172 -2757.02082417 2 0
   1,26    -0.5773503000     0.5773503000    -0.5773503000
          -0.1755881084    -0.7783565873    -0.6027684789
   1,28     0.5773503000    -0.5773503000     0.5773503000
          -0.7840602750    -0.1947052433     0.5893550317
 1,28 -123.02357265 -661.51285275 -2780.99841174 2 0
   1,27    -0.5773503000     0.5773503000    -0.5773503000
          -0.7840602750    -0.1947052433     0.5893550317
   1,29     0.5773503000    -0.5773503000     0.5773503000
           0.6587779786    -0.0883533730    -0.7471313515
 1,29 -115.96867239 -735.67134611 -2797.50389589 2 0
   1,28    -0.5773503000     0.5773503000    -0.5773503000
           0.6587779786    -0.0883533730    -0.7471313515
   1,30     0.5773503000    -0.5773503000     0.5773503000
          -0.6244936658     0.1432811532     0.7677748189
 1,30 -128.00360307 -813.15515263 -2801.72020295 2 0
   1,29    -0.5773503000     0.5773503000    -0.5773503000
          -0.6244936658     0.1432811532     0.7677748189
   1,31     0.5773503000    -0.5773503000     0.5773503000
          -0.6232714169     0.1451460289     0.7684174459
 1,31 -135.27692808 -843.06544919 -2801.89700354 1 1
   1,30    -0.5773503000     0.5773503000    -0.5773503000
          -0.6232714169     0.1451460289     0.7684174459
 1,32 149.65531406 -387.00478085 -970.01338733 2 0
   1,33    -0.5773503000     0.5773503000     0.5773503000
           0.5646802028    -0.2283968186     0.7930770214
   5,48     0.5773503000    -0.5773503000    -0.5773503000
           0.6133527611    -0.1600663676     0.7734191286
 1,33 110.24703392 -334.35074126 -964.68490528 2 0
   1,34    -0.5773503000     0.5773503000     0.5773503000
          -0.3519519768    -0.8140178009     0.4620658241
   1,32     0.5773503000    -0.5773503000    -0.5773503000
           0.5646802028    -0.2283968186     0.7930770214
 1,34 70.33127152 -281.08798980 -959.43572747 2 0
   1,33     0.5773503000    -0.5773503000    -0.5773503000
          -0.3519519768    -0.8140178009     0.4620658241
   1,35    -0.5773503000     0.5773503000     0.5773503000
          -0.3023703432    -0.8080178228     0.5056474796
 1,35 29.32099901 -226.16709118 -954.18328555 2 0
   1,34     0.5773503000    -0.5773503000    -0.5773503000
          -0.3023703432    -0.8080178228     0.5056474796
   1,89    -0.5773503000     0.5773503000     0.5773503000
          -0.3023703432    -0.8080178228     0.5056474796
 1,36 -264.60740979 -338.81439206 -1101.62489037 2 0
   1,37     0.5773503000    -0.5773503000     0.5773503000
           0.6751451400     0.7352335814     0.0600884414
   1,16    -0.5773503000     0.5773503000    -0.5773503000
           0.0000000000     0.0000000000     0.0000000000
 1,37 -214.52832119 -371.08598999 -1116.72283406 2 0
   1,38     0.5773503000    -0.5773503000     0.5773503000
          -0.7768347651    -0.1707115931     0.6061231721
   1,36    -0.5773503000     0.5773503000    -0.5773503000
           0.6751451400     0.7352335814     0.0600884414
 1,38 -187.67969400 -422.17853880 -1129.51880639 2 0
   1,37    -0.5773503000     0.5773503000    -0.5773503000
          -0.7768347651    -0.1707115931     0.6061231721
   1,39     0.5773503000    -0.5773503000     0.5773503000
           0.0723505365    -0.6681499761    -0.7405005127
 1,39 -171.50514876 -490.38264211 -1137.88433763 2 0
   1,38    -0.5773503000     0.5773503000    -0.5773503000
           0.0723505365    -0.6681499761    -0.7405005127
   1,40     0.5773503000    -0.5773503000     0.5773503000
           0.3711109063    -0.4442917675    -0.8154026738
 1,40 -161.59659723 -549.73078177 -1144.30672203 2 0
   1,41     0.5773503000    -0.5773503000     0.5773503000
           0.0000000000     0.0000000000     0.0000000000
   1,39    -0.5773503000     0.5773503000    -0.5773503000
           0.3711109063    -0.4442917675    -0.8154026738
 1,41 -154.16344642 -610.77104213 -1150.95827643 2 0
   1,40    -0.5773503000     0.5773503000    -0.5773503000
           0.0000000000     0.0000000000     0.0000000000
   1,45     0.5773503000    -0.5773503000     0.5773503000
           0.7178454702     0.0219903818    -0.6958550884
 1,42 -180.62238035 -832.36083998 -1154.00319785 1 1
   1,44    -0.5773503000     0.5773503000    -0.5773503000
          -0.6201384635     0.1498994787     0.7700379422
 1,43 -720.71602244 -326.84564199 -1064.99950360 2 0
   1,21    -0.5773503000     0.5773503000    -0.5773503000
          -0.1862002257    -0.7815745909    -0.5953743652
   1,2     0.5773503000    -0.5773503000     0.5773503000
           0.1407408164    -0.6261523961    -0.7668932125
 1,44 -163.73861891 -758.99059008 -1154.35341284 2 0
   1,45    -0.5773503000     0.5773503000    -0.5773503000
          -0.7810354814    -0.1843923358     0.5966431456
   1,42     0.5773503000    -0.5773503000     0.5773503000
          -0.6201384635     0.1498994787     0.7700379422
 1,45 -152.15186524 -674.35899322 -1155.76086242 2 0
   1,41    -0.5773503000     0.5773503000    -0.5773503000
           0.7178454702     0.0219903818    -0.6958550884
   1,44     0.5773503000    -0.5773503000     0.5773503000
          -0.7810354814    -0.1843923358     0.5966431456
 1,46 -500.47833073 177.31250353 6364.11886214 2 0
   1,47    -0.5773503000    -0.5773503000     0.5773503000
          -0.2708347903     0.8024903951     0.5316556048
   1,52     0.5773503000     0.5773503000    -0.5773503000
          -0.7598145180     0.1210416111    -0.6387729069
 1,47 -567.34583267 160.49032708 6340.45838283 2 0
   1,46     0.5773503000     0.5773503000    -0.5773503000
          -0.2708347903     0.8024903951     0.5316556048
   1,48    -0.5773503000    -0.5773503000     0.5773503000
          -0.1836642975     0.7808173223     0.5971530248
 1,48 -639.79756687 156.02028798 6322.71320934 2 0
   1,49    -0.5773503000    -0.5773503000     0.5773503000
          -0.1842968915     0.7810069158     0.5967100244
   1,47     0.5773503000     0.5773503000    -0.5773503000
          -0.1836642975     0.7808173223     0.5971530248
 1,49 -699.07899103 158.56047063 6312.41258683 2 0
   1,48     0.5773503000     0.5773503000    -0.5773503000
          -0.1842968915     0.7810069158     0.5967100244
   1,50    -0.5773503000    -0.5773503000     0.5773503000
           0.1415753916     0.6256082450     0.7671836366
 1,50 -769.28841191 171.20777146 6308.61337833 2 0
   1,51    -0.5773503000    -0.5773503000     0.5773503000
           0.1467895802     0.6221910165     0.7689805967
   1,49     0.5773503000     0.5773503000    -0.5773503000
           0.1415753916     0.6256082450     0.7671836366
 1,51 -831.09523298 185.98357763 6308.45847754 1 1
   1,50     0.5773503000     0.5773503000    -0.5773503000
           0.1467895802     0.6221910165     0.7689805967
 1,52 -466.71192742 220.34328002 6390.13318781 2 0
   3,20     0.5773503000     0.5773503000    -0.5773503000
          -0.7602635816     0.1222568893    -0.6380066923
   1,46    -0.5773503000    -0.5773503000     0.5773503000
          -0.7598145180     0.1210416111    -0.6387729069
 1,53 -559.44044027 -195.04102288 -109.40178436 2 0
   1,4    -0.5773503000    -0.5773503000     0.5773503000
          -0.5870063692     0.7849984968     0.1979921276
   1,54     0.5773503000     0.5773503000    -0.5773503000
          -0.5664014829     0.7925061706     0.2261046876
 1,54 -503.02539384 -155.66499834 -106.33788815 2 0
   1,55     0.5773503000     0.5773503000    -0.5773503000
          -0.5704364726     0.7911349024     0.2206984298
   1,53    -0.5773503000    -0.5773503000     0.5773503000
          -0.5664014829     0.7925061706     0.2261046876
 1,55 -454.00746529 -121.19412121 -104.37163934 2 0
   1,56     0.5773503000     0.5773503000    -0.5773503000
          -0.5735935891     0.7900291424     0.2164355533
   1,54    -0.5773503000    -0.5773503000     0.5773503000
          -0.5704364726     0.7911349024     0.2206984298
 1,56 -392.30360202 -77.55199024 -102.82091962 2 0
   1,55    -0.5773503000    -0.5773503000     0.5773503000
          -0.5735935891     0.7900291424     0.2164355533
   1,57     0.5773503000     0.5773503000    -0.5773503000
          -0.5733175155     0.7901269989     0.2168094833
 1,57 -358.49235881 -53.34232027 -102.30275920 2 0
   1,58     0.5773503000     0.5773503000    -0.5773503000
          -0.5770620188     0.7887805170     0.2117184982
   1,56    -0.5773503000    -0.5773503000     0.5773503000
          -0.5733175155     0.7901269989     0.2168094833
 1,58 -292.84335330 -5.87477134 -101.83508971 2 0
   1,57    -0.5773503000    -0.5773503000     0.5773503000
          -0.5770620188     0.7887805170     0.2117184982
   1,76     0.5773503000     0.5773503000    -0.5773503000
          -0.6127801673     0.7736965676     0.1609164002
 1,59 161.00294924 -87.49123485 2806.47517438 2 0
   1,61    -0.5773503000     0.5773503000    -0.5773503000
          -0.5817059837    -0.7870521569    -0.2053461731
   7,1     0.5773503000    -0.5773503000     0.5773503000
          -0.5876231855    -0.7847537929    -0.1971306074
 1,60 110.74390971 -42.22078317 2331.67648298 2 0
   7,15     0.5773503000    -0.5773503000    -0.5773503000
           0.6059493158     0.7769146014    -0.1709652855
   1,63    -0.5773503000     0.5773503000     0.5773503000
           0.6074715367     0.7762119572    -0.1687404205
 1,61 110.46440705 -48.50017197 2807.34562392 2 0
   1,65    -0.5773503000     0.5773503000    -0.5773503000
           0.0108923418    -0.7015976875    -0.7124900293
   1,59     0.5773503000    -0.5773503000     0.5773503000
          -0.5817059837    -0.7870521569    -0.2053461731
 1,62 -315.54799267 -613.47526906 -2713.34609186 2 0
   1,25     0.5773503000    -0.5773503000     0.5773503000
           0.1420513319    -0.6252975811    -0.7673489130
   1,64    -0.5773503000     0.5773503000    -0.5773503000
           0.1454102605    -0.6230979253    -0.7685081858
 1,63 44.05968272 8.51984074 2336.10886120 2 0
   1,60     0.5773503000    -0.5773503000    -0.5773503000
           0.6074715367     0.7762119572    -0.1687404205
   1,75    -0.5773503000     0.5773503000     0.5773503000
           0.6120403867     0.7740532304    -0.1620128438
 1,64 -372.78340739 -638.95901913 -2702.80438025 2 0
   1,62     0.5773503000    -0.5773503000     0.5773503000
           0.1454102605    -0.6230979253    -0.7685081858
   1,69    -0.5773503000     0.5773503000    -0.5773503000
           0.1466031365    -0.6223137280    -0.7689168644
 1,65 64.92542972 -7.53622149 2809.07751808 2 0
   1,61     0.5773503000    -0.5773503000     0.5773503000
           0.0108923418    -0.7015976875    -0.7124900293
   1,67    -0.5773503000     0.5773503000    -0.5773503000
          -0.7667011719    -0.1401901765     0.6265109954
 1,66 -63.83798589 94.56157753 2343.12366471 2 0
   1,75     0.5773503000    -0.5773503000    -0.5773503000
           0.6583620276     0.7474148963    -0.0890528687
   1,70    -0.5773503000     0.5773503000     0.5773503000
           0.6358528280     0.7615122409    -0.1256594130
 1,67 22.96948526 41.89832235 2810.79044802 2 0
   1,65     0.5773503000    -0.5773503000     0.5773503000
          -0.7667011719    -0.1401901765     0.6265109954
   1,71    -0.5773503000     0.5773503000    -0.5773503000
          -0.7939618193    -0.5619611269     0.2320006925
 1,68 -467.19760509 -727.92846768 -2689.59821261 1 1
   1,69     0.5773503000    -0.5773503000     0.5773503000
           0.3404531752    -0.4724776419    -0.8129308171
 1,69 -428.93334180 -676.13295652 -2689.06998625 2 0
   1,64     0.5773503000    -0.5773503000     0.5773503000
           0.1466031365    -0.6223137280    -0.7689168644
   1,68    -0.5773503000     0.5773503000    -0.5773503000
           0.3404531752    -0.4724776419    -0.8129308171
 1,70 -111.55098320 139.00605378 2346.02738390 2 0
   1,72    -0.5773503000     0.5773503000     0.5773503000
           0.7093399869     0.7048522135     0.0044877734
   1,66     0.5773503000    -0.5773503000    -0.5773503000
           0.6358528280     0.7615122409    -0.1256594130
 1,71 -19.42132834 99.16765778 2811.66585220 2 0
   1,74    -0.5773503000     0.5773503000    -0.5773503000
          -0.7923635656    -0.5668275707     0.2255359949
   1,67     0.5773503000    -0.5773503000     0.5773503000
          -0.7939618193    -0.5619611269     0.2320006925
 1,72 -172.20207156 201.21695974 2350.22050053 2 0
   3,18    -0.5773503000     0.5773503000     0.5773503000
           0.7604721973     0.6376492449     0.1228229524
   1,70     0.5773503000    -0.5773503000    -0.5773503000
           0.7093399869     0.7048522135     0.0044877734
 1,73 -101.71647793 212.74359468 2811.23745275 2 0
   3,36    -0.5773503000     0.5773503000    -0.5773503000
          -0.7923642207    -0.5668256169     0.2255386037
   1,74     0.5773503000    -0.5773503000     0.5773503000
          -0.7928662081    -0.5653188109     0.2275473972
 1,74 -59.49500241 154.35246190 2811.86723276 2 0
   1,71     0.5773503000    -0.5773503000     0.5773503000
          -0.7923635656    -0.5668275707     0.2255359949
   1,73    -0.5773503000     0.5773503000    -0.5773503000
          -0.7928662081    -0.5653188109     0.2275473972
 1,75 7.68959276 36.67749927 2338.53721403 2 0
   1,66    -0.5773503000     0.5773503000     0.5773503000
           0.6583620276     0.7474148963    -0.0890528687
   1,63     0.5773503000    -0.5773503000    -0.5773503000
           0.6120403867     0.7740532304    -0.1620128438
 1,76 -244.19747024 30.83740991 -101.64602097 2 0
   1,58    -0.5773503000    -0.5773503000     0.5773503000
          -0.6127801673     0.7736965676     0.1609164002
   1,77     0.5773503000     0.5773503000    -0.5773503000
          -0.5681279395     0.7919251548     0.2237972153
 1,77 -187.62791194 72.68361484 -101.90679489 2 0
   1,78     0.5773503000     0.5773503000    -0.5773503000
          -0.5675874495     0.7921079635     0.2245205140
   1,76    -0.5773503000    -0.5773503000     0.5773503000
          -0.5681279395     0.7919251548     0.2237972153
 1,78 -153.02036863 97.94167884 -102.21264041 2 0
   1,79     0.5773503000     0.5773503000    -0.5773503000
          -0.5865488659     0.7851792215     0.1986303556
   1,77    -0.5773503000    -0.5773503000     0.5773503000
          -0.5675874495     0.7921079635     0.2245205140
 1,79 -105.39912057 132.39970148 -102.70451013 2 0
   1,78    -0.5773503000    -0.5773503000     0.5773503000
          -0.5865488659     0.7851792215     0.1986303556
   1,81     0.5773503000     0.5773503000    -0.5773503000
          -0.5669868142     0.7923101368     0.2253233226
 1,80 19.76691622 223.22904515 -103.83750057 2 0
   1,81    -0.5773503000    -0.5773503000     0.5773503000
          -0.5692302266     0.7915497361     0.2223195095
   3,59     0.5773503000     0.5773503000    -0.5773503000
          -0.5733547502     0.7901138138     0.2167590636
 1,81 -52.50907803 170.55572729 -103.13938883 2 0
   1,79    -0.5773503000    -0.5773503000     0.5773503000
          -0.5669868142     0.7923101368     0.2253233226
   1,80     0.5773503000     0.5773503000    -0.5773503000
          -0.5692302266     0.7915497361     0.2223195095
 1,82 -82.67406372 -202.83535515 -3287.18535753 2 0
   1,13     0.5773503000    -0.5773503000    -0.5773503000
           0.8028951209     0.5299760344     0.2729190865
   0,63    -0.5773503000     0.5773503000     0.5773503000
           0.7876822974     0.5800331162     0.2076491812
 1,83 -270.67365354 178.66919160 -923.77504191 2 0
   1,84     0.5773503000    -0.5773503000    -0.5773503000
           0.7874897972     0.5805465702     0.2069432270
   2,44    -0.5773503000     0.5773503000     0.5773503000
           0.7874616246     0.5806215352     0.2068400894
 1,84 -214.90462047 102.96814519 -928.38264188 2 0
   1,83    -0.5773503000     0.5773503000     0.5773503000
           0.7874897972     0.5805465702     0.2069432270
   1,85     0.5773503000    -0.5773503000    -0.5773503000
           0.7913962155     0.5696780565     0.2217181589
 1,85 -173.06354367 45.97961000 -932.08248626 2 0
   1,86     0.5773503000    -0.5773503000    -0.5773503000
           0.7883333792     0.5782804111     0.2100529681
   1,84    -0.5773503000     0.5773503000     0.5773503000
           0.7913962155     0.5696780565     0.2217181589
 1,86 -139.32310174 0.42385697 -935.19649571 2 0
   1,87     0.5773503000    -0.5773503000    -0.5773503000
           0.7888699262     0.5768169241     0.2120530021
   1,85    -0.5773503000     0.5773503000     0.5773503000
           0.7883333792     0.5782804111     0.2100529681
 1,87 -100.18790729 -52.41775106 -939.05919401 2 0
   1,86    -0.5773503000     0.5773503000     0.5773503000
           0.7888699262     0.5768169241     0.2120530021
   1,88     0.5773503000    -0.5773503000    -0.5773503000
           0.7910122885     0.5707906833     0.2202216052
 1,88 -61.97500837 -103.72151872 -943.16252526 2 0
   1,89     0.5773503000    -0.5773503000    -0.5773503000
           0.7899885853     0.5737078240     0.2162807614
   1,87    -0.5773503000     0.5773503000     0.5773503000
           0.7910122885     0.5707906833     0.2202216052
 1,89 -15.04290324 -166.82163344 -948.71770166 2 0
   1,35     0.5773503000    -0.5773503000    -0.5773503000
          -0.3023703432    -0.8080178228     0.5056474796
   1,88    -0.5773503000     0.5773503000     0.5773503000
           0.7899885853     0.5737078240     0.2162807614
 1,104 -758.39944451 -270.64394857 -105.27921448 2 0
   1,22    -0.5773503000    -0.5773503000     0.5773503000
          -0.5702604957     0.7911956836     0.2209351880
   1,17     0.5773503000     0.5773503000    -0.5773503000
          -0.1843712589     0.7810291742     0.5966579154
 2,0 -654.50116217 569.07254953 -921.41426997 1 1
   2,6     0.5773503000    -0.5773503000    -0.5773503000
           0.5619485144     0.7939658754    -0.2320173611
 2,1 -822.02234042 224.41696727 -3430.41201810 1 1
   0,36     0.5773503000    -0.5773503000    -0.5773503000
           0.1844502194     0.7810528004    -0.5966025810
 2,2 160.38640025 515.17944854 -7377.30235177 2 0
   6,1     0.5773503000    -0.5773503000     0.5773503000
          -0.1896865326    -0.7826035912    -0.5929170586
   2,4    -0.5773503000     0.5773503000    -0.5773503000
          -0.1905387096    -0.7828529862    -0.5923142765
 2,3 50.19497559 528.43635733 -7360.49803179 2 0
   2,5    -0.5773503000     0.5773503000    -0.5773503000
          -0.1880183606    -0.7821129676    -0.5940946070
   2,4     0.5773503000    -0.5773503000     0.5773503000
          -0.1897872096    -0.7826330986    -0.5928458890
 2,4 96.70269772 522.04477892 -7366.81156144 2 0
   2,2     0.5773503000    -0.5773503000     0.5773503000
          -0.1905387096    -0.7828529862    -0.5923142765
   2,3    -0.5773503000     0.5773503000    -0.5773503000
          -0.1897872096    -0.7826330986    -0.5928458890
 2,5 -18.88191761 539.79531556 -7353.36216020 2 0
   2,3     0.5773503000    -0.5773503000     0.5773503000
          -0.1880183606    -0.7821129676    -0.5940946070
   2,8    -0.5773503000     0.5773503000    -0.5773503000
          -0.1987937137    -0.7852254029    -0.5864316892
 2,6 -632.95826873 553.62692596 -921.10855487 2 0
   2,7     0.5773503000    -0.5773503000    -0.5773503000
           0.5592122847     0.7948354267    -0.2356231420
   2,0    -0.5773503000     0.5773503000     0.5773503000
           0.5619485144     0.7939658754    -0.2320173611
 2,7 -573.40400197 510.21867172 -920.19277343 2 0
   2,6    -0.5773503000     0.5773503000     0.5773503000
           0.5592122847     0.7948354267    -0.2356231420
   2,12     0.5773503000    -0.5773503000    -0.5773503000
           0.5526339328     0.7968424723    -0.2442085395
 2,8 -111.91475551 560.41679968 -7345.26649352 2 0
   2,42    -0.5773503000     0.5773503000    -0.5773503000
          -0.1954221530    -0.7842659808    -0.5888438278
   2,5     0.5773503000    -0.5773503000     0.5773503000
          -0.1987937137    -0.7852254029    -0.5864316892
 2,9 -174.32192477 659.84593526 -7501.47925213 2 0
   2,46     0.5773503000     0.5773503000     0.5773503000
           0.6222328643     0.1467260046    -0.7689588689
   2,48    -0.5773503000    -0.5773503000    -0.5773503000
           0.7809885218    -0.1842354510    -0.5967530707
 2,10 -573.42830141 328.80806743 -4497.60443402 2 0
   2,11    -0.5773503000     0.5773503000    -0.5773503000
          -0.5930209557    -0.7825604851    -0.1895395295
   2,35     0.5773503000    -0.5773503000     0.5773503000
          -0.5562597130    -0.7957507108    -0.2394909977
 2,11 -647.88386057 385.33367129 -4502.41964580 2 0
   2,101    -0.5773503000     0.5773503000    -0.5773503000
          -0.5817120078    -0.7870498722    -0.2053378644
   2,10     0.5773503000    -0.5773503000     0.5773503000
          -0.5930209557    -0.7825604851    -0.1895395295
 2,12 -549.96836957 492.86150398 -919.89719352 2 0
   2,7    -0.5773503000     0.5773503000     0.5773503000
           0.5526339328     0.7968424723    -0.2442085395
   2,13     0.5773503000    -0.5773503000    -0.5773503000
           0.5765981207     0.7889495926    -0.2123514719
 2,13 -478.96292944 437.21081443 -918.79791277 2 0
   2,15     0.5773503000    -0.5773503000    -0.5773503000
          -0.4647762896    -0.8137548539     0.3489785643
   2,12    -0.5773503000     0.5773503000     0.5773503000
           0.5765981207     0.7889495926    -0.2123514719
 2,15 -439.44982245 399.04818578 -917.78769047 2 0
   2,56     0.5773503000    -0.5773503000    -0.5773503000
          -0.4647762896    -0.8137548539     0.3489785643
   2,13    -0.5773503000     0.5773503000     0.5773503000
          -0.4647762896    -0.8137548539     0.3489785643
 2,16 -347.58311010 282.12462561 -918.82354600 2 0
   2,56    -0.5773503000     0.5773503000     0.5773503000
           0.7872297566     0.5812367926     0.2059929640
   2,44     0.5773503000    -0.5773503000    -0.5773503000
           0.7872862065     0.5810872863     0.2061989202
 2,27 -460.30563357 233.11451737 -4485.07293934 2 0
   0,28     0.5773503000    -0.5773503000     0.5773503000
          -0.7634367964    -0.1309731222     0.6324636742
   2,35    -0.5773503000     0.5773503000    -0.5773503000
          -0.5581680904    -0.7951618370    -0.2369937466
 2,35 -519.08972179 285.44275452 -4492.34755100 2 0
   2,27     0.5773503000    -0.5773503000     0.5773503000
          -0.5581680904    -0.7951618370    -0.2369937466
   2,10    -0.5773503000     0.5773503000    -0.5773503000
          -0.5562597130    -0.7957507108    -0.2394909977
 2,42 -164.55041041 582.51953096 -7333.42763151 2 0
   2,47    -0.5773503000     0.5773503000    -0.5773503000
          -0.5720816160    -0.7905623323    -0.2184807163
   2,8     0.5773503000    -0.5773503000     0.5773503000
          -0.1954221530    -0.7842659808    -0.5888438278
 2,43 -198.73291631 362.65724046 -7442.96843980 2 0
   2,53     0.5773503000     0.5773503000     0.5773503000
           0.7859889543    -0.2015107367    -0.5844782175
   2,52    -0.5773503000    -0.5773503000    -0.5773503000
           0.7824218960    -0.1890674778    -0.5933544181
 2,44 -319.49262658 244.40492077 -920.31797354 2 0
   1,83     0.5773503000    -0.5773503000    -0.5773503000
           0.7874616246     0.5806215352     0.2068400894
   2,16    -0.5773503000     0.5773503000     0.5773503000
           0.7872862065     0.5810872863     0.2061989202
 2,45 -237.40166528 739.40660259 -7296.30975331 2 0
   2,49     0.5773503000    -0.5773503000     0.5773503000
          -0.7959216461    -0.2402219566     0.5556996895
   2,57    -0.5773503000     0.5773503000    -0.5773503000
          -0.7793533511    -0.1788301304     0.6005232207
 2,46 -193.47652723 750.12630800 -7501.23860807 2 0
   2,54     0.5773503000     0.5773503000     0.5773503000
           0.7810463672    -0.1844287169    -0.5966176503
   2,9    -0.5773503000    -0.5773503000    -0.5773503000
           0.6222328643     0.1467260046    -0.7689588689
 2,47 -200.83400446 619.49499455 -7315.93463263 2 0
   2,49    -0.5773503000     0.5773503000    -0.5773503000
          -0.7967862111    -0.2439625374     0.5528236737
   2,42     0.5773503000    -0.5773503000     0.5773503000
          -0.5720816160    -0.7905623323    -0.2184807163
 2,48 -178.48520666 563.74344830 -7478.79869112 2 0
   2,51    -0.5773503000    -0.5773503000    -0.5773503000
           0.7810867453    -0.1845637082    -0.5965230372
   2,9     0.5773503000     0.5773503000     0.5773503000
           0.7809885218    -0.1842354510    -0.5967530707
 2,49 -221.17906350 670.40751102 -7302.89823108 2 0
   2,47     0.5773503000    -0.5773503000     0.5773503000
          -0.7967862111    -0.2439625374     0.5528236737
   2,45    -0.5773503000     0.5773503000    -0.5773503000
          -0.7959216461    -0.2402219566     0.5556996895
 2,50 140.92767445 394.11358528 -4397.52368337 2 0
   2,58    -0.5773503000    -0.5773503000     0.5773503000
          -0.2812024269     0.8044490095     0.5232465826
   6,28     0.5773503000     0.5773503000    -0.5773503000
          -0.7824670446     0.5932458809    -0.1892211637
 2,51 -183.77719086 499.02361737 -7465.10186523 2 0
   2,48     0.5773503000     0.5773503000     0.5773503000
           0.7810867453    -0.1845637082    -0.5965230372
   2,53    -0.5773503000    -0.5773503000    -0.5773503000
           0.7822376646    -0.1884413123    -0.5937963522
 2,52 -211.68345588 266.73948005 -7429.36507392 2 0
   0,54    -0.5773503000    -0.5773503000    -0.5773503000
           0.7837635848    -0.1936748743    -0.5900887105
   2,43     0.5773503000     0.5773503000     0.5773503000
           0.7824218960    -0.1890674778    -0.5933544181
 2,53 -189.32864653 444.40961322 -7455.39701974 2 0
   2,43    -0.5773503000    -0.5773503000    -0.5773503000
           0.7859889543    -0.2015107367    -0.5844782175
   2,51     0.5773503000     0.5773503000     0.5773503000
           0.7822376646    -0.1884413123    -0.5937963522
 2,54 -210.03899746 825.41651867 -7500.26414554 1 1
   2,46    -0.5773503000    -0.5773503000    -0.5773503000
           0.7810463672    -0.1844287169    -0.5966176503
 2,55 60.40981412 281.85223744 -4397.96912927 2 0
   2,58     0.5773503000     0.5773503000    -0.5773503000
           0.2889212835     0.5168965756     0.8058178591
   2,59    -0.5773503000    -0.5773503000     0.5773503000
           0.8158585732    -0.3799812734     0.4358772997
 2,56 -397.75590259 349.50923128 -917.39125072 2 0
   2,15    -0.5773503000     0.5773503000     0.5773503000
          -0.4647762896    -0.8137548539     0.3489785643
   2,16     0.5773503000    -0.5773503000    -0.5773503000
           0.7872297566     0.5812367926     0.2059929640
 2,57 -254.54543985 814.90997283 -7295.40787039 1 1
   2,45     0.5773503000    -0.5773503000     0.5773503000
          -0.7793533511    -0.1788301304     0.6005232207
 2,58 101.22977321 338.88659868 -4397.40143931 2 0
   2,50     0.5773503000     0.5773503000    -0.5773503000
          -0.2812024269     0.8044490095     0.5232465826
   2,55    -0.5773503000    -0.5773503000     0.5773503000
           0.2889212835     0.5168965756     0.8058178591
 2,59 19.60830266 224.40031630 -4399.12732747 2 0
   2,55     0.5773503000     0.5773503000    -0.5773503000
           0.8158585732    -0.3799812734     0.4358772997
   0,58    -0.5773503000    -0.5773503000     0.5773503000
          -0.7954766901     0.5571517278    -0.2383249623
 2,101 -693.33680064 418.89660937 -4503.78132693 2 0
   2,11     0.5773503000    -0.5773503000     0.5773503000
          -0.5817120078    -0.7870498722    -0.2053378644
   2,2159    -0.5773503000     0.5773503000    -0.5773503000
          -0.5806706611    -0.7874431534    -0.2067724923
 2,2159 -738.99735402 451.84034563 -4503.89741170 1 1
   2,101     0.5773503000    -0.5773503000     0.5773503000
          -0.5806706611    -0.7874431534    -0.2067724923
 3,10 -429.34354575 721.09747627 1416.91011610 2 0
   3,29     0.5773503000    -0.5773503000     0.5773503000
          -0.6021360877    -0.7786390845    -0.1765029968
   3,87    -0.5773503000     0.5773503000    -0.5773503000
          -0.7811305214    -0.1847101382     0.5964203831
 3,13 -554.30965875 601.13758741 6453.96489086 2 0
   3,22     0.5773503000     0.5773503000    -0.5773503000
          -0.6221467025    -0.1468568950    -0.7690035975
   3,19    -0.5773503000    -0.5773503000     0.5773503000
          -0.4724808924    -0.3404495526    -0.8129304450
 3,15 145.48389671 455.21879252 6070.44161382 2 0
   3,44    -0.5773503000     0.5773503000     0.5773503000
           0.7766023086     0.1699742419     0.6066280667
   3,56     0.5773503000    -0.5773503000    -0.5773503000
           0.7826358346     0.1897965466     0.5928392880
 3,16 112.99530079 445.36366703 1391.72803097 2 0
   3,46    -0.5773503000     0.5773503000    -0.5773503000
          -0.1895273189    -0.7825569035    -0.5930295846
   7,36     0.5773503000    -0.5773503000     0.5773503000
          -0.1897401194    -0.7826192984    -0.5928791790
 3,17 -374.16270057 587.56658036 2802.01691609 2 0
   3,25    -0.5773503000     0.5773503000    -0.5773503000
          -0.7924487377    -0.5665732713     0.2258754665
   3,32     0.5773503000    -0.5773503000     0.5773503000
          -0.7924475675    -0.5665767691     0.2258707984
 3,18 -226.78108896 267.38046134 2354.89956664 2 0
   3,52    -0.5773503000     0.5773503000     0.5773503000
           0.7912785413     0.5700201830     0.2212583583
   1,72     0.5773503000    -0.5773503000    -0.5773503000
           0.7604721973     0.6376492449     0.1228229524
 3,19 -525.13717666 556.10436479 6455.13626625 2 0
   3,21    -0.5773503000    -0.5773503000     0.5773503000
          -0.6215678170    -0.1477355422    -0.7693033592
   3,13     0.5773503000     0.5773503000    -0.5773503000
          -0.4724808924    -0.3404495526    -0.8129304450
 3,20 -455.48081215 279.97946463 6410.15589593 2 0
   1,52    -0.5773503000    -0.5773503000     0.5773503000
          -0.7602635816     0.1222568893    -0.6380066923
   3,38     0.5773503000     0.5773503000    -0.5773503000
          -0.7827111630     0.1900537521    -0.5926574109
 3,21 -495.64435805 487.48793109 6446.55106188 2 0
   3,19     0.5773503000     0.5773503000    -0.5773503000
          -0.6215678170    -0.1477355422    -0.7693033592
   3,43    -0.5773503000    -0.5773503000     0.5773503000
          -0.6227189860    -0.1459869822    -0.7687059682
 3,22 -584.41577239 643.44239284 6453.74254493 1 1
   3,13    -0.5773503000    -0.5773503000     0.5773503000
          -0.6221467025    -0.1468568950    -0.7690035975
 3,23 118.64839267 656.63109073 6043.97165640 2 0
   3,24    -0.5773503000     0.5773503000     0.5773503000
           0.7834333305     0.1925329249     0.5909004057
   3,40     0.5773503000    -0.5773503000    -0.5773503000
           0.7800143707     0.1810019553     0.5990124153
 3,24 118.04611654 723.14386153 6035.16430071 2 0
   3,31    -0.5773503000     0.5773503000     0.5773503000
           0.6221916066    -0.1467886838     0.7689802904
   3,23     0.5773503000    -0.5773503000    -0.5773503000
           0.7834333305     0.1925329249     0.5909004057
 3,25 -409.35341736 636.05914500 2801.09761688 2 0
   3,37    -0.5773503000     0.5773503000    -0.5773503000
          -0.6446558763     0.1116237882     0.7562796646
   3,17     0.5773503000    -0.5773503000     0.5773503000
          -0.7924487377    -0.5665732713     0.2258754665
 3,26 171.61922089 351.01297218 -101.75153855 4 0
   3,58     0.5773503000    -0.5773503000    -0.5773503000
           0.1844189398     0.7810434419    -0.5966245021
   3,57    -0.5773503000     0.5773503000     0.5773503000
           0.7894342988     0.5752583245     0.2141759743
   7,21     0.5773503000     0.5773503000    -0.5773503000
          -0.7672135333     0.6255521029    -0.1416614305
   3,60    -0.5773503000    -0.5773503000     0.5773503000
          -0.6619131396     0.7449653218     0.0830521823
 3,27 -493.46782326 628.07516990 2371.75188035 2 0
   3,34     0.5773503000    -0.5773503000    -0.5773503000
           0.7920028825     0.5678984324     0.2241044501
   3,53    -0.5773503000     0.5773503000     0.5773503000
           0.7845524567     0.5881284226     0.1964240341
 3,28 -71.62762739 492.69617914 1393.43301079 2 0
   3,30    -0.5773503000     0.5773503000    -0.5773503000
          -0.2049662415    -0.7869476048    -0.5819813633
   3,46     0.5773503000    -0.5773503000     0.5773503000
          -0.2095420960    -0.7881955738    -0.5786534779
 3,29 -359.71408965 667.29138446 1413.73705120 2 0
   3,10    -0.5773503000     0.5773503000    -0.5773503000
          -0.6021360877    -0.7786390845    -0.1765029968
   3,50     0.5773503000    -0.5773503000     0.5773503000
          -0.5687100876    -0.7917273205    -0.2230172329
 3,30 -138.15471801 520.10500154 1396.95403107 2 0
   3,28     0.5773503000    -0.5773503000     0.5773503000
          -0.2049662415    -0.7869476048    -0.5819813633
   3,51    -0.5773503000     0.5773503000    -0.5773503000
          -0.5676668188    -0.7920811709    -0.2244143521
 3,31 129.85890359 794.52822560 6033.47325633 2 0
   3,24     0.5773503000    -0.5773503000    -0.5773503000
           0.6221916066    -0.1467886838     0.7689802904
   3,41    -0.5773503000     0.5773503000     0.5773503000
           0.6221511015    -0.1468502131     0.7690013146
 3,32 -335.35439666 534.21877587 2803.39358971 2 0
   3,47     0.5773503000    -0.5773503000     0.5773503000
          -0.7931087782    -0.5645837005     0.2285250777
   3,17    -0.5773503000     0.5773503000    -0.5773503000
          -0.7924475675    -0.5665767691     0.2258707984
 3,33 -165.71505420 301.01218476 2809.55551388 2 0
   3,42    -0.5773503000     0.5773503000    -0.5773503000
          -0.7921372361    -0.5675006729     0.2246365632
   3,36     0.5773503000    -0.5773503000     0.5773503000
          -0.7921712785    -0.5673996757     0.2247716028
 3,34 -458.88536768 580.30234151 2371.16010133 2 0
   3,27    -0.5773503000     0.5773503000     0.5773503000
           0.7920028825     0.5678984324     0.2241044501
   3,39     0.5773503000    -0.5773503000    -0.5773503000
           0.7909584093     0.5709459996     0.2200124097
 3,35 -338.45194620 415.82292762 2364.68872826 2 0
   3,45    -0.5773503000     0.5773503000     0.5773503000
           0.7833733662     0.5910472279     0.1923261383
   3,48     0.5773503000    -0.5773503000    -0.5773503000
           0.7900045618     0.5736628367     0.2163417251
 3,36 -134.32008124 257.73376067 2810.41080636 2 0
   3,33    -0.5773503000     0.5773503000    -0.5773503000
          -0.7921712785    -0.5673996757     0.2247716028
   1,73     0.5773503000    -0.5773503000     0.5773503000
          -0.7923642207    -0.5668256169     0.2255386037
 3,37 -437.09110838 674.39662545 2800.67236547 2 0
   3,55    -0.5773503000     0.5773503000    -0.5773503000
          -0.7942827784    -0.5609588210     0.2333239573
   3,25     0.5773503000    -0.5773503000     0.5773503000
          -0.6446558763     0.1116237882     0.7562796646
 3,38 -456.15851123 343.52808803 6426.43406110 2 0
   3,43     0.5773503000     0.5773503000    -0.5773503000
          -0.6244585069    -0.1433348802    -0.7677933871
   3,20    -0.5773503000    -0.5773503000     0.5773503000
          -0.7827111630     0.1900537521    -0.5926574109
 3,39 -418.58103442 524.94085709 2369.65213548 2 0
   3,45     0.5773503000    -0.5773503000    -0.5773503000
           0.7937439784     0.5626364986     0.2311074797
   3,34    -0.5773503000     0.5773503000     0.5773503000
           0.7909584093     0.5709459996     0.2200124097
 3,40 126.86703931 574.57259967 6056.31165094 2 0
   3,23    -0.5773503000     0.5773503000     0.5773503000
           0.7800143707     0.1810019553     0.5990124153
   3,44     0.5773503000    -0.5773503000    -0.5773503000
           0.7820304068     0.1877387115     0.5942916953
 3,41 141.15776606 841.67717166 6033.33385622 1 1
   3,31     0.5773503000    -0.5773503000    -0.5773503000
           0.6221511015    -0.1468502131     0.7690013146
 3,42 -196.56311108 343.50157836 2808.68379949 2 0
   3,49    -0.5773503000     0.5773503000    -0.5773503000
          -0.7927327753    -0.5657212229     0.2270115524
   3,33     0.5773503000    -0.5773503000     0.5773503000
          -0.7921372361    -0.5675006729     0.2246365632
 3,43 -468.88386028 408.52601620 6437.25524109 2 0
   3,21     0.5773503000     0.5773503000    -0.5773503000
          -0.6227189860    -0.1459869822    -0.7687059682
   3,38    -0.5773503000    -0.5773503000     0.5773503000
          -0.6244585069    -0.1433348802    -0.7677933871
 3,44 136.27038203 507.70613981 6064.75554099 2 0
   3,15     0.5773503000    -0.5773503000    -0.5773503000
           0.7766023086     0.1699742419     0.6066280667
   3,40    -0.5773503000     0.5773503000     0.5773503000
           0.7820304068     0.1877387115     0.5942916953
 3,45 -377.11435285 468.33398181 2367.39648343 2 0
   3,39    -0.5773503000     0.5773503000     0.5773503000
           0.7937439784     0.5626364986     0.2311074797
   3,35     0.5773503000    -0.5773503000    -0.5773503000
           0.7833733662     0.5910472279     0.1923261383
 3,46 16.44621062 467.99085731 1392.62305030 2 0
   3,28    -0.5773503000     0.5773503000    -0.5773503000
          -0.2095420960    -0.7881955738    -0.5786534779
   3,16     0.5773503000    -0.5773503000     0.5773503000
          -0.1895273189    -0.7825569035    -0.5930295846
 3,47 -298.10990010 483.09714109 2804.96673369 2 0
   3,32    -0.5773503000     0.5773503000    -0.5773503000
          -0.7931087782    -0.5645837005     0.2285250777
   3,54     0.5773503000    -0.5773503000     0.5773503000
          -0.7930854696    -0.5646545383     0.2284309312
 3,48 -305.76713716 371.76752889 2362.00156688 2 0
   3,52     0.5773503000    -0.5773503000    -0.5773503000
           0.7869558269     0.5819597291     0.2049960978
   3,35    -0.5773503000     0.5773503000     0.5773503000
           0.7900045618     0.5736628367     0.2163417251
 3,49 -227.79722028 386.48737375 2807.70912446 2 0
   3,54    -0.5773503000     0.5773503000    -0.5773503000
          -0.7943389727    -0.5607824362     0.2335565364
   3,42     0.5773503000    -0.5773503000     0.5773503000
          -0.7927327753    -0.5657212229     0.2270115524
 3,50 -279.23467543 609.88827891 1409.23245461 2 0
   3,29    -0.5773503000     0.5773503000    -0.5773503000
          -0.5687100876    -0.7917273205    -0.2230172329
   3,51     0.5773503000    -0.5773503000     0.5773503000
          -0.5662405468    -0.7925598992    -0.2263193524
 3,51 -222.99180597 571.58051179 1404.84556342 2 0
   3,30     0.5773503000    -0.5773503000     0.5773503000
          -0.5676668188    -0.7920811709    -0.2244143521
   3,50    -0.5773503000     0.5773503000    -0.5773503000
          -0.5662405468    -0.7925598992    -0.2263193524
 3,52 -274.73658899 330.38206625 2359.27291107 2 0
   3,48    -0.5773503000     0.5773503000     0.5773503000
           0.7869558269     0.5819597291     0.2049960978
   3,18     0.5773503000    -0.5773503000    -0.5773503000
           0.7912785413     0.5700201830     0.2212583583
 3,53 -531.80529609 681.36187870 2371.50944051 1 1
   3,27     0.5773503000    -0.5773503000    -0.5773503000
           0.7845524567     0.5881284226     0.1964240341
 3,54 -263.11716670 435.05135508 2806.43188703 2 0
   3,49     0.5773503000    -0.5773503000     0.5773503000
          -0.7943389727    -0.5607824362     0.2335565364
   3,47    -0.5773503000     0.5773503000    -0.5773503000
          -0.7930854696    -0.5646545383     0.2284309312
 3,55 -472.80364120 723.88786546 2800.52850612 1 1
   3,37     0.5773503000    -0.5773503000     0.5773503000
          -0.7942827784    -0.5609588210     0.2333239573
 3,56 159.75876501 393.67272951 6077.03316227 2 0
   7,38     0.5773503000    -0.5773503000    -0.5773503000
           0.7497695123     0.0949128669     0.6548566455
   3,15    -0.5773503000     0.5773503000     0.5773503000
           0.7826358346     0.1897965466     0.5928392880
 3,57 173.15266330 352.55238434 -102.25013617 1 1
   3,26     0.5773503000    -0.5773503000    -0.5773503000
           0.7894342988     0.5752583245     0.2141759743
 3,58 173.15266540 352.55238886 -102.25009727 1 1
   3,26    -0.5773503000     0.5773503000     0.5773503000
           0.1844189398     0.7810434419    -0.5966245021
 3,59 63.07848890 256.29108839 -104.10340370 2 0
   1,80    -0.5773503000    -0.5773503000     0.5773503000
          -0.5733547502     0.7901138138     0.2167590636
   3,60     0.5773503000     0.5773503000    -0.5773503000
          -0.6511783421     0.7521745378     0.1009961957
 3,60 101.66710792 288.85378578 -103.84106321 2 0
   3,59    -0.5773503000    -0.5773503000     0.5773503000
          -0.6511783421     0.7521745378     0.1009961957
   3,26     0.5773503000     0.5773503000    -0.5773503000
          -0.6619131396     0.7449653218     0.0830521823
 3,87 -445.45985341 743.59615262 1417.33224357 1 1
   3,10     0.5773503000    -0.5773503000     0.5773503000
          -0.7811305214    -0.1847101382     0.5964203831
 4,0 603.13361923 -235.61461605 -8750.00000000 1 1
   4,9     0.5773503000    -0.5773503000     0.5773503000
           0.7069372599     0.7072761806     0.0003389207
 4,7 617.89910973 -247.60118079 -8249.21895599 2 0
   4,28     0.5773503000    -0.5773503000     0.5773503000
          -0.2740919346     0.5290285094     0.8031204440
   4,61    -0.5773503000     0.5773503000    -0.5773503000
           0.7133500095     0.7006936423    -0.0126563672
 4,8 611.00686420 -243.05083921 -8419.18024648 2 0
   4,61     0.5773503000    -0.5773503000     0.5773503000
          -0.2740919346     0.5290285094     0.8031204440
   4,30    -0.5773503000     0.5773503000    -0.5773503000
           0.7089134683     0.7052861383    -0.0036273299
 4,9 603.62559583 -236.10597189 -8680.31132021 2 0
   4,64     0.5773503000    -0.5773503000     0.5773503000
           0.7061353370     0.7080742380     0.0019389011
   4,0    -0.5773503000     0.5773503000    -0.5773503000
           0.7069372599     0.7072761806     0.0003389207
 4,11 666.16089440 -225.92544019 -8098.15404438 2 0
   6,0     0.5773503000    -0.5773503000     0.5773503000
          -0.2776318465    -0.8037899215    -0.5261580750
   4,28    -0.5773503000     0.5773503000    -0.5773503000
           0.7068624610     0.7073508484     0.0004883875
 4,28 626.15616259 -245.42180674 -8162.90468271 2 0
   4,7    -0.5773503000     0.5773503000    -0.5773503000
          -0.2740919346     0.5290285094     0.8031204440
   4,11     0.5773503000    -0.5773503000     0.5773503000
           0.7068624610     0.7073508484     0.0004883875
 4,30 609.24659232 -241.50630494 -8467.93258226 2 0
   4,63    -0.5773503000     0.5773503000    -0.5773503000
          -0.2740919346     0.5290285094     0.8031204440
   4,8     0.5773503000    -0.5773503000     0.5773503000
           0.7089134683     0.7052861383    -0.0036273299
 4,58 817.24770195 -244.64266039 -8086.89764280 1 1
   6,0    -0.5773503000     0.5773503000    -0.5773503000
          -0.1898688387    -0.7826570147    -0.5927881759
 4,61 613.76879044 -245.44432210 -8343.97804318 2 0
   4,8    -0.5773503000     0.5773503000    -0.5773503000
          -0.2740919346     0.5290285094     0.8031204440
   4,7     0.5773503000    -0.5773503000     0.5773503000
           0.7133500095     0.7006936423    -0.0126563672
 4,63 606.72752519 -239.15410814 -8544.78504849 2 0
   4,64    -0.5773503000     0.5773503000    -0.5773503000
          -0.7226500312    -0.0321856844     0.6904643468
   4,30     0.5773503000    -0.5773503000     0.5773503000
          -0.2740919346     0.5290285094     0.8031204440
 4,64 604.95077913 -237.45886703 -8609.10000230 2 0
   4,63     0.5773503000    -0.5773503000     0.5773503000
          -0.7226500312    -0.0321856844     0.6904643468
   4,9    -0.5773503000     0.5773503000    -0.5773503000
           0.7061353370     0.7080742380     0.0019389011
 5,0 565.36889225 -527.21500332 7022.87742797 2 0
   5,18    -0.5773503000    -0.5773503000     0.5773503000
          -0.6323489255    -0.1311521822    -0.7635011077
   5,5     0.5773503000     0.5773503000    -0.5773503000
          -0.6327726528    -0.1304907008    -0.7632633536
 5,1 467.83779109 -305.93898152 2309.28036168 2 0
   5,22    -0.5773503000     0.5773503000     0.5773503000
           0.6100102937     0.7750217223    -0.1650114285
   5,25     0.5773503000    -0.5773503000    -0.5773503000
           0.5712640726     0.7908478511    -0.2195837785
 5,2 552.19830874 -367.83022846 2305.57283551 2 0
   5,25    -0.5773503000     0.5773503000     0.5773503000
           0.5626217643     0.7937487445    -0.2311269801
   5,40     0.5773503000    -0.5773503000    -0.5773503000
           0.5729821088     0.7902455852    -0.2172634764
 5,3 569.80627338 -383.71081440 2810.36184253 2 0
   5,16    -0.5773503000     0.5773503000    -0.5773503000
           0.0000000000     0.0000000000     0.0000000000
   5,23     0.5773503000    -0.5773503000     0.5773503000
          -0.5688051954    -0.7916949072    -0.2228897117
 5,5 628.42876138 -538.33975969 7054.92987447 2 0
   5,169     0.5773503000     0.5773503000    -0.5773503000
           0.1468340743     0.6221617261     0.7689958005
   5,0    -0.5773503000    -0.5773503000     0.5773503000
          -0.6327726528    -0.1304907008    -0.7632633536
 5,9 660.24668699 -446.43973976 2302.32657434 2 0
   5,47     0.5773503000    -0.5773503000    -0.5773503000
           0.5654554301     0.7928209589    -0.2273655288
   5,40    -0.5773503000     0.5773503000     0.5773503000
           0.5703694262     0.7911580704    -0.2207886442
 5,16 496.85759892 -330.67516438 2809.41051355 2 0
   5,3     0.5773503000    -0.5773503000     0.5773503000
           0.0000000000     0.0000000000     0.0000000000
   5,33    -0.5773503000     0.5773503000    -0.5773503000
          -0.5641888446    -0.7932384438    -0.2290495993
 5,18 563.19541310 -556.68061078 7001.89752328 2 0
   5,24    -0.5773503000    -0.5773503000     0.5773503000
          -0.6247967436    -0.1428178098    -0.7676145533
   5,0     0.5773503000     0.5773503000    -0.5773503000
          -0.6323489255    -0.1311521822    -0.7635011077
 5,22 411.23203628 -264.11486915 2312.28837560 2 0
   5,1     0.5773503000    -0.5773503000    -0.5773503000
           0.6100102937     0.7750217223    -0.1650114285
   5,38    -0.5773503000     0.5773503000     0.5773503000
           0.5760359168     0.7891536355    -0.2131177187
 5,23 624.04552414 -423.02495826 2811.03655208 2 0
   5,81     0.5773503000    -0.5773503000     0.5773503000
          -0.6838445601    -0.7282737563    -0.0444291961
   5,3    -0.5773503000     0.5773503000    -0.5773503000
          -0.5688051954    -0.7916949072    -0.2228897117
 5,24 611.47044866 -623.94248547 7001.97787903 1 1
   5,18     0.5773503000     0.5773503000    -0.5773503000
          -0.6247967436    -0.1428178098    -0.7676145533
 5,25 505.42537282 -333.62858026 2307.53034183 2 0
   5,2     0.5773503000    -0.5773503000    -0.5773503000
           0.5626217643     0.7937487445    -0.2311269801
   5,1    -0.5773503000     0.5773503000     0.5773503000
           0.5712640726     0.7908478511    -0.2195837785
 5,33 430.65545290 -282.67945075 2808.46349795 2 0
   5,37    -0.5773503000     0.5773503000    -0.5773503000
          -0.4563705538    -0.8145251427    -0.3581545888
   5,16     0.5773503000    -0.5773503000     0.5773503000
          -0.5641888446    -0.7932384438    -0.2290495993
 5,37 370.32711375 -239.01739077 2807.45082980 2 0
   7,5    -0.5773503000     0.5773503000    -0.5773503000
          -0.1029318017    -0.7529313548    -0.6499995532
   5,33     0.5773503000    -0.5773503000     0.5773503000
          -0.4563705538    -0.8145251427    -0.3581545888
 5,38 364.93129747 -229.94978140 2315.12219421 2 0
   7,8    -0.5773503000     0.5773503000     0.5773503000
           0.5868731846     0.7850511760    -0.1981779914
   5,22     0.5773503000    -0.5773503000    -0.5773503000
           0.5760359168     0.7891536355    -0.2131177187
 5,39 387.25828341 -707.26734461 -994.12448140 2 0
   5,41    -0.5773503000     0.5773503000     0.5773503000
           0.7911150844     0.5704937946     0.2206212898
   5,42     0.5773503000    -0.5773503000    -0.5773503000
           0.7911150844     0.5704937946     0.2206212898
 5,40 610.14344589 -410.02878645 2303.55827438 2 0
   5,9     0.5773503000    -0.5773503000    -0.5773503000
           0.5703694262     0.7911580704    -0.2207886442
   5,2    -0.5773503000     0.5773503000     0.5773503000
           0.5729821088     0.7902455852    -0.2172634764
 5,41 353.61301622 -661.31764064 -992.18493408 2 0
   5,43    -0.5773503000     0.5773503000     0.5773503000
           0.7027950471    -0.0085460016     0.7113410487
   5,39     0.5773503000    -0.5773503000    -0.5773503000
           0.7911150844     0.5704937946     0.2206212898
 5,42 424.61586763 -758.61964755 -995.35283953 1 1
   5,39    -0.5773503000     0.5773503000     0.5773503000
           0.7911150844     0.5704937946     0.2206212898
 5,43 317.49075872 -612.32395825 -989.34950427 2 0
   5,41     0.5773503000    -0.5773503000    -0.5773503000
           0.7027950471    -0.0085460016     0.7113410487
   5,44    -0.5773503000     0.5773503000     0.5773503000
           0.7027950471    -0.0085460016     0.7113410487
 5,44 283.70275390 -566.68807372 -986.15093342 2 0
   5,45    -0.5773503000     0.5773503000     0.5773503000
           0.7027950471    -0.0085460016     0.7113410487
   5,43     0.5773503000    -0.5773503000    -0.5773503000
           0.7027950471    -0.0085460016     0.7113410487
 5,45 251.32013425 -523.06590439 -982.68837014 2 0
   5,44     0.5773503000    -0.5773503000    -0.5773503000
           0.7027950471    -0.0085460016     0.7113410487
   5,46    -0.5773503000     0.5773503000     0.5773503000
           0.6284529237    -0.1371992707     0.7656521944
 5,46 219.36597368 -480.24869469 -978.98672989 2 0
   5,48    -0.5773503000     0.5773503000     0.5773503000
           0.0000000000     0.0000000000     0.0000000000
   5,45     0.5773503000    -0.5773503000    -0.5773503000
           0.6284529237    -0.1371992707     0.7656521944
 5,47 714.54127938 -485.77133668 2301.60924247 1 1
   5,9    -0.5773503000     0.5773503000     0.5773503000
           0.5654554301     0.7928209589    -0.2273655288
 5,48 185.49436386 -434.82186048 -974.74509154 2 0
   5,46     0.5773503000    -0.5773503000    -0.5773503000
           0.0000000000     0.0000000000     0.0000000000
   1,32    -0.5773503000     0.5773503000     0.5773503000
           0.6133527611    -0.1600663676     0.7734191286
 5,81 663.40099797 -451.50683500 2811.41669187 2 0
   5,2453     0.5773503000    -0.5773503000     0.5773503000
          -0.2062813604    -0.7873087884    -0.5810274280
   5,23    -0.5773503000     0.5773503000    -0.5773503000
          -0.6838445601    -0.7282737563    -0.0444291961
 5,169 660.17151671 -561.20535287 7054.94488550 1 1
   5,5    -0.5773503000    -0.5773503000     0.5773503000
           0.1468340743     0.6221617261     0.7689958005
 5,2453 713.26271482 -487.54525025 2811.77163266 1 1
   5,81    -0.5773503000     0.5773503000    -0.5773503000
          -0.2062813604    -0.7873087884    -0.5810274280
 6,0 725.39041541 -223.21744569 -8086.59363893 2 0
   4,11    -0.5773503000     0.5773503000    -0.5773503000
          -0.2776318465    -0.8037899215    -0.5261580750
   4,58     0.5773503000    -0.5773503000     0.5773503000
          -0.1898688387    -0.7826570147    -0.5927881759
 6,1 215.95927970 511.18843021 -7388.51036430 2 0
   2,2    -0.5773503000     0.5773503000    -0.5773503000
          -0.1896865326    -0.7826035912    -0.5929170586
   6,62     0.5773503000    -0.5773503000     0.5773503000
          -0.1836312767    -0.7808074131    -0.5971761364
 6,2 463.46049333 563.32123790 -7434.48058084 2 0
   6,80    -0.5773503000     0.5773503000    -0.5773503000
           0.1468526766    -0.6221494797    -0.7690021563
   6,79     0.5773503000    -0.5773503000     0.5773503000
           0.1455946085    -0.6229768383    -0.7685714468
 6,3 249.04194164 543.57161410 -4399.13979380 2 0
   6,4     0.5773503000     0.5773503000    -0.5773503000
          -0.0461447178     0.7290489865     0.6829042687
   6,15    -0.5773503000    -0.5773503000     0.5773503000
          -0.2812024269     0.8044490095     0.5232465826
 6,4 278.96039977 584.77721466 -4399.71225327 2 0
   6,3    -0.5773503000    -0.5773503000     0.5773503000
          -0.0461447178     0.7290489865     0.6829042687
   6,5     0.5773503000     0.5773503000    -0.5773503000
          -0.7964242777     0.5540366472    -0.2423876306
 6,5 312.95191839 631.63719849 -4400.38530578 2 0
   6,4    -0.5773503000    -0.5773503000     0.5773503000
          -0.7964242777     0.5540366472    -0.2423876306
   6,6     0.5773503000     0.5773503000    -0.5773503000
          -0.7993533423     0.5438143680    -0.2555389743
 6,6 347.73493264 679.66390386 -4401.00651952 2 0
   6,5    -0.5773503000    -0.5773503000     0.5773503000
          -0.7993533423     0.5438143680    -0.2555389743
   6,7     0.5773503000     0.5773503000    -0.5773503000
          -0.7894343418     0.5752582051    -0.2141761367
 6,7 375.46725031 718.00847480 -4401.34585308 2 0
   6,8     0.5773503000     0.5773503000    -0.5773503000
          -0.7964242777     0.5540366472    -0.2423876306
   6,6    -0.5773503000    -0.5773503000     0.5773503000
          -0.7894343418     0.5752582051    -0.2141761367
 6,8 411.57201948 768.02112138 -4401.55167531 1 1
   6,7    -0.5773503000    -0.5773503000     0.5773503000
          -0.7964242777     0.5540366472    -0.2423876306
 6,9 561.97289172 659.61830600 -7443.73127712 1 1
   6,79    -0.5773503000     0.5773503000    -0.5773503000
          -0.1839223805    -0.7808947273    -0.5969723468
 6,10 288.52037223 129.77317744 -5409.99397467 2 0
   6,12     0.5773503000     0.5773503000    -0.5773503000
          -0.5722623141     0.7904989622     0.2182366481
   6,13    -0.5773503000    -0.5773503000     0.5773503000
          -0.5828151601     0.7866296180     0.2038144579
 6,11 372.09486748 193.10282066 -5415.41774988 2 0
   6,16     0.5773503000     0.5773503000    -0.5773503000
          -0.5316530358    -0.2708379836    -0.8024910194
   6,12    -0.5773503000    -0.5773503000     0.5773503000
          -0.5925300238     0.7827638589     0.1902338352
 6,12 325.08742492 157.79541695 -5412.32438323 2 0
   6,10    -0.5773503000    -0.5773503000     0.5773503000
          -0.5722623141     0.7904989622     0.2182366481
   6,11     0.5773503000     0.5773503000    -0.5773503000
          -0.5925300238     0.7827638589     0.1902338352
 6,13 227.71443645 80.79779110 -5406.38001912 2 0
   6,14    -0.5773503000    -0.5773503000     0.5773503000
          -0.4383965263     0.8157352396     0.3773387134
   6,10     0.5773503000     0.5773503000    -0.5773503000
          -0.5828151601     0.7866296180     0.2038144579
 6,14 184.16162291 38.90723936 -5403.99574574 2 0
   0,44    -0.5773503000    -0.5773503000     0.5773503000
          -0.7963167729     0.5543944190    -0.2419223540
   6,13     0.5773503000     0.5773503000    -0.5773503000
          -0.4383965263     0.8157352396     0.3773387134
 6,15 215.54934246 497.41472417 -4398.56168785 2 0
   6,3     0.5773503000     0.5773503000    -0.5773503000
          -0.2812024269     0.8044490095     0.5232465826
   6,28    -0.5773503000    -0.5773503000     0.5773503000
          -0.7916272185     0.5690035633    -0.2226236552
 6,16 425.50531702 232.83183521 -5418.76562561 2 0
   6,11    -0.5773503000    -0.5773503000     0.5773503000
          -0.5316530358    -0.2708379836    -0.8024910194
   6,22     0.5773503000     0.5773503000    -0.5773503000
          -0.6400434752    -0.1190207005    -0.7590641756
 6,17 530.64642146 310.37791799 -5424.04302440 2 0
   6,22    -0.5773503000    -0.5773503000     0.5773503000
          -0.6400434751    -0.1190207006    -0.7590641757
   6,18     0.5773503000     0.5773503000    -0.5773503000
          -0.5627120855     0.7937195188     0.2310074333
 6,18 585.40730039 350.59236356 -5426.08432717 2 0
   6,20     0.5773503000     0.5773503000    -0.5773503000
          -0.4451703408    -0.3701774514    -0.8153477922
   6,17    -0.5773503000    -0.5773503000     0.5773503000
          -0.5627120855     0.7937195188     0.2310074333
 6,19 681.24463007 420.45363673 -5428.22017724 2 0
   6,20    -0.5773503000    -0.5773503000     0.5773503000
           0.0000000000     0.0000000000     0.0000000000
   6,21     0.5773503000     0.5773503000    -0.5773503000
          -0.6088515743     0.7755678256     0.1667162513
 6,20 637.10913498 388.38007669 -5427.50960296 2 0
   6,19     0.5773503000     0.5773503000    -0.5773503000
           0.0000000000     0.0000000000     0.0000000000
   6,18    -0.5773503000    -0.5773503000     0.5773503000
          -0.4451703408    -0.3701774514    -0.8153477922
 6,21 734.11722137 458.61116801 -5428.39368363 1 1
   6,19    -0.5773503000    -0.5773503000     0.5773503000
          -0.6088515743     0.7755678256     0.1667162513
 6,22 476.77104401 270.71358574 -5421.56299559 2 0
   6,17     0.5773503000     0.5773503000    -0.5773503000
          -0.6400434751    -0.1190207006    -0.7590641757
   6,16    -0.5773503000    -0.5773503000     0.5773503000
          -0.6400434752    -0.1190207005    -0.7590641756
 6,28 179.30480363 447.32788050 -4398.01433707 2 0
   6,15     0.5773503000     0.5773503000    -0.5773503000
          -0.7916272185     0.5690035633    -0.2226236552
   2,50    -0.5773503000    -0.5773503000     0.5773503000
          -0.7824670446     0.5932458809    -0.1892211637
 6,57 325.19328762 513.15942253 -7414.33437689 2 0
   6,62    -0.5773503000     0.5773503000    -0.5773503000
          -0.1840310645    -0.7809273012    -0.5968962368
   6,80     0.5773503000    -0.5773503000     0.5773503000
           0.1467647444    -0.6222073649    -0.7689721093
 6,62 264.46928020 509.57028828 -7400.00161967 2 0
   6,57     0.5773503000    -0.5773503000     0.5773503000
          -0.1840310645    -0.7809273012    -0.5968962368
   6,1    -0.5773503000     0.5773503000    -0.5773503000
          -0.1836312767    -0.7808074131    -0.5971761364
 6,79 508.76516045 590.06581436 -7445.50530436 2 0
   6,9     0.5773503000    -0.5773503000     0.5773503000
          -0.1839223805    -0.7808947273    -0.5969723468
   6,2    -0.5773503000     0.5773503000    -0.5773503000
           0.1455946085    -0.6229768383    -0.7685714468
 6,80 403.21388258 536.67866641 -7424.10339851 2 0
   6,57    -0.5773503000     0.5773503000    -0.5773503000
           0.1467647444    -0.6222073649    -0.7689721093
   6,2     0.5773503000    -0.5773503000     0.5773503000
           0.1468526766    -0.6221494797    -0.7690021563
 7,0 636.75109357 449.51810555 1367.48815481 2 0
   7,19    -0.5773503000     0.5773503000    -0.5773503000
           0.1415765754    -0.6256074726    -0.7671840480
   7,10     0.5773503000    -0.5773503000     0.5773503000
           0.1468666349    -0.6221402902    -0.7690069251
 7,1 234.13649025 -140.61876440 2806.25609204 2 0
   1,59    -0.5773503000     0.5773503000    -0.5773503000
          -0.5876231855    -0.7847537929    -0.1971306074
   7,5     0.5773503000    -0.5773503000     0.5773503000
          -0.5642565501    -0.7932162413    -0.2289596912
 7,2 812.21745226 265.95114004 6130.52584195 1 1
   7,25    -0.5773503000     0.5773503000     0.5773503000
           0.1843818840     0.7810323538    -0.5966504698
 7,3 368.56611274 400.35684543 1375.47256988 2 0
   7,13     0.5773503000    -0.5773503000     0.5773503000
          -0.1845423237    -0.7810803503    -0.5965380266
   7,18    -0.5773503000     0.5773503000    -0.5773503000
          -0.1838106035    -0.7808612122    -0.5970506087
 7,4 605.62179843 232.21966393 6135.80510180 2 0
   7,6    -0.5773503000     0.5773503000     0.5773503000
          -0.0610455555     0.6746049271    -0.7356504826
   7,11     0.5773503000    -0.5773503000    -0.5773503000
          -0.1467737352     0.6222014467    -0.7689751819
 7,5 313.29695201 -197.70530990 2806.66863605 2 0
   5,37     0.5773503000    -0.5773503000     0.5773503000
          -0.1029318017    -0.7529313548    -0.6499995532
   7,1    -0.5773503000     0.5773503000    -0.5773503000
          -0.5642565501    -0.7932162413    -0.2289596912
 7,6 540.45020367 236.26251147 6131.32687402 2 0
   7,4     0.5773503000    -0.5773503000    -0.5773503000
          -0.0610455555     0.6746049271    -0.7356504826
   7,26    -0.5773503000     0.5773503000     0.5773503000
           0.1757281798     0.7783999001    -0.6026717203
 7,7 300.65433825 278.13779781 6110.05794064 2 0
   7,113    -0.5773503000     0.5773503000     0.5773503000
           0.1208332287     0.7597373549    -0.6389041262
   7,14     0.5773503000    -0.5773503000    -0.5773503000
           0.0992783007     0.7514994386    -0.6522211379
 7,8 292.92789883 -177.03308628 2319.79833464 2 0
   5,38     0.5773503000    -0.5773503000    -0.5773503000
           0.5868731846     0.7850511760    -0.1981779914
   7,9    -0.5773503000     0.5773503000     0.5773503000
           0.5979938373     0.7804556686    -0.1824618313
 7,9 213.58677285 -118.51359093 2324.90511713 2 0
   7,8     0.5773503000    -0.5773503000    -0.5773503000
           0.5979938373     0.7804556686    -0.1824618313
   7,15    -0.5773503000     0.5773503000     0.5773503000
           0.5736300222     0.7900162116    -0.2163861894
 7,10 706.54030936 496.87208960 1369.19284128 1 1
   7,0    -0.5773503000     0.5773503000    -0.5773503000
           0.1468666349    -0.6221402902    -0.7690069251
 7,11 679.01117304 239.05024800 6133.58448170 2 0
   7,4    -0.5773503000     0.5773503000     0.5773503000
          -0.1467737352     0.6222014467    -0.7689751819
   7,25     0.5773503000    -0.5773503000    -0.5773503000
          -0.1468524491     0.6221496294    -0.7690020785
 7,12 532.08706768 417.39519678 1373.51180495 2 0
   7,19     0.5773503000    -0.5773503000     0.5773503000
           0.1337280865    -0.6306942691    -0.7644223556
   7,13    -0.5773503000     0.5773503000    -0.5773503000
           0.1370855331    -0.6285265754    -0.7656121085
 7,13 455.73309257 402.75358065 1372.26229401 2 0
   7,3    -0.5773503000     0.5773503000    -0.5773503000
          -0.1845423237    -0.7810803503    -0.5965380266
   7,12     0.5773503000    -0.5773503000     0.5773503000
           0.1370855331    -0.6285265754    -0.7656121085
 7,14 391.02406091 259.46135659 6117.20996902 2 0
   7,26     0.5773503000    -0.5773503000    -0.5773503000
           0.0748822890     0.7415678959    -0.6666856070
   7,7    -0.5773503000     0.5773503000     0.5773503000
           0.0992783007     0.7514994386    -0.6522211379
 7,15 176.17547425 -90.79393024 2327.33135210 2 0
   1,60    -0.5773503000     0.5773503000     0.5773503000
           0.6059493158     0.7769146014    -0.1709652855
   7,9     0.5773503000    -0.5773503000    -0.5773503000
           0.5736300222     0.7900162116    -0.2163861894
 7,16 248.24759338 417.94658489 1386.14762088 2 0
   7,18     0.5773503000    -0.5773503000     0.5773503000
          -0.1942787217    -0.7839376091    -0.5896588873
   7,36    -0.5773503000     0.5773503000    -0.5773503000
          -0.1913381491    -0.7830861856    -0.5917480365
 7,17 351.15063883 579.49642812 -110.09531879 2 0
   7,47    -0.5773503000    -0.5773503000     0.5773503000
          -0.7886399275     0.5774464188    -0.2111935087
   7,20     0.5773503000     0.5773503000    -0.5773503000
          -0.7897923636     0.5742589896    -0.2155333740
 7,18 303.88900244 408.85913047 1381.90713976 2 0
   7,16    -0.5773503000     0.5773503000    -0.5773503000
          -0.1942787217    -0.7839376091    -0.5896588873
   7,3     0.5773503000    -0.5773503000     0.5773503000
          -0.1838106035    -0.7808612122    -0.5970506087
 7,19 587.50130962 432.31615409 1371.62315785 2 0
   7,12    -0.5773503000     0.5773503000    -0.5773503000
           0.1337280865    -0.6306942691    -0.7644223556
   7,0     0.5773503000    -0.5773503000     0.5773503000
           0.1415765754    -0.6256074726    -0.7671840480
 7,20 382.25666239 621.96535043 -110.93129759 2 0
   7,45     0.5773503000     0.5773503000    -0.5773503000
          -0.7897932985     0.5742563695    -0.2155369290
   7,17    -0.5773503000    -0.5773503000     0.5773503000
          -0.7897923636     0.5742589896    -0.2155333740
 7,21 225.30356858 417.03495612 -105.36823701 2 0
   7,22     0.5773503000     0.5773503000    -0.5773503000
          -0.7868298093     0.5822908915    -0.2045389177
   3,26    -0.5773503000    -0.5773503000     0.5773503000
          -0.7672135333     0.6255521029    -0.1416614305
 7,22 272.79348897 475.49170144 -107.33595475 2 0
   7,47     0.5773503000     0.5773503000    -0.5773503000
           0.7424678618    -0.0770297404     0.6654381213
   7,21    -0.5773503000    -0.5773503000     0.5773503000
          -0.7868298093     0.5822908915    -0.2045389177
 7,25 746.96833374 250.96660989 6130.86519915 2 0
   7,2     0.5773503000    -0.5773503000    -0.5773503000
           0.1843818840     0.7810323538    -0.5966504698
   7,11    -0.5773503000     0.5773503000     0.5773503000
          -0.1468524491     0.6221496294    -0.7690020785
 7,26 465.99709999 246.71265061 6123.92842496 2 0
   7,14    -0.5773503000     0.5773503000     0.5773503000
           0.0748822890     0.7415678959    -0.6666856070
   7,6     0.5773503000    -0.5773503000    -0.5773503000
           0.1757281798     0.7783999001    -0.6026717203
 7,36 185.14184311 429.85874108 1389.51735312 2 0
   7,16     0.5773503000    -0.5773503000     0.5773503000
          -0.1913381491    -0.7830861856    -0.5917480365
   3,16    -0.5773503000     0.5773503000    -0.5773503000
          -0.1897401194    -0.7826192984    -0.5928791790
 7,38 183.37846028 341.00890953 6087.18406458 2 0
   3,56    -0.5773503000     0.5773503000     0.5773503000
           0.7497695123     0.0949128669     0.6548566455
   7,113     0.5773503000    -0.5773503000    -0.5773503000
           0.7479805669     0.0904522724     0.6575282945
 7,45 420.01072188 673.92353215 -111.57810803 2 0
   7,46     0.5773503000     0.5773503000    -0.5773503000
           0.0000000000     0.0000000000     0.0000000000
   7,20    -0.5773503000    -0.5773503000     0.5773503000
          -0.7897932985     0.5742563695    -0.2155369290
 7,46 461.78426500 731.83018245 -111.70625714 1 1
   7,45    -0.5773503000    -0.5773503000     0.5773503000
           0.0000000000     0.0000000000     0.0000000000
 7,47 320.74696740 538.24354604 -109.07836370 2 0
   7,22    -0.5773503000    -0.5773503000     0.5773503000
           0.7424678618    -0.0770297404     0.6654381213
   7,17     0.5773503000     0.5773503000    -0.5773503000
          -0.7886399275     0.5774464188    -0.2111935087
 7,113 229.51124205 301.63317163 6101.24455188 2 0
   7,7     0.5773503000    -0.5773503000    -0.5773503000
           0.1208332287     0.7597373549    -0.6389041262
   7,38    -0.5773503000     0.5773503000     0.5773503000
           0.7479805669     0.0904522724     0.6575282945
