#
#	ParaDiS nodal data file
#

#
#	File version number
#

3

#
#	Number of data file segments
#

1

#
#	Minimum coordinate values (x, y, z)
#

-8750.0000     -8750.0000     -8750.0000    

#
#	Maximum coordinate values (x, y, z)
#

8750.0000      8750.0000      8750.0000     

#
#	Node count
#

111         

#
#	Domain geometry (x, y, z)
#

2   2   2  

#
#	Domain decomposition type
#

1

#
#	Domain boundaries (x, y, z)
#

  -8750.0000
      -8750.0000
          -8750.0000
          -4032.8598
           8750.0000
        224.3590
          -8750.0000
          -6781.9953
           8750.0000
       8750.0000
    157.5759
      -8750.0000
          -8750.0000
          -5335.3250
           8750.0000
       -224.3607
          -8750.0000
          -4268.7149
           8750.0000
       8750.0000
   8750.0000

#
#	Primary lines: node_tag, x, y, z, num_arms, constraint
#	Secondary lines: arm_tag, burgx, burgy, burgz, nx, ny, nz
#

 0,0 -618.95315275 -433.55495885 -4324.88695763 2 0
   0,2    -0.5773503000    -0.5773503000     0.5773503000
          -0.5796906604     0.7878102423     0.2081195819
   0,5     0.5773503000     0.5773503000    -0.5773503000
          -0.5656677911     0.7927505187     0.2270827276
 0,1 -297.38175625 -603.58743331 -5374.52713390 2 0
   0,8    -0.5773503000    -0.5773503000     0.5773503000
           0.0000000000     0.0000000000     0.0000000000
   0,9     0.5773503000     0.5773503000    -0.5773503000
           0.6080731325     0.1678588662     0.7759319987
 0,2 -660.21043420 -463.55022371 -4324.10392559 2 0
   0,0     0.5773503000     0.5773503000    -0.5773503000
          -0.5796906604     0.7878102423     0.2081195819
   0,3    -0.5773503000    -0.5773503000     0.5773503000
          -0.5796906604     0.7878102423     0.2081195819
 0,3 -706.47835240 -496.95805029 -4323.89144896 1 1
   0,2     0.5773503000     0.5773503000    -0.5773503000
          -0.5796906604     0.7878102423     0.2081195819
 0,4 -515.30794759 -357.26991035 -4329.03511721 2 0
   0,5    -0.5773503000    -0.5773503000     0.5773503000
          -0.5796906604     0.7878102423     0.2081195819
   0,6     0.5773503000     0.5773503000    -0.5773503000
          -0.5617497823     0.7940297280     0.2322799457
 0,5 -571.09265655 -398.49524864 -4326.47339586 2 0
   0,4     0.5773503000     0.5773503000    -0.5773503000
          -0.5796906604     0.7878102423     0.2081195819
   0,0    -0.5773503000    -0.5773503000     0.5773503000
          -0.5656677911     0.7927505187     0.2270827276
 0,6 -452.92950424 -310.51206383 -4332.64096030 2 0
   0,4    -0.5773503000    -0.5773503000     0.5773503000
          -0.5617497823     0.7940297280     0.2322799457
   0,7     0.5773503000     0.5773503000    -0.5773503000
          -0.5624570021     0.7938019988     0.2313449967
 0,7 -390.59676606 -262.15170183 -4336.82191033 2 0
   0,6    -0.5773503000    -0.5773503000     0.5773503000
          -0.5624570021     0.7938019988     0.2313449967
   0,34     0.5773503000     0.5773503000    -0.5773503000
          -0.5665858263     0.7924445370     0.2258587107
 0,8 -337.55573292 -658.27760622 -5371.96656358 2 0
   0,1     0.5773503000     0.5773503000    -0.5773503000
           0.0000000000     0.0000000000     0.0000000000
   0,16    -0.5773503000    -0.5773503000     0.5773503000
           0.7285925213    -0.0451337574     0.6834587639
 0,9 -255.90132280 -547.31898970 -5377.84273034 2 0
   0,10     0.5773503000     0.5773503000    -0.5773503000
           0.7176211555    -0.0215200385     0.6961011170
   0,1    -0.5773503000    -0.5773503000     0.5773503000
           0.6080731325     0.1678588662     0.7759319987
 0,10 -216.73287426 -494.23697471 -5381.27289207 2 0
   0,9    -0.5773503000    -0.5773503000     0.5773503000
           0.7176211555    -0.0215200385     0.6961011170
   0,11     0.5773503000     0.5773503000    -0.5773503000
           0.7176211554    -0.0215200383     0.6961011171
 0,11 -181.88404460 -447.06720700 -5384.39840364 2 0
   0,12     0.5773503000     0.5773503000    -0.5773503000
           0.7285925212    -0.0451337574     0.6834587639
   0,10    -0.5773503000    -0.5773503000     0.5773503000
           0.7176211554    -0.0215200383     0.6961011171
 0,12 -146.11060542 -398.72723983 -5387.65328022 2 0
   0,11    -0.5773503000    -0.5773503000     0.5773503000
           0.7285925212    -0.0451337574     0.6834587639
   0,13     0.5773503000     0.5773503000    -0.5773503000
           0.7176211554    -0.0215200383     0.6961011171
 0,13 -112.45909378 -353.29474331 -5390.76803655 2 0
   0,14     0.5773503000     0.5773503000    -0.5773503000
           0.0000000000     0.0000000000     0.0000000000
   0,12    -0.5773503000    -0.5773503000     0.5773503000
           0.7176211554    -0.0215200383     0.6961011171
 0,14 -77.21011608 -305.70564923 -5394.07928959 2 0
   0,13    -0.5773503000    -0.5773503000     0.5773503000
           0.0000000000     0.0000000000     0.0000000000
   0,15     0.5773503000     0.5773503000    -0.5773503000
          -0.7923244928     0.5669440475    -0.2253804453
 0,15 -37.11794583 -251.73550679 -5397.84505563 2 0
   0,45     0.5773503000     0.5773503000    -0.5773503000
          -0.7905395765     0.5721465350    -0.2183930415
   0,14    -0.5773503000    -0.5773503000     0.5773503000
          -0.7923244928     0.5669440475    -0.2253804453
 0,16 -374.81602028 -709.38796468 -5370.44838834 2 0
   0,8     0.5773503000     0.5773503000    -0.5773503000
           0.7285925213    -0.0451337574     0.6834587639
   0,19    -0.5773503000    -0.5773503000     0.5773503000
          -0.7909968679     0.5708351563    -0.2201617116
 0,17 -377.54144159 -5.58939182 -7394.29637146 2 0
   0,18     0.5773503000     0.5773503000     0.5773503000
           0.5456929950    -0.7988354388     0.2531424438
   0,20    -0.5773503000    -0.5773503000    -0.5773503000
           0.5650576422    -0.7929525625     0.2278949203
 0,18 -334.44105419 26.69403946 -7414.76791570 2 0
   0,21     0.5773503000     0.5773503000     0.5773503000
           0.7820607447    -0.5942193083    -0.1878414364
   0,17    -0.5773503000    -0.5773503000    -0.5773503000
           0.5456929950    -0.7988354388     0.2531424438
 0,19 -415.28712531 -765.34342459 -5369.94521385 1 1
   0,16     0.5773503000     0.5773503000    -0.5773503000
          -0.7909968679     0.5708351563    -0.2201617116
 0,20 -423.21435443 -27.70408630 -7378.09245309 2 0
   0,23    -0.5773503000    -0.5773503000    -0.5773503000
          -0.2785771078    -0.5253888838     0.8039659917
   0,17     0.5773503000     0.5773503000     0.5773503000
           0.5650576422    -0.7929525625     0.2278949203
 0,21 -305.48747285 65.00223270 -7433.16881201 2 0
   0,30     0.5773503000     0.5773503000     0.5773503000
          -0.4442052658     0.8154080023    -0.3712027366
   0,18    -0.5773503000    -0.5773503000    -0.5773503000
           0.7820607447    -0.5942193083    -0.1878414364
 0,22 -527.39790383 -55.82103088 -7357.13598652 2 0
   0,23     0.5773503000     0.5773503000     0.5773503000
           0.1849046073    -0.7811886209     0.5962840135
   0,27    -0.5773503000    -0.5773503000    -0.5773503000
           0.1879386887    -0.7820894552     0.5941507665
 0,23 -472.14384275 -43.52383929 -7365.91579645 2 0
   0,22    -0.5773503000    -0.5773503000    -0.5773503000
           0.1849046073    -0.7811886209     0.5962840135
   0,20     0.5773503000     0.5773503000     0.5773503000
          -0.2785771078    -0.5253888838     0.8039659917
 0,24 -683.75809081 -86.10783304 -7344.66837618 2 0
   0,25    -0.5773503000    -0.5773503000    -0.5773503000
           0.1836237615    -0.7808051577     0.5971813962
   0,26     0.5773503000     0.5773503000     0.5773503000
           0.1962381182    -0.7844993842     0.5882612660
 0,25 -738.46494618 -97.66862795 -7342.60406022 2 0
   0,29    -0.5773503000    -0.5773503000    -0.5773503000
           0.1843600504    -0.7810258199     0.5966657695
   0,24     0.5773503000     0.5773503000     0.5773503000
           0.1836237615    -0.7808051577     0.5971813962
 0,26 -630.67004463 -75.48436471 -7347.64882731 2 0
   0,24    -0.5773503000    -0.5773503000    -0.5773503000
           0.1962381182    -0.7844993842     0.5882612660
   0,27     0.5773503000     0.5773503000     0.5773503000
           0.1886240179    -0.7822914671     0.5936674493
 0,27 -575.77406449 -65.11904415 -7351.87620946 2 0
   0,22     0.5773503000     0.5773503000     0.5773503000
           0.1879386887    -0.7820894552     0.5941507665
   0,26    -0.5773503000    -0.5773503000    -0.5773503000
           0.1886240179    -0.7822914671     0.5936674493
 0,28 -846.16440114 -122.14955694 -7341.05025710 1 1
   0,29     0.5773503000     0.5773503000     0.5773503000
           0.5702569561    -0.7911969052     0.2209399491
 0,29 -798.80053450 -111.13624728 -7341.27466580 2 0
   0,28    -0.5773503000    -0.5773503000    -0.5773503000
           0.5702569561    -0.7911969052     0.2209399491
   0,25     0.5773503000     0.5773503000     0.5773503000
           0.1843600504    -0.7810258199     0.5966657695
 0,30 -283.75085983 109.00350563 -7449.68464136 2 0
   0,31     0.5773503000     0.5773503000     0.5773503000
           0.7865411388    -0.2034949711    -0.5830461677
   0,21    -0.5773503000    -0.5773503000    -0.5773503000
          -0.4442052658     0.8154080023    -0.3712027366
 0,31 -268.65914897 159.38667674 -7463.44130334 2 0
   0,32     0.5773503000     0.5773503000     0.5773503000
           0.7837635848    -0.1936748743    -0.5900887105
   0,30    -0.5773503000    -0.5773503000    -0.5773503000
           0.7865411388    -0.2034949711    -0.5830461677
 0,32 -257.80339545 222.53133304 -7475.47876721 2 0
   0,31    -0.5773503000    -0.5773503000    -0.5773503000
           0.7837635848    -0.1936748743    -0.5900887105
   2,13     0.5773503000     0.5773503000     0.5773503000
           0.7824218960    -0.1890674778    -0.5933544181
 0,33 -303.40526316 -182.10583886 -4342.50938157 2 0
   0,34    -0.5773503000    -0.5773503000     0.5773503000
          -0.8100957332     0.3166811462    -0.4934145870
   0,35     0.5773503000     0.5773503000    -0.5773503000
          -0.7763201044     0.6072383980    -0.1690817064
 0,34 -341.71166365 -220.48319639 -4340.03611549 2 0
   0,33     0.5773503000     0.5773503000    -0.5773503000
          -0.8100957332     0.3166811462    -0.4934145870
   0,7    -0.5773503000    -0.5773503000     0.5773503000
          -0.5665858263     0.7924445370     0.2258587107
 0,35 -259.80281908 -131.71499715 -4345.79984075 2 0
   0,38     0.5773503000     0.5773503000    -0.5773503000
          -0.7827376468     0.5925934049    -0.1901442419
   0,33    -0.5773503000    -0.5773503000     0.5773503000
          -0.7763201044     0.6072383980    -0.1690817064
 0,36 -41.83414714 152.36583667 -4364.41056799 2 0
   3,13     0.5773503000     0.5773503000    -0.5773503000
          -0.7954766901     0.5571517278    -0.2383249623
   0,37    -0.5773503000    -0.5773503000     0.5773503000
          -0.7925081373     0.5663955959    -0.2261125414
 0,37 -85.39818720 92.78121727 -4360.52027334 2 0
   0,36     0.5773503000     0.5773503000    -0.5773503000
          -0.7925081373     0.5663955959    -0.2261125414
   0,41    -0.5773503000    -0.5773503000     0.5773503000
          -0.7923790745     0.5667813065    -0.2255977679
 0,38 -230.41437364 -97.84871404 -4347.91741228 2 0
   0,40     0.5773503000     0.5773503000    -0.5773503000
          -0.7910341994     0.5707274635    -0.2203067359
   0,35    -0.5773503000    -0.5773503000     0.5773503000
          -0.7827376468     0.5925934049    -0.1901442419
 0,39 -149.30141861 5.76625415 -4354.61339514 2 0
   0,41     0.5773503000     0.5773503000    -0.5773503000
          -0.8051349014     0.5201188989    -0.2850160025
   0,40    -0.5773503000    -0.5773503000     0.5773503000
          -0.7891064487     0.5761661630    -0.2129402857
 0,40 -193.31664710 -52.35157725 -4350.75695638 2 0
   0,39     0.5773503000     0.5773503000    -0.5773503000
          -0.7891064487     0.5761661630    -0.2129402857
   0,38    -0.5773503000    -0.5773503000     0.5773503000
          -0.7910341994     0.5707274635    -0.2203067359
 0,41 -114.74895340 52.79519940 -4357.83543062 2 0
   0,39    -0.5773503000    -0.5773503000     0.5773503000
          -0.8051349014     0.5201188989    -0.2850160025
   0,37     0.5773503000     0.5773503000    -0.5773503000
          -0.7923790745     0.5667813065    -0.2255977679
 0,42 157.35733995 6.05545367 -5415.06374705 2 0
   6,5     0.5773503000     0.5773503000    -0.5773503000
          -0.7963167729     0.5543944190    -0.2419223540
   0,43    -0.5773503000    -0.5773503000     0.5773503000
          -0.7990047445     0.5450824659    -0.2539222786
 0,43 110.55293266 -53.70527839 -5411.43258174 2 0
   0,42     0.5773503000     0.5773503000    -0.5773503000
          -0.7990047445     0.5450824659    -0.2539222786
   0,44    -0.5773503000    -0.5773503000     0.5773503000
          -0.7878801638     0.5795031053    -0.2083770585
 0,44 56.61581951 -125.51539637 -5406.65213545 2 0
   0,45    -0.5773503000    -0.5773503000     0.5773503000
           0.6148554820     0.1578297707     0.7726852527
   0,43     0.5773503000     0.5773503000    -0.5773503000
          -0.7878801638     0.5795031053    -0.2083770585
 0,45 2.65820460 -198.14342990 -5401.60051590 2 0
   0,44     0.5773503000     0.5773503000    -0.5773503000
           0.6148554820     0.1578297707     0.7726852527
   0,15    -0.5773503000    -0.5773503000     0.5773503000
          -0.7905395765     0.5721465350    -0.2183930415
 1,0 -813.14537715 -262.02038711 -133.41067727 1 1
   1,104     0.5773503000     0.5773503000    -0.5773503000
          -0.5702604957     0.7911956836     0.2209351880
 1,1 -582.71551157 -199.37493911 -140.44074751 2 0
   1,17    -0.5773503000    -0.5773503000     0.5773503000
          -0.1845435599     0.7810807200     0.5965371601
   1,2     0.5773503000     0.5773503000    -0.5773503000
          -0.5664014829     0.7925061706     0.2261046876
 1,2 -500.00291645 -145.67873933 -133.25846123 2 0
   1,3     0.5773503000     0.5773503000    -0.5773503000
          -0.5704364726     0.7911349024     0.2206984298
   1,1    -0.5773503000    -0.5773503000     0.5773503000
          -0.5664014829     0.7925061706     0.2261046876
 1,3 -455.56480629 -115.01103410 -129.74215398 2 0
   1,4     0.5773503000     0.5773503000    -0.5773503000
          -0.5735935891     0.7900291424     0.2164355533
   1,2    -0.5773503000    -0.5773503000     0.5773503000
          -0.5704364726     0.7911349024     0.2206984298
 1,4 -393.65800447 -72.00419411 -125.58696809 2 0
   1,3    -0.5773503000    -0.5773503000     0.5773503000
          -0.5735935891     0.7900291424     0.2164355533
   1,5     0.5773503000     0.5773503000    -0.5773503000
          -0.5733175155     0.7901269989     0.2168094833
 1,5 -353.63137883 -43.96288443 -123.29176009 2 0
   1,6     0.5773503000     0.5773503000    -0.5773503000
          -0.5770620188     0.7887805170     0.2117184982
   1,4    -0.5773503000    -0.5773503000     0.5773503000
          -0.5733175155     0.7901269989     0.2168094833
 1,6 -279.14129190 9.06567290 -119.85396299 2 0
   1,5    -0.5773503000    -0.5773503000     0.5773503000
          -0.5770620188     0.7887805170     0.2117184982
   1,7     0.5773503000     0.5773503000    -0.5773503000
          -0.6127801673     0.7736965676     0.1609164002
 1,7 -235.42681101 41.53115637 -118.07510555 2 0
   1,6    -0.5773503000    -0.5773503000     0.5773503000
          -0.6127801673     0.7736965676     0.1609164002
   1,10     0.5773503000     0.5773503000    -0.5773503000
          -0.5681279395     0.7919251548     0.2237972153
 1,8 -51.31015570 174.19223933 -112.95592427 2 0
   1,9    -0.5773503000    -0.5773503000     0.5773503000
          -0.5669868142     0.7923101368     0.2253233226
   3,9     0.5773503000     0.5773503000    -0.5773503000
          -0.5692302266     0.7915497361     0.2223195095
 1,9 -105.62510592 135.46997636 -114.25167725 2 0
   1,8     0.5773503000     0.5773503000    -0.5773503000
          -0.5669868142     0.7923101368     0.2253233226
   1,10    -0.5773503000    -0.5773503000     0.5773503000
          -0.5675874495     0.7921079635     0.2245205140
 1,10 -180.95464500 81.39594221 -116.26263281 2 0
   1,9     0.5773503000     0.5773503000    -0.5773503000
          -0.5675874495     0.7921079635     0.2245205140
   1,7    -0.5773503000    -0.5773503000     0.5773503000
          -0.5681279395     0.7919251548     0.2237972153
 1,17 -678.23077332 -227.89070281 -136.34626410 2 0
   1,1     0.5773503000     0.5773503000    -0.5773503000
          -0.1845435599     0.7810807200     0.5965371601
   1,104    -0.5773503000    -0.5773503000     0.5773503000
          -0.1843712589     0.7810291742     0.5966579154
 1,104 -754.38360848 -247.82115347 -133.83839394 2 0
   1,0    -0.5773503000    -0.5773503000     0.5773503000
          -0.5702604957     0.7911956836     0.2209351880
   1,17     0.5773503000     0.5773503000    -0.5773503000
          -0.1843712589     0.7810291742     0.5966579154
 2,12 -260.52031210 813.49949683 -7543.13619201 1 1
   2,16    -0.5773503000    -0.5773503000    -0.5773503000
           0.6221723679     0.1468179091    -0.7689902770
 2,13 -248.49381930 300.23414948 -7488.23763886 2 0
   0,32    -0.5773503000    -0.5773503000    -0.5773503000
           0.7824218960    -0.1890674778    -0.5933544181
   2,15     0.5773503000     0.5773503000     0.5773503000
           0.7826294938    -0.1897749082    -0.5928545856
 2,14 -220.31033566 614.18924815 -7546.30011145 2 0
   2,17    -0.5773503000    -0.5773503000    -0.5773503000
           0.7809885218    -0.1842354510    -0.5967530707
   2,20     0.5773503000     0.5773503000     0.5773503000
           0.6314565171     0.1325428650    -0.7639993821
 2,15 -244.48923648 336.89174652 -7494.49347638 2 0
   2,19     0.5773503000     0.5773503000     0.5773503000
           0.7859889543    -0.2015107367    -0.5844782175
   2,13    -0.5773503000    -0.5773503000    -0.5773503000
           0.7826294938    -0.1897749082    -0.5928545856
 2,16 -238.74689884 715.91347829 -7544.15430671 2 0
   2,20    -0.5773503000    -0.5773503000    -0.5773503000
           0.6222328643     0.1467260046    -0.7689588689
   2,12     0.5773503000     0.5773503000     0.5773503000
           0.6221723679     0.1468179091    -0.7689902770
 2,17 -226.84808377 521.49980341 -7528.52102467 2 0
   2,18    -0.5773503000    -0.5773503000    -0.5773503000
           0.7810867453    -0.1845637082    -0.5965230372
   2,14     0.5773503000     0.5773503000     0.5773503000
           0.7809885218    -0.1842354510    -0.5967530707
 2,18 -229.90458177 487.91644709 -7521.95344466 2 0
   2,17     0.5773503000     0.5773503000     0.5773503000
           0.7810867453    -0.1845637082    -0.5965230372
   2,19    -0.5773503000    -0.5773503000    -0.5773503000
           0.7822376646    -0.1884413123    -0.5937963522
 2,19 -236.43546385 419.41496355 -7508.98475014 2 0
   2,15    -0.5773503000    -0.5773503000    -0.5773503000
           0.7859889543    -0.2015107367    -0.5844782175
   2,18     0.5773503000     0.5773503000     0.5773503000
           0.7822376646    -0.1884413123    -0.5937963522
 2,20 -230.49548342 672.58101159 -7544.90023541 2 0
   2,16     0.5773503000     0.5773503000     0.5773503000
           0.6222328643     0.1467260046    -0.7689588689
   2,14    -0.5773503000    -0.5773503000    -0.5773503000
           0.6314565171     0.1325428650    -0.7639993821
 3,7 107.12536371 294.27669764 -107.60041019 2 0
   3,8    -0.5773503000    -0.5773503000     0.5773503000
          -0.6511783421     0.7521745378     0.1009961957
   7,0     0.5773503000     0.5773503000    -0.5773503000
          -0.6619131396     0.7449653218     0.0830521823
 3,8 67.99388684 261.65868276 -109.58540674 2 0
   3,9    -0.5773503000    -0.5773503000     0.5773503000
          -0.5733547502     0.7901138138     0.2167590636
   3,7     0.5773503000     0.5773503000    -0.5773503000
          -0.6511783421     0.7521745378     0.1009961957
 3,9 24.49206503 228.74829042 -111.06537067 2 0
   1,8    -0.5773503000    -0.5773503000     0.5773503000
          -0.5692302266     0.7915497361     0.2223195095
   3,8     0.5773503000     0.5773503000    -0.5773503000
          -0.5733547502     0.7901138138     0.2167590636
 3,10 137.52828877 397.01085141 -4378.13239679 2 0
   3,12    -0.5773503000    -0.5773503000     0.5773503000
          -0.2812024269     0.8044490095     0.5232465826
   6,19     0.5773503000     0.5773503000    -0.5773503000
          -0.7824670446     0.5932458809    -0.1892211637
 3,11 55.43068804 285.05377929 -4372.26515957 2 0
   3,12     0.5773503000     0.5773503000    -0.5773503000
           0.2889212835     0.5168965756     0.8058178591
   3,13    -0.5773503000    -0.5773503000     0.5773503000
           0.8158585732    -0.3799812734     0.4358772997
 3,12 97.46055681 342.35595179 -4375.25193722 2 0
   3,10     0.5773503000     0.5773503000    -0.5773503000
          -0.2812024269     0.8044490095     0.5232465826
   3,11    -0.5773503000    -0.5773503000     0.5773503000
           0.2889212835     0.5168965756     0.8058178591
 3,13 14.18942885 228.79138345 -4369.07600109 2 0
   3,11     0.5773503000     0.5773503000    -0.5773503000
           0.8158585732    -0.3799812734     0.4358772997
   0,36    -0.5773503000    -0.5773503000     0.5773503000
          -0.7954766901     0.5571517278    -0.2383249623
 4,0 629.96534702 -262.38254780 -8546.33244122 2 0
   4,13    -0.5773503000     0.5773503000    -0.5773503000
          -0.7226500312    -0.0321856844     0.6904643468
   4,9     0.5773503000    -0.5773503000     0.5773503000
          -0.2740919346     0.5290285094     0.8031204440
 4,1 641.31710997 -272.11042723 -8286.08582657 2 0
   4,20    -0.5773503000     0.5773503000    -0.5773503000
           0.7133500095     0.7006936423    -0.0126563672
   4,10     0.5773503000    -0.5773503000     0.5773503000
           0.7148505693     0.6990998340    -0.0157507353
 4,2 694.90950791 -254.34330752 -8073.52261477 2 0
   4,15     0.5773503000    -0.5773503000     0.5773503000
          -0.2776318465    -0.8037899215    -0.5261580750
   4,22    -0.5773503000     0.5773503000    -0.5773503000
           0.7068624610     0.7073508484     0.0004883875
 4,7 626.20962962 -258.65361665 -8750.00000000 1 1
   4,8     0.5773503000    -0.5773503000     0.5773503000
           0.7069372599     0.7072761806     0.0003389207
 4,8 626.69236650 -259.13589135 -8680.35918028 2 0
   4,13     0.5773503000    -0.5773503000     0.5773503000
           0.7061353370     0.7080742380     0.0019389011
   4,7    -0.5773503000     0.5773503000    -0.5773503000
           0.7069372599     0.7072761806     0.0003389207
 4,9 632.80221433 -265.07148677 -8469.34116896 2 0
   4,0    -0.5773503000     0.5773503000    -0.5773503000
          -0.2740919346     0.5290285094     0.8031204440
   4,12     0.5773503000    -0.5773503000     0.5773503000
           0.7089134683     0.7052861383    -0.0036273299
 4,10 644.84594273 -274.15464151 -8223.61204208 2 0
   4,22     0.5773503000    -0.5773503000     0.5773503000
          -0.2740919346     0.5290285094     0.8031204440
   4,1    -0.5773503000     0.5773503000    -0.5773503000
           0.7148505693     0.6990998340    -0.0157507353
 4,12 634.82938089 -266.91410116 -8420.98617342 2 0
   4,20     0.5773503000    -0.5773503000     0.5773503000
          -0.2740919346     0.5290285094     0.8031204440
   4,9    -0.5773503000     0.5773503000    -0.5773503000
           0.7089134683     0.7052861383    -0.0036273299
 4,13 628.03076375 -260.50374133 -8611.56507810 2 0
   4,0     0.5773503000    -0.5773503000     0.5773503000
          -0.7226500312    -0.0321856844     0.6904643468
   4,8    -0.5773503000     0.5773503000    -0.5773503000
           0.7061353370     0.7080742380     0.0019389011
 4,15 753.38673101 -251.38504796 -8060.26802645 2 0
   4,2    -0.5773503000     0.5773503000    -0.5773503000
          -0.2776318465    -0.8037899215    -0.5261580750
   4,16     0.5773503000    -0.5773503000     0.5773503000
          -0.1841722219    -0.7809695877    -0.5967973658
 4,16 812.39589442 -265.19524691 -8060.39811514 1 1
   4,15    -0.5773503000     0.5773503000    -0.5773503000
          -0.1841722219    -0.7809695877    -0.5967973658
 4,20 638.99945957 -270.64673206 -8328.64431867 2 0
   4,12    -0.5773503000     0.5773503000    -0.5773503000
          -0.2740919346     0.5290285094     0.8031204440
   4,1     0.5773503000    -0.5773503000     0.5773503000
           0.7133500095     0.7006936423    -0.0126563672
 4,22 654.84793334 -272.47058346 -8136.23182630 2 0
   4,10    -0.5773503000     0.5773503000    -0.5773503000
          -0.2740919346     0.5290285094     0.8031204440
   4,2     0.5773503000    -0.5773503000     0.5773503000
           0.7068624610     0.7073508484     0.0004883875
 6,0 732.86606957 460.34704840 -5438.03762103 1 1
   6,13    -0.5773503000    -0.5773503000     0.5773503000
          -0.5702692256     0.7911926705     0.2209234448
 6,1 424.74609801 235.18999209 -5429.66687398 2 0
   6,4    -0.5773503000    -0.5773503000     0.5773503000
          -0.5316530358    -0.2708379836    -0.8024910194
   6,15     0.5773503000     0.5773503000    -0.5773503000
          -0.6400434752    -0.1190207005    -0.7590641756
 6,2 299.72806977 141.02924511 -5422.47244141 2 0
   6,3    -0.5773503000    -0.5773503000     0.5773503000
          -0.5828151601     0.7866296180     0.2038144579
   6,4     0.5773503000     0.5773503000    -0.5773503000
          -0.5925300238     0.7827638589     0.1902338352
 6,3 241.57805033 93.98919630 -5419.46584643 2 0
   6,5    -0.5773503000    -0.5773503000     0.5773503000
          -0.4383965263     0.8157352396     0.3773387134
   6,2     0.5773503000     0.5773503000    -0.5773503000
          -0.5828151601     0.7866296180     0.2038144579
 6,4 375.40127636 198.47013570 -5426.86785699 2 0
   6,1     0.5773503000     0.5773503000    -0.5773503000
          -0.5316530358    -0.2708379836    -0.8024910194
   6,2    -0.5773503000    -0.5773503000     0.5773503000
          -0.5925300238     0.7827638589     0.1902338352
 6,5 197.77593140 51.87165177 -5417.40880386 2 0
   0,42    -0.5773503000    -0.5773503000     0.5773503000
          -0.7963167729     0.5543944190    -0.2419223540
   6,3     0.5773503000     0.5773503000    -0.5773503000
          -0.4383965263     0.8157352396     0.3773387134
 6,7 409.88300248 769.23849595 -4392.42637263 1 1
   6,9    -0.5773503000    -0.5773503000     0.5773503000
          -0.7911941837     0.5702648415    -0.2209293422
 6,8 346.11346317 681.22759163 -4391.23446016 2 0
   6,17    -0.5773503000    -0.5773503000     0.5773503000
          -0.7993533423     0.5438143680    -0.2555389743
   6,9     0.5773503000     0.5773503000    -0.5773503000
          -0.7894343418     0.5752582051    -0.2141761367
 6,9 373.75804043 719.28275362 -4392.00127687 2 0
   6,8    -0.5773503000    -0.5773503000     0.5773503000
          -0.7894343418     0.5752582051    -0.2141761367
   6,7     0.5773503000     0.5773503000    -0.5773503000
          -0.7911941837     0.5702648415    -0.2209293422
 6,10 246.88708628 545.62428163 -4386.12880199 2 0
   6,16     0.5773503000     0.5773503000    -0.5773503000
          -0.0461447178     0.7290489865     0.6829042687
   6,18    -0.5773503000    -0.5773503000     0.5773503000
          -0.2812024269     0.8044490095     0.5232465826
 6,11 529.12509331 312.06818131 -5434.33520900 2 0
   6,15    -0.5773503000    -0.5773503000     0.5773503000
          -0.6400434751    -0.1190207006    -0.7590641757
   6,12     0.5773503000     0.5773503000    -0.5773503000
          -0.5627120855     0.7937195188     0.2310074333
 6,12 584.11546979 352.38063752 -5436.12241573 2 0
   6,14     0.5773503000     0.5773503000    -0.5773503000
          -0.4451703408    -0.3701774514    -0.8153477922
   6,11    -0.5773503000    -0.5773503000     0.5773503000
          -0.5627120855     0.7937195188     0.2310074333
 6,13 680.01636605 422.22509464 -5437.93245625 2 0
   6,14    -0.5773503000    -0.5773503000     0.5773503000
           0.0000000000     0.0000000000     0.0000000000
   6,0     0.5773503000     0.5773503000    -0.5773503000
          -0.5702692256     0.7911926705     0.2209234448
 6,14 635.91446398 390.19454717 -5437.34759940 2 0
   6,13     0.5773503000     0.5773503000    -0.5773503000
           0.0000000000     0.0000000000     0.0000000000
   6,12    -0.5773503000    -0.5773503000     0.5773503000
          -0.4451703408    -0.3701774514    -0.8153477922
 6,15 475.08873099 272.35395401 -5432.13514378 2 0
   6,11     0.5773503000     0.5773503000    -0.5773503000
          -0.6400434751    -0.1190207006    -0.7590641757
   6,1    -0.5773503000    -0.5773503000     0.5773503000
          -0.6400434752    -0.1190207005    -0.7590641756
 6,16 277.06036026 586.70850968 -4387.96582102 2 0
   6,10    -0.5773503000    -0.5773503000     0.5773503000
          -0.0461447178     0.7290489865     0.6829042687
   6,17     0.5773503000     0.5773503000    -0.5773503000
          -0.7964242777     0.5540366472    -0.2423876306
 6,17 311.30871809 633.49551247 -4389.77736049 2 0
   6,16    -0.5773503000    -0.5773503000     0.5773503000
          -0.7964242777     0.5540366472    -0.2423876306
   6,8     0.5773503000     0.5773503000    -0.5773503000
          -0.7993533423     0.5438143680    -0.2555389743
 6,18 213.11858129 499.75258365 -4383.84002162 2 0
   6,10     0.5773503000     0.5773503000    -0.5773503000
          -0.2812024269     0.8044490095     0.5232465826
   6,19    -0.5773503000    -0.5773503000     0.5773503000
          -0.7916272185     0.5690035633    -0.2226236552
 6,19 176.17354218 449.58651354 -4381.09672242 2 0
   6,18     0.5773503000     0.5773503000    -0.5773503000
          -0.7916272185     0.5690035633    -0.2226236552
   3,10    -0.5773503000    -0.5773503000     0.5773503000
          -0.7824670446     0.5932458809    -0.1892211637
 7,0 172.48457304 351.77943795 -103.17192209 4 0
   7,3     0.5773503000    -0.5773503000    -0.5773503000
           0.1844189398     0.7810434419    -0.5966245021
   7,2    -0.5773503000     0.5773503000     0.5773503000
           0.7894342988     0.5752583245     0.2141759743
   3,7    -0.5773503000    -0.5773503000     0.5773503000
          -0.6619131396     0.7449653218     0.0830521823
   7,1     0.5773503000     0.5773503000    -0.5773503000
          -0.7897923636     0.5742589896    -0.2155333740
 7,1 170.91765597 350.38578590 -103.14837690 1 1
   7,0    -0.5773503000    -0.5773503000     0.5773503000
          -0.7897923636     0.5742589896    -0.2155333740
 7,2 170.92156691 350.38942721 -103.15522550 1 1
   7,0     0.5773503000    -0.5773503000    -0.5773503000
           0.7894342988     0.5752583245     0.2141759743
 7,3 170.92157755 350.38937935 -103.15524491 1 1
   7,0    -0.5773503000     0.5773503000     0.5773503000
           0.1844189398     0.7810434419    -0.5966245021
