#
#	ParaDiS nodal data file
#

#
#	File version number
#

3

#
#	Number of data file segments
#

1

#
#	Minimum coordinate values (x, y, z)
#

-8750.0000     -8750.0000     -8750.0000    

#
#	Maximum coordinate values (x, y, z)
#

8750.0000      8750.0000      8750.0000     

#
#	Node count
#

111         

#
#	Domain geometry (x, y, z)
#

2   2   2  

#
#	Domain decomposition type
#

1

#
#	Domain boundaries (x, y, z)
#

  -8750.0000
      -8750.0000
          -8750.0000
          -4604.3814
           8750.0000
        224.3589
          -8750.0000
          -7102.4038
           8750.0000
       8750.0000
   -392.5595
      -8750.0000
          -8750.0000
          -5155.6179
           8750.0000
       -224.3324
          -8750.0000
          -4787.3057
           8750.0000
       8750.0000
   8750.0000

#
#	Primary lines: node_tag, x, y, z, num_arms, constraint
#	Secondary lines: arm_tag, burgx, burgy, burgz, nx, ny, nz
#

 0,7 -410.62742412 -768.70194719 -5395.22990343 1 1
   4,21     0.5773503000     0.5773503000    -0.5773503000
          -0.7909968679     0.5708351563    -0.2201617116
 0,11 -436.07272589 -62.39929585 -7452.57828869 2 0
   0,19     0.5773503000     0.5773503000     0.5773503000
           0.5456929950    -0.7988354388     0.2531424438
   0,12    -0.5773503000    -0.5773503000    -0.5773503000
           0.5650576422    -0.7929525625     0.2278949203
 0,12 -481.31889386 -84.37750367 -7436.15077776 2 0
   0,13    -0.5773503000    -0.5773503000    -0.5773503000
          -0.2785771078    -0.5253888838     0.8039659917
   0,11     0.5773503000     0.5773503000     0.5773503000
           0.5650576422    -0.7929525625     0.2278949203
 0,13 -530.21187464 -100.26810909 -7423.74776027 2 0
   0,14    -0.5773503000    -0.5773503000    -0.5773503000
           0.1849046073    -0.7811886209     0.5962840135
   0,12     0.5773503000     0.5773503000     0.5773503000
          -0.2785771078    -0.5253888838     0.8039659917
 0,14 -586.07155857 -112.93809544 -7414.72741993 2 0
   0,13     0.5773503000     0.5773503000     0.5773503000
           0.1849046073    -0.7811886209     0.5962840135
   0,15    -0.5773503000    -0.5773503000    -0.5773503000
           0.1886240179    -0.7822914671     0.5936674493
 0,15 -669.12263171 -129.04386556 -7406.99536315 2 0
   0,16    -0.5773503000    -0.5773503000    -0.5773503000
           0.1962381182    -0.7844993842     0.5882612660
   0,14     0.5773503000     0.5773503000     0.5773503000
           0.1886240179    -0.7822914671     0.5936674493
 0,16 -729.74461220 -141.40314155 -7403.67800662 2 0
   0,17    -0.5773503000    -0.5773503000    -0.5773503000
           0.1843600504    -0.7810258199     0.5966657695
   0,15     0.5773503000     0.5773503000     0.5773503000
           0.1962381182    -0.7844993842     0.5882612660
 0,17 -800.47281097 -156.93885932 -7401.55593392 2 0
   0,18    -0.5773503000    -0.5773503000    -0.5773503000
           0.5702569561    -0.7911969052     0.2209399491
   0,16     0.5773503000     0.5773503000     0.5773503000
           0.1843600504    -0.7810258199     0.5966657695
 0,18 -836.01200485 -165.15579777 -7401.32477818 1 1
   0,17     0.5773503000     0.5773503000     0.5773503000
           0.5702569561    -0.7911969052     0.2209399491
 0,19 -394.44512823 -31.02688341 -7473.26299428 2 0
   6,25     0.5773503000     0.5773503000     0.5773503000
           0.7820607447    -0.5942193083    -0.1878414364
   0,11    -0.5773503000    -0.5773503000    -0.5773503000
           0.5456929950    -0.7988354388     0.2531424438
 1,0 -817.30185922 -244.41324654 -157.65165939 1 1
   1,13     0.5773503000     0.5773503000    -0.5773503000
          -0.5702604957     0.7911956836     0.2209351880
 1,1 -658.22064619 -464.44406371 -4315.52113927 2 0
   1,3     0.5773503000     0.5773503000    -0.5773503000
          -0.5796906604     0.7878102423     0.2081195819
   1,2    -0.5773503000    -0.5773503000     0.5773503000
          -0.5796906604     0.7878102423     0.2081195819
 1,2 -705.38986024 -498.46825250 -4315.42834370 1 1
   1,1     0.5773503000     0.5773503000    -0.5773503000
          -0.5796906604     0.7878102423     0.2081195819
 1,3 -618.01109430 -435.26949682 -4315.97792370 2 0
   1,1    -0.5773503000    -0.5773503000     0.5773503000
          -0.5796906604     0.7878102423     0.2081195819
   1,4     0.5773503000     0.5773503000    -0.5773503000
          -0.5656677911     0.7927505187     0.2270827276
 1,4 -570.49698822 -400.58399956 -4316.96125268 2 0
   1,5     0.5773503000     0.5773503000    -0.5773503000
          -0.5796906604     0.7878102423     0.2081195819
   1,3    -0.5773503000    -0.5773503000     0.5773503000
          -0.5656677911     0.7927505187     0.2270827276
 1,5 -517.45653190 -361.54961053 -4318.48641700 2 0
   1,4    -0.5773503000    -0.5773503000     0.5773503000
          -0.5796906604     0.7878102423     0.2081195819
   1,6     0.5773503000     0.5773503000    -0.5773503000
          -0.5617497823     0.7940297280     0.2322799457
 1,6 -462.90275260 -320.82034321 -4320.46385524 2 0
   1,5    -0.5773503000    -0.5773503000     0.5773503000
          -0.5617497823     0.7940297280     0.2322799457
   1,7     0.5773503000     0.5773503000    -0.5773503000
          -0.5624570021     0.7938019988     0.2313449967
 1,7 -405.30871650 -276.25157343 -4322.78487947 2 0
   1,6    -0.5773503000    -0.5773503000     0.5773503000
          -0.5624570021     0.7938019988     0.2313449967
   5,0     0.5773503000     0.5773503000    -0.5773503000
          -0.5665858263     0.7924445370     0.2258587107
 1,9 -661.78065231 -205.49955104 -160.40757137 2 0
   1,10     0.5773503000     0.5773503000    -0.5773503000
          -0.1845435599     0.7810807200     0.5965371601
   1,13    -0.5773503000    -0.5773503000     0.5773503000
          -0.1843712589     0.7810291742     0.5966579154
 1,10 -617.29307010 -192.80568728 -161.67615105 2 0
   1,9    -0.5773503000    -0.5773503000     0.5773503000
          -0.1845435599     0.7810807200     0.5965371601
   1,11     0.5773503000     0.5773503000    -0.5773503000
          -0.2115452541     0.7887341590     0.5771889049
 1,11 -558.59265486 -174.48537428 -162.97903954 2 0
   1,12     0.5773503000     0.5773503000    -0.5773503000
          -0.5664014829     0.7925061706     0.2261046876
   1,10    -0.5773503000    -0.5773503000     0.5773503000
          -0.2115452541     0.7887341590     0.5771889049
 1,12 -482.58496126 -126.52953037 -155.27669781 2 0
   1,14     0.5773503000     0.5773503000    -0.5773503000
          -0.5704364726     0.7911349024     0.2206984298
   1,11    -0.5773503000    -0.5773503000     0.5773503000
          -0.5664014829     0.7925061706     0.2261046876
 1,13 -745.31474970 -227.10180336 -158.06649009 2 0
   1,0    -0.5773503000    -0.5773503000     0.5773503000
          -0.5702604957     0.7911956836     0.2209351880
   1,9     0.5773503000     0.5773503000    -0.5773503000
          -0.1843712589     0.7810291742     0.5966579154
 1,14 -451.97324596 -105.87522395 -152.24716078 2 0
   1,15     0.5773503000     0.5773503000    -0.5773503000
          -0.5735935891     0.7900291424     0.2164355533
   1,12    -0.5773503000    -0.5773503000     0.5773503000
          -0.5704364726     0.7911349024     0.2206984298
 1,15 -395.07872274 -66.86332932 -146.91296140 2 0
   1,14    -0.5773503000    -0.5773503000     0.5773503000
          -0.5735935891     0.7900291424     0.2164355533
   7,19     0.5773503000     0.5773503000    -0.5773503000
          -0.5733175155     0.7901269989     0.2168094833
 4,0 667.26570437 -299.67024433 -8549.00359523 2 0
   4,13    -0.5773503000     0.5773503000    -0.5773503000
          -0.7226500312    -0.0321856844     0.6904643468
   4,9     0.5773503000    -0.5773503000     0.5773503000
          -0.2740919346     0.5290285094     0.8031204440
 4,1 683.52097307 -314.57094429 -8265.95075382 2 0
   4,10     0.5773503000    -0.5773503000     0.5773503000
           0.7148505693     0.6990998340    -0.0157507353
   4,3    -0.5773503000     0.5773503000    -0.5773503000
           0.7105508787     0.7036116083    -0.0069392704
 4,2 743.97507765 -303.17524351 -8031.92262057 2 0
   4,22    -0.5773503000     0.5773503000    -0.5773503000
           0.7068624610     0.7073508484     0.0004883875
   4,16     0.5773503000    -0.5773503000     0.5773503000
          -0.1841722219    -0.7809695877    -0.5967973658
 4,3 679.88637118 -311.41470115 -8318.56776560 2 0
   4,14    -0.5773503000     0.5773503000    -0.5773503000
           0.7133500095     0.7006936423    -0.0126563672
   4,1     0.5773503000    -0.5773503000     0.5773503000
           0.7105508787     0.7036116083    -0.0069392704
 4,4 -73.54554775 -308.89747981 -5415.43225374 2 0
   4,5    -0.5773503000    -0.5773503000     0.5773503000
           0.0000000000     0.0000000000     0.0000000000
   4,18     0.5773503000     0.5773503000    -0.5773503000
          -0.7923244928     0.5669440475    -0.2253804453
 4,5 -109.10716361 -357.13433058 -5412.63848105 2 0
   4,4     0.5773503000     0.5773503000    -0.5773503000
           0.0000000000     0.0000000000     0.0000000000
   4,12    -0.5773503000    -0.5773503000     0.5773503000
           0.7176211554    -0.0215200383     0.6961011171
 4,6 -178.25275590 -450.96042992 -5407.32637709 2 0
   4,12     0.5773503000     0.5773503000    -0.5773503000
           0.7285925212    -0.0451337574     0.6834587639
   4,15    -0.5773503000    -0.5773503000     0.5773503000
           0.7176211554    -0.0215200383     0.6961011171
 4,7 662.86750017 -295.26413801 -8750.00000000 1 1
   4,8     0.5773503000    -0.5773503000     0.5773503000
           0.7069372599     0.7072761806     0.0003389207
 4,8 663.41707698 -295.81327462 -8681.07897236 2 0
   4,13     0.5773503000    -0.5773503000     0.5773503000
           0.7061353370     0.7080742380     0.0019389011
   4,7    -0.5773503000     0.5773503000    -0.5773503000
           0.7069372599     0.7072761806     0.0003389207
 4,9 670.75610567 -303.05815030 -8472.58654193 2 0
   4,0    -0.5773503000     0.5773503000    -0.5773503000
          -0.2740919346     0.5290285094     0.8031204440
   4,11     0.5773503000    -0.5773503000     0.5773503000
           0.7085325478     0.7056723375    -0.0028602103
 4,10 690.49663447 -319.26550167 -8179.54276732 2 0
   4,22     0.5773503000    -0.5773503000     0.5773503000
          -0.2740919346     0.5290285094     0.8031204440
   4,1    -0.5773503000     0.5773503000    -0.5773503000
           0.7148505693     0.6990998340    -0.0157507353
 4,11 673.43408046 -305.56883056 -8422.79454528 2 0
   4,14     0.5773503000    -0.5773503000     0.5773503000
           0.7088280321     0.7053728679    -0.0034551642
   4,9    -0.5773503000     0.5773503000    -0.5773503000
           0.7085325478     0.7056723375    -0.0028602103
 4,12 -142.66221311 -402.63606584 -5410.03509451 2 0
   4,6    -0.5773503000    -0.5773503000     0.5773503000
           0.7285925212    -0.0451337574     0.6834587639
   4,5     0.5773503000     0.5773503000    -0.5773503000
           0.7176211554    -0.0215200383     0.6961011171
 4,13 664.90842375 -297.33273574 -8615.71278735 2 0
   4,0     0.5773503000    -0.5773503000     0.5773503000
          -0.7226500312    -0.0321856844     0.6904643468
   4,8    -0.5773503000     0.5773503000    -0.5773503000
           0.7061353370     0.7080742380     0.0019389011
 4,14 676.67239806 -308.64158003 -8367.44430008 2 0
   4,11    -0.5773503000     0.5773503000    -0.5773503000
           0.7088280321     0.7053728679    -0.0034551642
   4,3     0.5773503000    -0.5773503000     0.5773503000
           0.7133500095     0.7006936423    -0.0126563672
 4,15 -213.08431876 -498.33490866 -5404.75298153 2 0
   4,17    -0.5773503000    -0.5773503000     0.5773503000
           0.7176211555    -0.0215200385     0.6961011170
   4,6     0.5773503000     0.5773503000    -0.5773503000
           0.7176211554    -0.0215200383     0.6961011171
 4,16 800.34242434 -316.25456552 -8032.13133962 1 1
   4,2    -0.5773503000     0.5773503000    -0.5773503000
          -0.1841722219    -0.7809695877    -0.5967973658
 4,17 -252.11769699 -551.46752906 -5402.00079087 2 0
   4,15     0.5773503000     0.5773503000    -0.5773503000
           0.7176211555    -0.0215200385     0.6961011170
   4,20    -0.5773503000    -0.5773503000     0.5773503000
           0.6080731325     0.1678588662     0.7759319987
 4,18 -33.96106718 -255.33124367 -5418.51368194 2 0
   6,29     0.5773503000     0.5773503000    -0.5773503000
          -0.7905395765     0.5721465350    -0.2183930415
   4,4    -0.5773503000    -0.5773503000     0.5773503000
          -0.7923244928     0.5669440475    -0.2253804453
 4,19 -333.98855602 -663.07565549 -5397.07438602 2 0
   4,20     0.5773503000     0.5773503000    -0.5773503000
           0.0000000000     0.0000000000     0.0000000000
   4,21    -0.5773503000    -0.5773503000     0.5773503000
           0.7285925213    -0.0451337574     0.6834587639
 4,20 -293.72180484 -608.11269484 -5399.28965389 2 0
   4,19    -0.5773503000    -0.5773503000     0.5773503000
           0.0000000000     0.0000000000     0.0000000000
   4,17     0.5773503000     0.5773503000    -0.5773503000
           0.6080731325     0.1678588662     0.7759319987
 4,21 -370.44818307 -713.15022281 -5395.72995613 2 0
   4,19     0.5773503000     0.5773503000    -0.5773503000
           0.7285925213    -0.0451337574     0.6834587639
   0,7    -0.5773503000    -0.5773503000     0.5773503000
          -0.7909968679     0.5708351563    -0.2201617116
 4,22 703.56519268 -319.00028484 -8090.47854379 2 0
   4,10    -0.5773503000     0.5773503000    -0.5773503000
          -0.2740919346     0.5290285094     0.8031204440
   4,2     0.5773503000    -0.5773503000     0.5773503000
           0.7068624610     0.7073508484     0.0004883875
 5,0 -357.97211697 -235.82190453 -4324.60690497 2 0
   7,25     0.5773503000     0.5773503000    -0.5773503000
          -0.8100957332     0.3166811462    -0.4934145870
   1,7    -0.5773503000    -0.5773503000     0.5773503000
          -0.5665858263     0.7924445370     0.2258587107
 6,0 731.10509499 462.79027012 -5451.59253269 1 1
   6,13    -0.5773503000    -0.5773503000     0.5773503000
          -0.5702692256     0.7911926705     0.2209234448
 6,1 315.57538616 156.55785351 -5438.29020761 2 0
   6,2    -0.5773503000    -0.5773503000     0.5773503000
          -0.5828151601     0.7866296180     0.2038144579
   6,4     0.5773503000     0.5773503000    -0.5773503000
          -0.5925300238     0.7827638589     0.1902338352
 6,2 259.13727495 110.67084440 -5436.07573222 2 0
   6,5    -0.5773503000    -0.5773503000     0.5773503000
          -0.4383965263     0.8157352396     0.3773387134
   6,1     0.5773503000     0.5773503000    -0.5773503000
          -0.5828151601     0.7866296180     0.2038144579
 6,3 425.17288221 239.23641080 -5443.80657928 2 0
   6,4    -0.5773503000    -0.5773503000     0.5773503000
          -0.5316530358    -0.2708379836    -0.8024910194
   6,7     0.5773503000     0.5773503000    -0.5773503000
          -0.6400434752    -0.1190207005    -0.7590641756
 6,4 381.55534167 206.69460184 -5441.58428597 2 0
   6,3     0.5773503000     0.5773503000    -0.5773503000
          -0.5316530358    -0.2708379836    -0.8024910194
   6,1    -0.5773503000    -0.5773503000     0.5773503000
          -0.5925300238     0.7827638589     0.1902338352
 6,5 215.31726270 68.55209854 -5434.76000568 2 0
   6,6    -0.5773503000    -0.5773503000     0.5773503000
          -0.7963167729     0.5543944190    -0.2419223540
   6,2     0.5773503000     0.5773503000    -0.5773503000
          -0.4383965263     0.8157352396     0.3773387134
 6,6 174.75596343 22.61708094 -5433.24407527 2 0
   6,5     0.5773503000     0.5773503000    -0.5773503000
          -0.7963167729     0.5543944190    -0.2419223540
   6,8    -0.5773503000    -0.5773503000     0.5773503000
          -0.7990047445     0.5450824659    -0.2539222786
 6,7 473.24903610 274.75223031 -5445.98253083 2 0
   6,11     0.5773503000     0.5773503000    -0.5773503000
          -0.6400434751    -0.1190207006    -0.7590641757
   6,3    -0.5773503000    -0.5773503000     0.5773503000
          -0.6400434752    -0.1190207005    -0.7590641756
 6,8 126.95029463 -38.51593642 -5430.57555119 2 0
   6,6     0.5773503000     0.5773503000    -0.5773503000
          -0.7990047445     0.5450824659    -0.2539222786
   6,9    -0.5773503000    -0.5773503000     0.5773503000
          -0.7884482931     0.5779684440    -0.2104798491
 6,9 93.25677465 -83.59660820 -5428.28435666 2 0
   6,10    -0.5773503000    -0.5773503000     0.5773503000
          -0.7878801638     0.5795031053    -0.2083770585
   6,8     0.5773503000     0.5773503000    -0.5773503000
          -0.7884482931     0.5779684440    -0.2104798491
 6,10 64.39769082 -122.25342068 -5426.20755299 2 0
   6,29    -0.5773503000    -0.5773503000     0.5773503000
           0.6148554820     0.1578297707     0.7726852527
   6,9     0.5773503000     0.5773503000    -0.5773503000
          -0.7878801638     0.5795031053    -0.2083770585
 6,11 527.06585329 314.29346140 -5448.03268649 2 0
   6,7    -0.5773503000    -0.5773503000     0.5773503000
          -0.6400434751    -0.1190207006    -0.7590641757
   6,12     0.5773503000     0.5773503000    -0.5773503000
          -0.5627120855     0.7937195188     0.2310074333
 6,12 582.32357682 354.78212960 -5449.73388688 2 0
   6,14     0.5773503000     0.5773503000    -0.5773503000
          -0.4451703408    -0.3701774514    -0.8153477922
   6,11    -0.5773503000    -0.5773503000     0.5773503000
          -0.5627120855     0.7937195188     0.2310074333
 6,13 678.38927232 424.76210485 -5451.47754445 2 0
   6,14    -0.5773503000    -0.5773503000     0.5773503000
           0.0000000000     0.0000000000     0.0000000000
   6,0     0.5773503000     0.5773503000    -0.5773503000
          -0.5702692256     0.7911926705     0.2209234448
 6,14 634.25850000 392.69435234 -5450.91094587 2 0
   6,13     0.5773503000     0.5773503000    -0.5773503000
           0.0000000000     0.0000000000     0.0000000000
   6,12    -0.5773503000    -0.5773503000     0.5773503000
          -0.4451703408    -0.3701774514    -0.8153477922
 6,15 -332.41312431 796.52790605 -7604.27459020 1 1
   6,20    -0.5773503000    -0.5773503000    -0.5773503000
           0.6221584271     0.1468390855    -0.7689975127
 6,16 -290.59479325 463.34419917 -7593.25455564 2 0
   6,17     0.5773503000     0.5773503000     0.5773503000
           0.7809885218    -0.1842354510    -0.5967530707
   6,23    -0.5773503000    -0.5773503000    -0.5773503000
           0.7822376646    -0.1884413123    -0.5937963522
 6,17 -284.84653329 549.76191268 -7609.12855244 2 0
   6,16    -0.5773503000    -0.5773503000    -0.5773503000
           0.7809885218    -0.1842354510    -0.5967530707
   6,18     0.5773503000     0.5773503000     0.5773503000
           0.6314565171     0.1325428650    -0.7639993821
 6,18 -295.88862934 618.99212282 -7607.74799234 2 0
   6,17    -0.5773503000    -0.5773503000    -0.5773503000
           0.6314565171     0.1325428650    -0.7639993821
   6,21     0.5773503000     0.5773503000     0.5773503000
           0.6221723679     0.1468179091    -0.7689902770
 6,19 -308.98608126 265.55700810 -7556.31457017 2 0
   6,22     0.5773503000     0.5773503000     0.5773503000
           0.7826294938    -0.1897749082    -0.5928545856
   6,24    -0.5773503000    -0.5773503000    -0.5773503000
           0.7831367675    -0.1915118854    -0.5916248821
 6,20 -316.45911037 724.90904884 -7605.04285512 2 0
   6,15     0.5773503000     0.5773503000     0.5773503000
           0.6221584271     0.1468390855    -0.7689975127
   6,21    -0.5773503000    -0.5773503000    -0.5773503000
           0.6260171425     0.1409483682    -0.7669655108
 6,21 -307.60288137 681.11598905 -7605.90853786 2 0
   6,18    -0.5773503000    -0.5773503000    -0.5773503000
           0.6221723679     0.1468179091    -0.7689902770
   6,20     0.5773503000     0.5773503000     0.5773503000
           0.6260171425     0.1409483682    -0.7669655108
 6,22 -303.48130473 322.60637646 -7566.60473771 2 0
   6,23     0.5773503000     0.5773503000     0.5773503000
           0.7859889543    -0.2015107367    -0.5844782175
   6,19    -0.5773503000    -0.5773503000    -0.5773503000
           0.7826294938    -0.1897749082    -0.5928545856
 6,23 -297.33230393 389.60777828 -7579.00257119 2 0
   6,22    -0.5773503000    -0.5773503000    -0.5773503000
           0.7859889543    -0.2015107367    -0.5844782175
   6,16     0.5773503000     0.5773503000     0.5773503000
           0.7822376646    -0.1884413123    -0.5937963522
 6,24 -313.37002172 224.65561348 -7548.92859756 2 0
   6,28    -0.5773503000    -0.5773503000    -0.5773503000
           0.7824218960    -0.1890674778    -0.5933544181
   6,19     0.5773503000     0.5773503000     0.5773503000
           0.7831367675    -0.1915118854    -0.5916248821
 6,25 -365.96904414 6.42841879 -7492.52515372 2 0
   6,26     0.5773503000     0.5773503000     0.5773503000
          -0.4442052658     0.8154080023    -0.3712027366
   0,19    -0.5773503000    -0.5773503000    -0.5773503000
           0.7820607447    -0.5942193083    -0.1878414364
 6,26 -345.08251154 49.49870222 -7509.88450704 2 0
   6,27     0.5773503000     0.5773503000     0.5773503000
           0.7865411388    -0.2034949711    -0.5830461677
   6,25    -0.5773503000    -0.5773503000    -0.5773503000
          -0.4442052658     0.8154080023    -0.3712027366
 6,27 -330.65643075 99.29961568 -7524.69515435 2 0
   6,28     0.5773503000     0.5773503000     0.5773503000
           0.7837635848    -0.1936748743    -0.5900887105
   6,26    -0.5773503000    -0.5773503000    -0.5773503000
           0.7865411388    -0.2034949711    -0.5830461677
 6,28 -320.40875125 162.18436612 -7537.93426640 2 0
   6,27    -0.5773503000    -0.5773503000    -0.5773503000
           0.7837635848    -0.1936748743    -0.5900887105
   6,24     0.5773503000     0.5773503000     0.5773503000
           0.7824218960    -0.1890674778    -0.5933544181
 6,29 5.71284681 -201.64519220 -5421.62567398 2 0
   6,10     0.5773503000     0.5773503000    -0.5773503000
           0.6148554820     0.1578297707     0.7726852527
   4,18    -0.5773503000    -0.5773503000     0.5773503000
          -0.7905395765     0.5721465350    -0.2183930415
 7,0 342.57162794 684.30667236 -4370.68250858 2 0
   7,5    -0.5773503000    -0.5773503000     0.5773503000
          -0.7993533423     0.5438143680    -0.2555389743
   7,6     0.5773503000     0.5773503000    -0.5773503000
          -0.7894343418     0.5752582051    -0.2141761367
 7,1 243.47882515 548.81886304 -4365.66341675 2 0
   7,2     0.5773503000     0.5773503000    -0.5773503000
          -0.0461447178     0.7290489865     0.6829042687
   7,3    -0.5773503000    -0.5773503000     0.5773503000
          -0.2812024269     0.8044490095     0.5232465826
 7,2 273.84871780 590.19973395 -4367.49561162 2 0
   7,1    -0.5773503000    -0.5773503000     0.5773503000
          -0.0461447178     0.7290489865     0.6829042687
   7,5     0.5773503000     0.5773503000    -0.5773503000
          -0.7964242777     0.5540366472    -0.2423876306
 7,3 209.73727924 502.97424042 -4363.39316353 2 0
   7,1     0.5773503000     0.5773503000    -0.5773503000
          -0.2812024269     0.8044490095     0.5232465826
   7,4    -0.5773503000    -0.5773503000     0.5773503000
          -0.7916272185     0.5690035633    -0.2226236552
 7,4 172.62199454 452.62163675 -4360.61778884 2 0
   7,3     0.5773503000     0.5773503000    -0.5773503000
          -0.7916272185     0.5690035633    -0.2226236552
   7,14    -0.5773503000    -0.5773503000     0.5773503000
          -0.7824670446     0.5932458809    -0.1892211637
 7,5 308.20529878 637.16072587 -4369.28513027 2 0
   7,2    -0.5773503000    -0.5773503000     0.5773503000
          -0.7964242777     0.5540366472    -0.2423876306
   7,0     0.5773503000     0.5773503000    -0.5773503000
          -0.7993533423     0.5438143680    -0.2555389743
 7,6 370.20172327 722.35560870 -4371.40811139 2 0
   7,0    -0.5773503000    -0.5773503000     0.5773503000
          -0.7894343418     0.5752582051    -0.2141761367
   7,7     0.5773503000     0.5773503000    -0.5773503000
          -0.7911941837     0.5702648415    -0.2209293422
 7,7 406.07423346 771.98370134 -4371.77509948 1 1
   7,6    -0.5773503000    -0.5773503000     0.5773503000
          -0.7911941837     0.5702648415    -0.2209293422
 7,8 170.19874068 349.52235379 -103.57410726 4 0
   7,12     0.5773503000    -0.5773503000    -0.5773503000
           0.1844189398     0.7810434419    -0.5966245021
   7,11    -0.5773503000     0.5773503000     0.5773503000
           0.7894342988     0.5752583245     0.2141759743
   7,9    -0.5773503000    -0.5773503000     0.5773503000
          -0.6619131396     0.7449653218     0.0830521823
   7,10     0.5773503000     0.5773503000    -0.5773503000
          -0.7897923636     0.5742589896    -0.2155333740
 7,9 112.34338543 299.45087789 -110.80674707 2 0
   7,13    -0.5773503000    -0.5773503000     0.5773503000
          -0.6511783421     0.7521745378     0.1009961957
   7,8     0.5773503000     0.5773503000    -0.5773503000
          -0.6619131396     0.7449653218     0.0830521823
 7,10 166.70160072 346.75444436 -106.15994188 1 1
   7,8    -0.5773503000    -0.5773503000     0.5773503000
          -0.7897923636     0.5742589896    -0.2155333740
 7,11 166.70825829 346.76666133 -106.14563667 1 1
   7,8     0.5773503000    -0.5773503000    -0.5773503000
           0.7894342988     0.5752583245     0.2141759743
 7,12 166.70833359 346.76664862 -106.14575036 1 1
   7,8    -0.5773503000     0.5773503000     0.5773503000
           0.1844189398     0.7810434419    -0.5966245021
 7,13 72.13968489 266.32667247 -114.29892767 2 0
   7,17    -0.5773503000    -0.5773503000     0.5773503000
          -0.5733547502     0.7901138138     0.2167590636
   7,9     0.5773503000     0.5773503000    -0.5773503000
          -0.6511783421     0.7521745378     0.1009961957
 7,14 134.15030148 400.41759390 -4357.46032053 2 0
   7,15    -0.5773503000    -0.5773503000     0.5773503000
          -0.2812024269     0.8044490095     0.5232465826
   7,4     0.5773503000     0.5773503000    -0.5773503000
          -0.7824670446     0.5932458809    -0.1892211637
 7,15 94.11825336 346.05375598 -4354.01733693 2 0
   7,14     0.5773503000     0.5773503000    -0.5773503000
          -0.2812024269     0.8044490095     0.5232465826
   7,16    -0.5773503000    -0.5773503000     0.5773503000
           0.2889212835     0.5168965756     0.8058178591
 7,16 51.80302960 288.60515055 -4350.41211061 2 0
   7,15     0.5773503000     0.5773503000    -0.5773503000
           0.2889212835     0.5168965756     0.8058178591
   7,18    -0.5773503000    -0.5773503000     0.5773503000
           0.8158585732    -0.3799812734     0.4358772997
 7,17 27.94547389 233.10693998 -117.30902334 2 0
   7,20    -0.5773503000    -0.5773503000     0.5773503000
          -0.5692302266     0.7915497361     0.2223195095
   7,13     0.5773503000     0.5773503000    -0.5773503000
          -0.5733547502     0.7901138138     0.2167590636
 7,18 10.50341260 232.41811908 -4346.97496560 2 0
   7,16     0.5773503000     0.5773503000    -0.5773503000
           0.8158585732    -0.3799812734     0.4358772997
   7,31    -0.5773503000    -0.5773503000     0.5773503000
          -0.7954766901     0.5571517278    -0.2383249623
 7,19 -345.68004546 -32.77922350 -142.58642565 2 0
   7,21     0.5773503000     0.5773503000    -0.5773503000
          -0.5770620188     0.7887805170     0.2117184982
   1,15    -0.5773503000    -0.5773503000     0.5773503000
          -0.5733175155     0.7901269989     0.2168094833
 7,20 -50.08277079 177.59835795 -121.89366342 2 0
   7,22    -0.5773503000    -0.5773503000     0.5773503000
          -0.5669868142     0.7923101368     0.2253233226
   7,17     0.5773503000     0.5773503000    -0.5773503000
          -0.5692302266     0.7915497361     0.2223195095
 7,21 -268.00528301 21.76258546 -136.38085841 2 0
   7,19    -0.5773503000    -0.5773503000     0.5773503000
          -0.5770620188     0.7887805170     0.2117184982
   7,24     0.5773503000     0.5773503000    -0.5773503000
          -0.6127801673     0.7736965676     0.1609164002
 7,22 -104.72169884 139.12796363 -125.12076344 2 0
   7,20     0.5773503000     0.5773503000    -0.5773503000
          -0.5669868142     0.7923101368     0.2253233226
   7,23    -0.5773503000    -0.5773503000     0.5773503000
          -0.5675874495     0.7921079635     0.2245205140
 7,23 -172.99636968 90.70468631 -129.40350801 2 0
   7,22     0.5773503000     0.5773503000    -0.5773503000
          -0.5675874495     0.7921079635     0.2245205140
   7,24    -0.5773503000    -0.5773503000     0.5773503000
          -0.5681279395     0.7919251548     0.2237972153
 7,24 -230.27275015 49.27349087 -133.46190285 2 0
   7,21    -0.5773503000    -0.5773503000     0.5773503000
          -0.6127801673     0.7736965676     0.1609164002
   7,23     0.5773503000     0.5773503000    -0.5773503000
          -0.5681279395     0.7919251548     0.2237972153
 7,25 -318.97390490 -196.80021707 -4326.07702989 2 0
   5,0    -0.5773503000    -0.5773503000     0.5773503000
          -0.8100957332     0.3166811462    -0.4934145870
   7,26     0.5773503000     0.5773503000    -0.5773503000
          -0.7763201044     0.6072383980    -0.1690817064
 7,26 -272.07255206 -142.73497472 -4328.20835752 2 0
   7,29     0.5773503000     0.5773503000    -0.5773503000
          -0.7827376468     0.5925934049    -0.1901442419
   7,25    -0.5773503000    -0.5773503000     0.5773503000
          -0.7763201044     0.6072383980    -0.1690817064
 7,27 -89.02446274 96.24080511 -4339.39849246 2 0
   7,31     0.5773503000     0.5773503000    -0.5773503000
          -0.7925081373     0.5663955959    -0.2261125414
   7,30    -0.5773503000    -0.5773503000     0.5773503000
          -0.7923790745     0.5667813065    -0.2255977679
 7,28 -165.65926968 -8.76211214 -4333.93729889 2 0
   7,30     0.5773503000     0.5773503000    -0.5773503000
          -0.8051349014     0.5201188989    -0.2850160025
   7,29    -0.5773503000    -0.5773503000     0.5773503000
          -0.7891064487     0.5761661630    -0.2129402857
 7,29 -212.92351615 -71.46301116 -4331.01343905 2 0
   7,28     0.5773503000     0.5773503000    -0.5773503000
          -0.7891064487     0.5761661630    -0.2129402857
   7,26    -0.5773503000    -0.5773503000     0.5773503000
          -0.7827376468     0.5925934049    -0.1901442419
 7,30 -118.13245392 56.32810194 -4337.27689628 2 0
   7,28    -0.5773503000    -0.5773503000     0.5773503000
          -0.8051349014     0.5201188989    -0.2850160025
   7,27     0.5773503000     0.5773503000    -0.5773503000
          -0.7923790745     0.5667813065    -0.2255977679
 7,31 -46.13689742 155.08943607 -4342.58101994 2 0
   7,18     0.5773503000     0.5773503000    -0.5773503000
          -0.7954766901     0.5571517278    -0.2383249623
   7,27    -0.5773503000    -0.5773503000     0.5773503000
          -0.7925081373     0.5663955959    -0.2261125414
