#
#	ParaDiS nodal data file
#

#
#	File version number
#

3

#
#	Number of data file segments
#

1

#
#	Minimum coordinate values (x, y, z)
#

-8750.0000     -8750.0000     -8750.0000    

#
#	Maximum coordinate values (x, y, z)
#

8750.0000      8750.0000      8750.0000     

#
#	Node count
#

109         

#
#	Domain geometry (x, y, z)
#

2   2   2  

#
#	Domain decomposition type
#

1

#
#	Domain boundaries (x, y, z)
#

  -8750.0000
      -8750.0000
          -8750.0000
          -4705.6420
           8750.0000
        224.3590
          -8750.0000
          -7375.6691
           8750.0000
       8750.0000
   -288.2693
      -8750.0000
          -8750.0000
          -5688.3512
           8750.0000
       -224.3590
          -8750.0000
          -4548.0643
           8750.0000
       8750.0000
   8750.0000

#
#	Primary lines: node_tag, x, y, z, num_arms, constraint
#	Secondary lines: arm_tag, burgx, burgy, burgz, nx, ny, nz
#

 0,2 -336.46645322 -659.82481923 -5379.84802233 2 0
   0,18     0.5773503000     0.5773503000    -0.5773503000
           0.0000000000     0.0000000000     0.0000000000
   0,9    -0.5773503000    -0.5773503000     0.5773503000
           0.7285925213    -0.0451337574     0.6834587639
 0,8 -488.14834702 -59.14707369 -7381.85429570 2 0
   0,14    -0.5773503000    -0.5773503000    -0.5773503000
           0.1849046073    -0.7811886209     0.5962840135
   0,10     0.5773503000     0.5773503000     0.5773503000
          -0.2785771078    -0.5253888838     0.8039659917
 0,9 -373.45370574 -710.56949490 -5378.35607007 2 0
   0,2     0.5773503000     0.5773503000    -0.5773503000
           0.7285925213    -0.0451337574     0.6834587639
   0,16    -0.5773503000    -0.5773503000     0.5773503000
          -0.7909968679     0.5708351563    -0.2201617116
 0,10 -439.34521654 -43.42280839 -7394.21087791 2 0
   0,8    -0.5773503000    -0.5773503000    -0.5773503000
          -0.2785771078    -0.5253888838     0.8039659917
   0,11     0.5773503000     0.5773503000     0.5773503000
           0.5650576422    -0.7929525625     0.2278949203
 0,11 -393.96926263 -21.50875004 -7410.61839600 2 0
   0,12     0.5773503000     0.5773503000     0.5773503000
           0.5456929950    -0.7988354388     0.2531424438
   0,10    -0.5773503000    -0.5773503000    -0.5773503000
           0.5650576422    -0.7929525625     0.2278949203
 0,12 -351.41299284 10.39285043 -7431.30713942 2 0
   0,13     0.5773503000     0.5773503000     0.5773503000
           0.7820607447    -0.5942193083    -0.1878414364
   0,11    -0.5773503000    -0.5773503000    -0.5773503000
           0.5456929950    -0.7988354388     0.2531424438
 0,13 -322.68568086 48.35557439 -7450.04311603 2 0
   0,22     0.5773503000     0.5773503000     0.5773503000
          -0.4442052658     0.8154080023    -0.3712027366
   0,12    -0.5773503000    -0.5773503000    -0.5773503000
           0.7820607447    -0.5942193083    -0.1878414364
 0,14 -543.30398028 -71.41767187 -7372.92942901 2 0
   0,8     0.5773503000     0.5773503000     0.5773503000
           0.1849046073    -0.7811886209     0.5962840135
   0,19    -0.5773503000    -0.5773503000    -0.5773503000
           0.1886240179    -0.7822914671     0.5936674493
 0,15 -684.09124051 -98.60693211 -7361.22310719 2 0
   0,17    -0.5773503000    -0.5773503000    -0.5773503000
           0.1836237615    -0.7808051577     0.5971813962
   0,19     0.5773503000     0.5773503000     0.5773503000
           0.1962381182    -0.7844993842     0.5882612660
 0,16 -413.82760591 -766.39538666 -5377.86657598 1 1
   0,9     0.5773503000     0.5773503000    -0.5773503000
          -0.7909968679     0.5708351563    -0.2201617116
 0,17 -736.63229805 -109.59474111 -7359.04467270 2 0
   0,21    -0.5773503000    -0.5773503000    -0.5773503000
           0.1843600504    -0.7810258199     0.5966657695
   0,15     0.5773503000     0.5773503000     0.5773503000
           0.1836237615    -0.7808051577     0.5971813962
 0,18 -296.22980159 -605.02146820 -5382.34676157 2 0
   0,2    -0.5773503000    -0.5773503000     0.5773503000
           0.0000000000     0.0000000000     0.0000000000
   5,0     0.5773503000     0.5773503000    -0.5773503000
           0.6080731325     0.1678588662     0.7759319987
 0,19 -637.15924748 -89.26724788 -7364.04540800 2 0
   0,15    -0.5773503000    -0.5773503000    -0.5773503000
           0.1962381182    -0.7844993842     0.5882612660
   0,14     0.5773503000     0.5773503000     0.5773503000
           0.1886240179    -0.7822914671     0.5936674493
 0,20 -843.42712899 -133.74482783 -7357.29038514 1 1
   0,21     0.5773503000     0.5773503000     0.5773503000
           0.5702569561    -0.7911969052     0.2209399491
 0,21 -799.30514531 -123.50307062 -7357.52300473 2 0
   0,20    -0.5773503000    -0.5773503000    -0.5773503000
           0.5702569561    -0.7911969052     0.2209399491
   0,17     0.5773503000     0.5773503000     0.5773503000
           0.1843600504    -0.7810258199     0.5966657695
 0,22 -301.29613254 91.98753364 -7466.89719853 2 0
   6,20     0.5773503000     0.5773503000     0.5773503000
           0.7865411388    -0.2034949711    -0.5830461677
   0,13    -0.5773503000    -0.5773503000    -0.5773503000
          -0.4442052658     0.8154080023    -0.3712027366
 1,0 -814.56979112 -255.98647270 -141.72001182 1 1
   1,104     0.5773503000     0.5773503000    -0.5773503000
          -0.5702604957     0.7911956836     0.2209351880
 1,1 -618.82204163 -433.77720815 -4323.67044440 2 0
   1,2    -0.5773503000    -0.5773503000     0.5773503000
          -0.5796906604     0.7878102423     0.2081195819
   1,5     0.5773503000     0.5773503000    -0.5773503000
          -0.5656677911     0.7927505187     0.2270827276
 1,2 -659.76567940 -463.50950761 -4323.03661552 2 0
   1,1     0.5773503000     0.5773503000    -0.5773503000
          -0.5796906604     0.7878102423     0.2081195819
   1,3    -0.5773503000    -0.5773503000     0.5773503000
          -0.5796906604     0.7878102423     0.2081195819
 1,3 -706.35218290 -497.13310113 -4322.87389180 1 1
   1,2     0.5773503000     0.5773503000    -0.5773503000
          -0.5796906604     0.7878102423     0.2081195819
 1,4 -515.60206850 -357.98017074 -4327.06631546 2 0
   1,5    -0.5773503000    -0.5773503000     0.5773503000
          -0.5796906604     0.7878102423     0.2081195819
   1,6     0.5773503000     0.5773503000    -0.5773503000
          -0.5617497823     0.7940297280     0.2322799457
 1,5 -570.94096176 -398.77070850 -4324.98044922 2 0
   1,4     0.5773503000     0.5773503000    -0.5773503000
          -0.5796906604     0.7878102423     0.2081195819
   1,1    -0.5773503000    -0.5773503000     0.5773503000
          -0.5656677911     0.7927505187     0.2270827276
 1,6 -455.26477916 -312.89718468 -4329.86359495 2 0
   1,4    -0.5773503000    -0.5773503000     0.5773503000
          -0.5617497823     0.7940297280     0.2322799457
   1,7     0.5773503000     0.5773503000    -0.5773503000
          -0.5624570021     0.7938019988     0.2313449967
 1,7 -394.57407745 -265.95549915 -4333.03012930 2 0
   1,6    -0.5773503000    -0.5773503000     0.5773503000
          -0.5624570021     0.7938019988     0.2313449967
   1,8     0.5773503000     0.5773503000    -0.5773503000
          -0.5665858263     0.7924445370     0.2258587107
 1,8 -346.46160352 -224.96171573 -4335.54576250 2 0
   1,16     0.5773503000     0.5773503000    -0.5773503000
          -0.8100957332     0.3166811462    -0.4934145870
   1,7    -0.5773503000    -0.5773503000     0.5773503000
          -0.5665858263     0.7924445370     0.2258587107
 1,9 -494.01561130 -139.22986869 -140.48617250 2 0
   1,13     0.5773503000     0.5773503000    -0.5773503000
          -0.5704364726     0.7911349024     0.2206984298
   1,10    -0.5773503000    -0.5773503000     0.5773503000
          -0.5664014829     0.7925061706     0.2261046876
 1,10 -574.75557348 -191.17739885 -147.96712573 2 0
   1,9     0.5773503000     0.5773503000    -0.5773503000
          -0.5664014829     0.7925061706     0.2261046876
   1,11    -0.5773503000    -0.5773503000     0.5773503000
          -0.2115452541     0.7887341590     0.5771889049
 1,11 -628.12355171 -207.35192501 -145.97385236 2 0
   1,12    -0.5773503000    -0.5773503000     0.5773503000
          -0.1845435599     0.7810807200     0.5965371601
   1,10     0.5773503000     0.5773503000    -0.5773503000
          -0.2115452541     0.7887341590     0.5771889049
 1,12 -671.89295276 -220.07815138 -144.56157412 2 0
   1,11     0.5773503000     0.5773503000    -0.5773503000
          -0.1845435599     0.7810807200     0.5965371601
   1,104    -0.5773503000    -0.5773503000     0.5773503000
          -0.1843712589     0.7810291742     0.5966579154
 1,13 -455.42462613 -112.76605289 -137.13528362 2 0
   1,14     0.5773503000     0.5773503000    -0.5773503000
          -0.5735935891     0.7900291424     0.2164355533
   1,9    -0.5773503000    -0.5773503000     0.5773503000
          -0.5704364726     0.7911349024     0.2206984298
 1,14 -394.23907430 -70.44237818 -132.45620661 2 0
   1,13    -0.5773503000    -0.5773503000     0.5773503000
          -0.5735935891     0.7900291424     0.2164355533
   1,15     0.5773503000     0.5773503000    -0.5773503000
          -0.5733175155     0.7901269989     0.2168094833
 1,15 -351.18813919 -40.43329741 -129.56650777 2 0
   7,19     0.5773503000     0.5773503000    -0.5773503000
          -0.5770620188     0.7887805170     0.2117184982
   1,14    -0.5773503000    -0.5773503000     0.5773503000
          -0.5733175155     0.7901269989     0.2168094833
 1,16 -308.15187810 -186.59630738 -4337.53110240 2 0
   1,8    -0.5773503000    -0.5773503000     0.5773503000
          -0.8100957332     0.3166811462    -0.4934145870
   7,24     0.5773503000     0.5773503000    -0.5773503000
          -0.7763201044     0.6072383980    -0.1690817064
 1,104 -751.11817546 -240.67780260 -142.15086813 2 0
   1,0    -0.5773503000    -0.5773503000     0.5773503000
          -0.5702604957     0.7911956836     0.2209351880
   1,12     0.5773503000     0.5773503000    -0.5773503000
          -0.1843712589     0.7810291742     0.5966579154
 4,0 639.93492780 -272.34873301 -8546.99788926 2 0
   4,13    -0.5773503000     0.5773503000    -0.5773503000
          -0.7226500312    -0.0321856844     0.6904643468
   4,9     0.5773503000    -0.5773503000     0.5773503000
          -0.2740919346     0.5290285094     0.8031204440
 4,1 651.68432303 -282.63492195 -8285.05170027 2 0
   4,20    -0.5773503000     0.5773503000    -0.5773503000
           0.7133500095     0.7006936423    -0.0126563672
   4,10     0.5773503000    -0.5773503000     0.5773503000
           0.7148505693     0.6990998340    -0.0157507353
 4,2 706.39525603 -265.69315395 -8063.64560372 2 0
   4,15     0.5773503000    -0.5773503000     0.5773503000
          -0.2776318465    -0.8037899215    -0.5261580750
   4,22    -0.5773503000     0.5773503000    -0.5773503000
           0.7068624610     0.7073508484     0.0004883875
 4,7 636.11789819 -268.54784844 -8750.00000000 1 1
   4,8     0.5773503000    -0.5773503000     0.5773503000
           0.7069372599     0.7072761806     0.0003389207
 4,8 636.60996614 -269.03945725 -8680.46819082 2 0
   4,13     0.5773503000    -0.5773503000     0.5773503000
           0.7061353370     0.7080742380     0.0019389011
   4,7    -0.5773503000     0.5773503000    -0.5773503000
           0.7069372599     0.7072761806     0.0003389207
 4,9 642.83888733 -275.11429676 -8470.16554563 2 0
   4,0    -0.5773503000     0.5773503000    -0.5773503000
          -0.2740919346     0.5290285094     0.8031204440
   4,12     0.5773503000    -0.5773503000     0.5773503000
           0.7089134683     0.7052861383    -0.0036273299
 4,10 655.99012420 -285.12710545 -8212.83606015 2 0
   4,22     0.5773503000    -0.5773503000     0.5773503000
          -0.2740919346     0.5290285094     0.8031204440
   4,1    -0.5773503000     0.5773503000    -0.5773503000
           0.7148505693     0.6990998340    -0.0157507353
 4,12 644.92713125 -277.03264017 -8421.72045273 2 0
   4,20     0.5773503000    -0.5773503000     0.5773503000
          -0.2740919346     0.5290285094     0.8031204440
   4,9    -0.5773503000     0.5773503000    -0.5773503000
           0.7089134683     0.7052861383    -0.0036273299
 4,13 637.95205320 -270.41114365 -8612.65786366 2 0
   4,0     0.5773503000    -0.5773503000     0.5773503000
          -0.7226500312    -0.0321856844     0.6904643468
   4,8    -0.5773503000     0.5773503000    -0.5773503000
           0.7061353370     0.7080742380     0.0019389011
 4,15 764.06266932 -262.57036891 -8049.96526655 2 0
   4,2    -0.5773503000     0.5773503000    -0.5773503000
          -0.2776318465    -0.8037899215    -0.5261580750
   4,16     0.5773503000    -0.5773503000     0.5773503000
          -0.1841722219    -0.7809695877    -0.5967973658
 4,16 810.45383807 -273.42192964 -8050.06956715 1 1
   4,15    -0.5773503000     0.5773503000    -0.5773503000
          -0.1841722219    -0.7809695877    -0.5967973658
 4,20 649.55383235 -281.19828340 -8323.27458213 2 0
   4,12    -0.5773503000     0.5773503000    -0.5773503000
          -0.2740919346     0.5290285094     0.8031204440
   4,1     0.5773503000    -0.5773503000     0.5773503000
           0.7133500095     0.7006936423    -0.0126563672
 4,22 666.46768571 -283.44666600 -8125.43964547 2 0
   4,10    -0.5773503000     0.5773503000    -0.5773503000
          -0.2740919346     0.5290285094     0.8031204440
   4,2     0.5773503000    -0.5773503000     0.5773503000
           0.7068624610     0.7073508484     0.0004883875
 5,0 -254.73602812 -548.64783519 -5385.41126686 2 0
   5,1     0.5773503000     0.5773503000    -0.5773503000
           0.7176211555    -0.0215200385     0.6961011170
   0,18    -0.5773503000    -0.5773503000     0.5773503000
           0.6080731325     0.1678588662     0.7759319987
 5,1 -215.61870898 -495.51358875 -5388.50680174 2 0
   5,0    -0.5773503000    -0.5773503000     0.5773503000
           0.7176211555    -0.0215200385     0.6961011170
   5,2     0.5773503000     0.5773503000    -0.5773503000
           0.7176211554    -0.0215200383     0.6961011171
 5,2 -180.78557014 -448.26553396 -5391.39102014 2 0
   5,3     0.5773503000     0.5773503000    -0.5773503000
           0.7285925212    -0.0451337574     0.6834587639
   5,1    -0.5773503000    -0.5773503000     0.5773503000
           0.7176211554    -0.0215200383     0.6961011171
 5,3 -145.08002964 -399.93556259 -5394.44935547 2 0
   5,2    -0.5773503000    -0.5773503000     0.5773503000
           0.7285925212    -0.0451337574     0.6834587639
   5,4     0.5773503000     0.5773503000    -0.5773503000
           0.7176211554    -0.0215200383     0.6961011171
 5,4 -111.45708404 -354.47938994 -5397.40257148 2 0
   5,5     0.5773503000     0.5773503000    -0.5773503000
           0.0000000000     0.0000000000     0.0000000000
   5,3    -0.5773503000    -0.5773503000     0.5773503000
           0.7176211554    -0.0215200383     0.6961011171
 5,5 -76.10058008 -306.67819456 -5400.56433577 2 0
   5,4    -0.5773503000    -0.5773503000     0.5773503000
           0.0000000000     0.0000000000     0.0000000000
   5,6     0.5773503000     0.5773503000    -0.5773503000
          -0.7923244928     0.5669440475    -0.2253804453
 5,6 -36.16344625 -252.83853522 -5404.13845516 2 0
   6,24     0.5773503000     0.5773503000    -0.5773503000
          -0.7905395765     0.5721465350    -0.2183930415
   5,5    -0.5773503000    -0.5773503000     0.5773503000
          -0.7923244928     0.5669440475    -0.2253804453
 6,0 732.33278815 461.08693684 -5442.14145189 1 1
   6,13    -0.5773503000    -0.5773503000     0.5773503000
          -0.5702692256     0.7911926705     0.2209234448
 6,1 424.73843173 236.29862886 -5433.86675654 2 0
   6,4    -0.5773503000    -0.5773503000     0.5773503000
          -0.5316530358    -0.2708379836    -0.8024910194
   6,15     0.5773503000     0.5773503000    -0.5773503000
          -0.6400434752    -0.1190207005    -0.7590641756
 6,2 304.45214968 145.65983057 -5427.17720575 2 0
   6,3    -0.5773503000    -0.5773503000     0.5773503000
          -0.5828151601     0.7866296180     0.2038144579
   6,4     0.5773503000     0.5773503000    -0.5773503000
          -0.5925300238     0.7827638589     0.1902338352
 6,3 246.86461961 99.01503465 -5424.46451362 2 0
   6,5    -0.5773503000    -0.5773503000     0.5773503000
          -0.4383965263     0.8157352396     0.3773387134
   6,2     0.5773503000     0.5773503000    -0.5773503000
          -0.5828151601     0.7866296180     0.2038144579
 6,4 377.25421314 200.93304811 -5431.23205141 2 0
   6,1     0.5773503000     0.5773503000    -0.5773503000
          -0.5316530358    -0.2708379836    -0.8024910194
   6,2    -0.5773503000    -0.5773503000     0.5773503000
          -0.5925300238     0.7827638589     0.1902338352
 6,5 203.12445214 56.96601066 -5422.70119197 2 0
   6,6    -0.5773503000    -0.5773503000     0.5773503000
          -0.7963167729     0.5543944190    -0.2419223540
   6,3     0.5773503000     0.5773503000    -0.5773503000
          -0.4383965263     0.8157352396     0.3773387134
 6,6 162.74953987 11.20374818 -5420.66462138 2 0
   6,5     0.5773503000     0.5773503000    -0.5773503000
          -0.7963167729     0.5543944190    -0.2419223540
   6,22    -0.5773503000    -0.5773503000     0.5773503000
          -0.7990047445     0.5450824659    -0.2539222786
 6,7 -280.50546702 808.78164172 -7560.12785036 1 1
   6,8    -0.5773503000    -0.5773503000    -0.5773503000
           0.6221584271     0.1468390855    -0.7689975127
 6,8 -267.92683625 752.45288971 -7560.70728135 2 0
   6,19    -0.5773503000    -0.5773503000    -0.5773503000
           0.6221723679     0.1468179091    -0.7689902770
   6,7     0.5773503000     0.5773503000     0.5773503000
           0.6221584271     0.1468390855    -0.7689975127
 6,9 -265.66623909 292.26735552 -7508.16891327 2 0
   6,21    -0.5773503000    -0.5773503000    -0.5773503000
           0.7824218960    -0.1890674778    -0.5933544181
   6,16     0.5773503000     0.5773503000     0.5773503000
           0.7826294938    -0.1897749082    -0.5928545856
 6,10 -238.80743647 595.65321689 -7564.28303175 2 0
   6,17    -0.5773503000    -0.5773503000    -0.5773503000
           0.7809885218    -0.1842354510    -0.5967530707
   6,19     0.5773503000     0.5773503000     0.5773503000
           0.6314565171     0.1325428650    -0.7639993821
 6,11 528.51072490 312.73786317 -5438.44137157 2 0
   6,15    -0.5773503000    -0.5773503000     0.5773503000
          -0.6400434751    -0.1190207006    -0.7590641757
   6,12     0.5773503000     0.5773503000    -0.5773503000
          -0.5627120855     0.7937195188     0.2310074333
 6,12 583.58157304 353.10726610 -5440.21899215 2 0
   6,14     0.5773503000     0.5773503000    -0.5773503000
          -0.4451703408    -0.3701774514    -0.8153477922
   6,11    -0.5773503000    -0.5773503000     0.5773503000
          -0.5627120855     0.7937195188     0.2310074333
 6,13 679.51164479 422.98329928 -5442.02806571 2 0
   6,14    -0.5773503000    -0.5773503000     0.5773503000
           0.0000000000     0.0000000000     0.0000000000
   6,0     0.5773503000     0.5773503000    -0.5773503000
          -0.5702692256     0.7911926705     0.2209234448
 6,14 635.41603328 390.95026360 -5441.44157133 2 0
   6,13     0.5773503000     0.5773503000    -0.5773503000
           0.0000000000     0.0000000000     0.0000000000
   6,12    -0.5773503000    -0.5773503000     0.5773503000
          -0.4451703408    -0.3701774514    -0.8153477922
 6,15 474.46074107 273.01410346 -5436.26586197 2 0
   6,11     0.5773503000     0.5773503000    -0.5773503000
          -0.6400434751    -0.1190207006    -0.7590641757
   6,1    -0.5773503000    -0.5773503000     0.5773503000
          -0.6400434752    -0.1190207005    -0.7590641756
 6,16 -261.62209749 330.86299016 -7514.86193678 2 0
   6,18     0.5773503000     0.5773503000     0.5773503000
           0.7859889543    -0.2015107367    -0.5844782175
   6,9    -0.5773503000    -0.5773503000    -0.5773503000
           0.7826294938    -0.1897749082    -0.5928545856
 6,17 -245.07106754 506.38417136 -7547.45331941 2 0
   6,10     0.5773503000     0.5773503000     0.5773503000
           0.7809885218    -0.1842354510    -0.5967530707
   6,18    -0.5773503000    -0.5773503000    -0.5773503000
           0.7822376646    -0.1884413123    -0.5937963522
 6,18 -254.08188655 409.53436029 -7528.88976475 2 0
   6,16    -0.5773503000    -0.5773503000    -0.5773503000
           0.7859889543    -0.2015107367    -0.5844782175
   6,17     0.5773503000     0.5773503000     0.5773503000
           0.7822376646    -0.1884413123    -0.5937963522
 6,19 -249.40446327 658.81438208 -7562.76791031 2 0
   6,10    -0.5773503000    -0.5773503000    -0.5773503000
           0.6314565171     0.1325428650    -0.7639993821
   6,8     0.5773503000     0.5773503000     0.5773503000
           0.6221723679     0.1468179091    -0.7689902770
 6,20 -286.49393864 142.10623111 -7481.05771463 2 0
   6,21     0.5773503000     0.5773503000     0.5773503000
           0.7837635848    -0.1936748743    -0.5900887105
   0,22    -0.5773503000    -0.5773503000    -0.5773503000
           0.7865411388    -0.2034949711    -0.5830461677
 6,21 -275.88059513 205.15105357 -7493.53028174 2 0
   6,20    -0.5773503000    -0.5773503000    -0.5773503000
           0.7837635848    -0.1936748743    -0.5900887105
   6,9     0.5773503000     0.5773503000     0.5773503000
           0.7824218960    -0.1890674778    -0.5933544181
 6,22 115.41108268 -49.27479034 -5417.32134320 2 0
   6,6     0.5773503000     0.5773503000    -0.5773503000
          -0.7990047445     0.5450824659    -0.2539222786
   6,23    -0.5773503000    -0.5773503000     0.5773503000
          -0.7878801638     0.5795031053    -0.2083770585
 6,23 59.05456062 -124.43322669 -5412.63681178 2 0
   6,24    -0.5773503000    -0.5773503000     0.5773503000
           0.6148554820     0.1578297707     0.7726852527
   6,22     0.5773503000     0.5773503000    -0.5773503000
          -0.7878801638     0.5795031053    -0.2083770585
 6,24 3.58425492 -199.21870652 -5407.70892160 2 0
   6,23     0.5773503000     0.5773503000    -0.5773503000
           0.6148554820     0.1578297707     0.7726852527
   5,6    -0.5773503000    -0.5773503000     0.5773503000
          -0.7905395765     0.5721465350    -0.2183930415
 7,0 408.52568908 770.21679210 -4385.06478712 1 1
   7,2    -0.5773503000    -0.5773503000     0.5773503000
          -0.7911941837     0.5702648415    -0.2209293422
 7,1 344.86443137 682.35849146 -4383.86957138 2 0
   7,5    -0.5773503000    -0.5773503000     0.5773503000
          -0.7993533423     0.5438143680    -0.2555389743
   7,2     0.5773503000     0.5773503000    -0.5773503000
          -0.7894343418     0.5752582051    -0.2141761367
 7,2 372.52724151 720.43631157 -4384.64033794 2 0
   7,1    -0.5773503000    -0.5773503000     0.5773503000
          -0.7894343418     0.5752582051    -0.2141761367
   7,0     0.5773503000     0.5773503000    -0.5773503000
          -0.7911941837     0.5702648415    -0.2209293422
 7,3 245.73492610 546.80555313 -4378.94578256 2 0
   7,4     0.5773503000     0.5773503000    -0.5773503000
          -0.0461447178     0.7290489865     0.6829042687
   7,6    -0.5773503000    -0.5773503000     0.5773503000
          -0.2812024269     0.8044490095     0.5232465826
 7,4 275.92352183 587.96502984 -4380.66213083 2 0
   7,3    -0.5773503000    -0.5773503000     0.5773503000
          -0.0461447178     0.7290489865     0.6829042687
   7,5     0.5773503000     0.5773503000    -0.5773503000
          -0.7964242777     0.5540366472    -0.2423876306
 7,5 310.20386622 634.82103920 -4382.42615528 2 0
   7,4    -0.5773503000    -0.5773503000     0.5773503000
          -0.7964242777     0.5540366472    -0.2423876306
   7,1     0.5773503000     0.5773503000    -0.5773503000
          -0.7993533423     0.5438143680    -0.2555389743
 7,6 212.00419305 500.87535800 -4376.94835015 2 0
   7,3     0.5773503000     0.5773503000    -0.5773503000
          -0.2812024269     0.8044490095     0.5232465826
   7,11    -0.5773503000    -0.5773503000     0.5773503000
          -0.7916272185     0.5690035633    -0.2226236552
 7,7 172.31045770 351.77236457 -105.21034388 1 1
   7,10    -0.5773503000    -0.5773503000     0.5773503000
          -0.7897923636     0.5742589896    -0.2155333740
 7,8 172.32056290 351.79441170 -105.20815586 1 1
   7,10     0.5773503000    -0.5773503000    -0.5773503000
           0.7894342988     0.5752583245     0.2141759743
 7,9 172.32049269 351.79452230 -105.20812928 1 1
   7,10    -0.5773503000     0.5773503000     0.5773503000
           0.1844189398     0.7810434419    -0.5966245021
 7,10 169.03614585 348.52866670 -102.21977233 4 0
   7,9     0.5773503000    -0.5773503000    -0.5773503000
           0.1844189398     0.7810434419    -0.5966245021
   7,8    -0.5773503000     0.5773503000     0.5773503000
           0.7894342988     0.5752583245     0.2141759743
   7,12    -0.5773503000    -0.5773503000     0.5773503000
          -0.6619131396     0.7449653218     0.0830521823
   7,7     0.5773503000     0.5773503000    -0.5773503000
          -0.7897923636     0.5742589896    -0.2155333740
 7,11 174.99952859 450.49478652 -4374.58172278 2 0
   7,6     0.5773503000     0.5773503000    -0.5773503000
          -0.7916272185     0.5690035633    -0.2226236552
   7,15    -0.5773503000    -0.5773503000     0.5773503000
          -0.7824670446     0.5932458809    -0.1892211637
 7,12 108.78778578 295.91940426 -108.61729970 2 0
   7,13    -0.5773503000    -0.5773503000     0.5773503000
          -0.6511783421     0.7521745378     0.1009961957
   7,10     0.5773503000     0.5773503000    -0.5773503000
          -0.6619131396     0.7449653218     0.0830521823
 7,13 69.22457416 263.04679205 -110.99020434 2 0
   7,14    -0.5773503000    -0.5773503000     0.5773503000
          -0.5733547502     0.7901138138     0.2167590636
   7,12     0.5773503000     0.5773503000    -0.5773503000
          -0.6511783421     0.7521745378     0.1009961957
 7,14 25.50393698 230.02861056 -112.91114636 2 0
   7,20    -0.5773503000    -0.5773503000     0.5773503000
          -0.5692302266     0.7915497361     0.2223195095
   7,13     0.5773503000     0.5773503000    -0.5773503000
          -0.5733547502     0.7901138138     0.2167590636
 7,15 136.50016725 398.06631095 -4371.80082674 2 0
   7,16    -0.5773503000    -0.5773503000     0.5773503000
          -0.2812024269     0.8044490095     0.5232465826
   7,11     0.5773503000     0.5773503000    -0.5773503000
          -0.7824670446     0.5932458809    -0.1892211637
 7,16 96.41373957 343.48883112 -4368.66702783 2 0
   7,15     0.5773503000     0.5773503000    -0.5773503000
          -0.2812024269     0.8044490095     0.5232465826
   7,17    -0.5773503000    -0.5773503000     0.5773503000
           0.2889212835     0.5168965756     0.8058178591
 7,17 54.23933329 286.14953463 -4365.27008273 2 0
   7,16     0.5773503000     0.5773503000    -0.5773503000
           0.2889212835     0.5168965756     0.8058178591
   7,18    -0.5773503000    -0.5773503000     0.5773503000
           0.8158585732    -0.3799812734     0.4358772997
 7,18 12.98984081 229.98169750 -4361.86377269 2 0
   7,17     0.5773503000     0.5773503000    -0.5773503000
           0.8158585732    -0.3799812734     0.4358772997
   7,25    -0.5773503000    -0.5773503000     0.5773503000
          -0.7954766901     0.5571517278    -0.2383249623
 7,19 -275.36004152 13.29087019 -125.16712985 2 0
   1,15    -0.5773503000    -0.5773503000     0.5773503000
          -0.5770620188     0.7887805170     0.2117184982
   7,21     0.5773503000     0.5773503000    -0.5773503000
          -0.6127801673     0.7736965676     0.1609164002
 7,20 -50.96816503 175.18731950 -115.60913489 2 0
   7,22    -0.5773503000    -0.5773503000     0.5773503000
          -0.5669868142     0.7923101368     0.2253233226
   7,14     0.5773503000     0.5773503000    -0.5773503000
          -0.5692302266     0.7915497361     0.2223195095
 7,21 -233.45769035 44.21690660 -122.89368011 2 0
   7,19    -0.5773503000    -0.5773503000     0.5773503000
          -0.6127801673     0.7736965676     0.1609164002
   7,23     0.5773503000     0.5773503000    -0.5773503000
          -0.5681279395     0.7919251548     0.2237972153
 7,22 -105.41073709 136.52659528 -117.50879671 2 0
   7,20     0.5773503000     0.5773503000    -0.5773503000
          -0.5669868142     0.7923101368     0.2253233226
   7,23    -0.5773503000    -0.5773503000     0.5773503000
          -0.5675874495     0.7921079635     0.2245205140
 7,23 -178.51252848 84.26382103 -120.33152000 2 0
   7,22     0.5773503000     0.5773503000    -0.5773503000
          -0.5675874495     0.7921079635     0.2245205140
   7,21    -0.5773503000    -0.5773503000     0.5773503000
          -0.5681279395     0.7919251548     0.2237972153
 7,24 -262.47416746 -133.81956956 -4340.26093643 2 0
   7,28     0.5773503000     0.5773503000    -0.5773503000
          -0.7827376468     0.5925934049    -0.1901442419
   1,16    -0.5773503000    -0.5773503000     0.5773503000
          -0.7763201044     0.6072383980    -0.1690817064
 7,25 -43.32378259 153.21255615 -4357.09866967 2 0
   7,18     0.5773503000     0.5773503000    -0.5773503000
          -0.7954766901     0.5571517278    -0.2383249623
   7,26    -0.5773503000    -0.5773503000     0.5773503000
          -0.7925081373     0.5663955959    -0.2261125414
 7,26 -86.66452347 93.91027479 -4353.33909507 2 0
   7,25     0.5773503000     0.5773503000    -0.5773503000
          -0.7925081373     0.5663955959    -0.2261125414
   7,29    -0.5773503000    -0.5773503000     0.5773503000
          -0.7923790745     0.5667813065    -0.2255977679
 7,27 -155.04928206 0.60744523 -4347.45608057 2 0
   7,29     0.5773503000     0.5773503000    -0.5773503000
          -0.8051349014     0.5201188989    -0.2850160025
   7,28    -0.5773503000    -0.5773503000     0.5773503000
          -0.7891064487     0.5761661630    -0.2129402857
 7,28 -199.84142448 -58.68252955 -4344.02299743 2 0
   7,27     0.5773503000     0.5773503000    -0.5773503000
          -0.7891064487     0.5761661630    -0.2129402857
   7,24    -0.5773503000    -0.5773503000     0.5773503000
          -0.7827376468     0.5925934049    -0.1901442419
 7,29 -115.85919556 54.06177493 -4350.81346271 2 0
   7,27    -0.5773503000    -0.5773503000     0.5773503000
          -0.8051349014     0.5201188989    -0.2850160025
   7,26     0.5773503000     0.5773503000    -0.5773503000
          -0.7923790745     0.5667813065    -0.2255977679
