#
#	ParaDiS nodal data file
#

#
#	File version number
#

3

#
#	Number of data file segments
#

1

#
#	Minimum coordinate values (x, y, z)
#

-8750.0000     -8750.0000     -8750.0000    

#
#	Maximum coordinate values (x, y, z)
#

8750.0000      8750.0000      8750.0000     

#
#	Node count
#

92          

#
#	Domain geometry (x, y, z)
#

2   2   2  

#
#	Domain decomposition type
#

1

#
#	Domain boundaries (x, y, z)
#

  -8750.0000
      -8750.0000
          -8750.0000
          -4425.0920
           8750.0000
        135.4281
          -8750.0000
          -4296.9756
           8750.0000
       8750.0000
    151.8353
      -8750.0000
          -8750.0000
          -5001.9857
           8750.0000
        224.3590
          -8750.0000
          -3794.9608
           8750.0000
       8750.0000
   8750.0000

#
#	Primary lines: node_tag, x, y, z, num_arms, constraint
#	Secondary lines: arm_tag, burgx, burgy, burgz, nx, ny, nz
#

 0,0 -361.75956220 -720.13806386 -5444.71894123 2 0
   0,9     0.5773503000     0.5773503000    -0.5773503000
           0.7285925213    -0.0451337574     0.6834587639
   0,1    -0.5773503000    -0.5773503000     0.5773503000
          -0.7909968679     0.5708351563    -0.2201617116
 0,1 -401.57347357 -775.22766552 -5444.33422835 1 1
   0,0     0.5773503000     0.5773503000    -0.5773503000
          -0.7909968679     0.5708351563    -0.2201617116
 0,2 -244.34900904 -559.44852810 -5450.29799797 2 0
   0,3     0.5773503000     0.5773503000    -0.5773503000
           0.7176211555    -0.0215200385     0.6961011170
   0,10    -0.5773503000    -0.5773503000     0.5773503000
           0.6080731325     0.1678588662     0.7759319987
 0,3 -205.42331657 -506.34292565 -5452.59879193 2 0
   0,2    -0.5773503000    -0.5773503000     0.5773503000
           0.7176211555    -0.0215200385     0.6961011170
   0,4     0.5773503000     0.5773503000    -0.5773503000
           0.7176211554    -0.0215200383     0.6961011171
 0,4 -170.63378484 -458.86867428 -5454.71714810 2 0
   0,5     0.5773503000     0.5773503000    -0.5773503000
           0.7285925212    -0.0451337574     0.6834587639
   0,3    -0.5773503000    -0.5773503000     0.5773503000
           0.7176211554    -0.0215200383     0.6961011171
 0,5 -135.08808799 -410.38165326 -5456.93138203 2 0
   0,4    -0.5773503000    -0.5773503000     0.5773503000
           0.7285925212    -0.0451337574     0.6834587639
   0,6     0.5773503000     0.5773503000    -0.5773503000
           0.7176211554    -0.0215200383     0.6961011171
 0,6 -101.70980880 -364.90274687 -5459.03373576 2 0
   0,7     0.5773503000     0.5773503000    -0.5773503000
           0.0000000000     0.0000000000     0.0000000000
   0,5    -0.5773503000    -0.5773503000     0.5773503000
           0.7176211554    -0.0215200383     0.6961011171
 0,7 -65.77844509 -315.93897966 -5461.30874722 2 0
   0,6    -0.5773503000    -0.5773503000     0.5773503000
           0.0000000000     0.0000000000     0.0000000000
   0,8     0.5773503000     0.5773503000    -0.5773503000
          -0.7923244928     0.5669440475    -0.2253804453
 0,8 -26.75289627 -262.82568993 -5463.75339960 2 0
   0,23     0.5773503000     0.5773503000    -0.5773503000
          -0.7905395765     0.5721465350    -0.2183930415
   0,7    -0.5773503000    -0.5773503000     0.5773503000
          -0.7923244928     0.5669440475    -0.2253804453
 0,9 -326.55087126 -671.73214270 -5445.89370122 2 0
   0,10     0.5773503000     0.5773503000    -0.5773503000
           0.0000000000     0.0000000000     0.0000000000
   0,0    -0.5773503000    -0.5773503000     0.5773503000
           0.7285925213    -0.0451337574     0.6834587639
 0,10 -286.46459803 -616.90949939 -5447.90282518 2 0
   0,9    -0.5773503000    -0.5773503000     0.5773503000
           0.0000000000     0.0000000000     0.0000000000
   0,2     0.5773503000     0.5773503000    -0.5773503000
           0.6080731325     0.1678588662     0.7759319987
 0,11 -655.73873058 -277.48832588 -7671.74035363 2 0
   0,12     0.5773503000     0.5773503000     0.5773503000
           0.5456929950    -0.7988354388     0.2531424438
   0,15    -0.5773503000    -0.5773503000    -0.5773503000
           0.5650576422    -0.7929525625     0.2278949203
 0,12 -613.32994766 -244.14403373 -7688.83555431 2 0
   0,13     0.5773503000     0.5773503000     0.5773503000
           0.7820607447    -0.5942193083    -0.1878414364
   0,11    -0.5773503000    -0.5773503000    -0.5773503000
           0.5456929950    -0.7988354388     0.2531424438
 0,13 -582.66993025 -205.20552651 -7706.24291337 2 0
   0,16     0.5773503000     0.5773503000     0.5773503000
          -0.4442052658     0.8154080023    -0.3712027366
   0,12    -0.5773503000    -0.5773503000    -0.5773503000
           0.7820607447    -0.5942193083    -0.1878414364
 0,14 -528.47573545 65.49717045 -7780.11378546 2 0
   2,5     0.5773503000     0.5773503000     0.5773503000
           0.7831367675    -0.1915118854    -0.5916248821
   0,19    -0.5773503000    -0.5773503000    -0.5773503000
           0.7836935475    -0.1934322639    -0.5902612836
 0,15 -703.82015401 -303.11123522 -7658.72216173 2 0
   0,11     0.5773503000     0.5773503000     0.5773503000
           0.5650576422    -0.7929525625     0.2278949203
   0,24    -0.5773503000    -0.5773503000    -0.5773503000
           0.1886240179    -0.7822914671     0.5936674493
 0,16 -560.73634162 -161.29834978 -7722.76496336 2 0
   0,17     0.5773503000     0.5773503000     0.5773503000
           0.7865411388    -0.2034949711    -0.5830461677
   0,13    -0.5773503000    -0.5773503000    -0.5773503000
          -0.4442052658     0.8154080023    -0.3712027366
 0,17 -545.89569309 -110.83483763 -7738.13214874 2 0
   0,18     0.5773503000     0.5773503000     0.5773503000
           0.7837635848    -0.1936748743    -0.5900887105
   0,16    -0.5773503000    -0.5773503000    -0.5773503000
           0.7865411388    -0.2034949711    -0.5830461677
 0,18 -536.47640990 -47.76097867 -7753.67886605 2 0
   0,17    -0.5773503000    -0.5773503000    -0.5773503000
           0.7837635848    -0.1936748743    -0.5900887105
   0,19     0.5773503000     0.5773503000     0.5773503000
           0.7835908475    -0.1930769350    -0.5905139125
 0,19 -530.72612013 28.25899594 -7771.07205461 2 0
   0,18    -0.5773503000    -0.5773503000    -0.5773503000
           0.7835908475    -0.1930769350    -0.5905139125
   0,14     0.5773503000     0.5773503000     0.5773503000
           0.7836935475    -0.1934322639    -0.5902612836
 0,20 108.52757059 -79.21268312 -5472.31628717 2 0
   4,4     0.5773503000     0.5773503000    -0.5773503000
          -0.7884482931     0.5779684440    -0.2104798491
   0,21    -0.5773503000    -0.5773503000     0.5773503000
          -0.7899408053     0.5738422649    -0.2160985403
 0,21 73.18585260 -127.08232195 -5470.06890651 2 0
   0,22    -0.5773503000    -0.5773503000     0.5773503000
          -0.7906635206     0.5717925149    -0.2188710057
   0,20     0.5773503000     0.5773503000    -0.5773503000
          -0.7899408053     0.5738422649    -0.2160985403
 0,22 44.40996930 -166.07625724 -5468.23002968 2 0
   0,23    -0.5773503000    -0.5773503000     0.5773503000
           0.6148554820     0.1578297707     0.7726852527
   0,21     0.5773503000     0.5773503000    -0.5773503000
          -0.7906635206     0.5717925149    -0.2188710057
 0,23 12.78537600 -209.07632461 -5466.22257905 2 0
   0,22     0.5773503000     0.5773503000    -0.5773503000
           0.6148554820     0.1578297707     0.7726852527
   0,8    -0.5773503000    -0.5773503000     0.5773503000
          -0.7905395765     0.5721465350    -0.2183930415
 0,24 -797.80199259 -327.01600714 -7654.58140975 1 1
   0,15     0.5773503000     0.5773503000     0.5773503000
           0.1886240179    -0.7822914671     0.5936674493
 1,0 -654.35546056 -471.72733499 -4278.56417098 2 0
   1,2     0.5773503000     0.5773503000    -0.5773503000
          -0.5796906604     0.7878102423     0.2081195819
   1,1    -0.5773503000    -0.5773503000     0.5773503000
          -0.5796906604     0.7878102423     0.2081195819
 1,1 -700.61283275 -505.09602409 -4278.46621045 1 1
   1,0     0.5773503000     0.5773503000    -0.5773503000
          -0.5796906604     0.7878102423     0.2081195819
 1,2 -614.84806420 -442.94236399 -4278.96276828 2 0
   1,0    -0.5773503000    -0.5773503000     0.5773503000
          -0.5796906604     0.7878102423     0.2081195819
   1,3     0.5773503000     0.5773503000    -0.5773503000
          -0.5656677911     0.7927505187     0.2270827276
 1,3 -572.46961559 -411.83835859 -4279.73962649 2 0
   1,2    -0.5773503000    -0.5773503000     0.5773503000
          -0.5656677911     0.7927505187     0.2270827276
   1,4     0.5773503000     0.5773503000    -0.5773503000
          -0.5617497823     0.7940297280     0.2322799457
 1,4 -494.08143737 -353.18300337 -4281.75761138 2 0
   1,3    -0.5773503000    -0.5773503000     0.5773503000
          -0.5617497823     0.7940297280     0.2322799457
   1,5     0.5773503000     0.5773503000    -0.5773503000
          -0.5624570021     0.7938019988     0.2313449967
 1,5 -445.69541626 -315.19711067 -4283.17813796 2 0
   1,4    -0.5773503000    -0.5773503000     0.5773503000
          -0.5624570021     0.7938019988     0.2313449967
   1,6     0.5773503000     0.5773503000    -0.5773503000
          -0.5665858263     0.7924445370     0.2258587107
 1,6 -399.31419644 -275.03920575 -4284.49389023 2 0
   1,7     0.5773503000     0.5773503000    -0.5773503000
          -0.8100957332     0.3166811462    -0.4934145870
   1,5    -0.5773503000    -0.5773503000     0.5773503000
          -0.5665858263     0.7924445370     0.2258587107
 1,7 -357.03313761 -232.79786801 -4285.79188299 2 0
   1,6    -0.5773503000    -0.5773503000     0.5773503000
          -0.8100957332     0.3166811462    -0.4934145870
   1,19     0.5773503000     0.5773503000    -0.5773503000
          -0.7763201044     0.6072383980    -0.1690817064
 1,8 -95.66510086 103.04115577 -4299.43278063 2 0
   2,20     0.5773503000     0.5773503000    -0.5773503000
          -0.7925081373     0.5663955959    -0.2261125414
   1,9    -0.5773503000    -0.5773503000     0.5773503000
          -0.7923790745     0.5667813065    -0.2255977679
 1,9 -125.29988527 62.32893855 -4297.48370536 2 0
   1,8     0.5773503000     0.5773503000    -0.5773503000
          -0.7923790745     0.5667813065    -0.2255977679
   1,24    -0.5773503000    -0.5773503000     0.5773503000
          -0.7922381853     0.5672009248    -0.2250372605
 1,10 -526.77653852 -140.60975800 -191.93362080 2 0
   1,16     0.5773503000     0.5773503000    -0.5773503000
          -0.5664014829     0.7925061706     0.2261046876
   1,14    -0.5773503000    -0.5773503000     0.5773503000
          -0.2115452541     0.7887341590     0.5771889049
 1,11 -822.69242653 -221.57843694 -189.02599769 1 1
   1,13     0.5773503000     0.5773503000    -0.5773503000
          -0.5702604957     0.7911956836     0.2209351880
 1,12 -644.87804950 -177.48709961 -191.41208524 2 0
   1,14     0.5773503000     0.5773503000    -0.5773503000
          -0.1845435599     0.7810807200     0.5965371601
   1,15    -0.5773503000    -0.5773503000     0.5773503000
          -0.1866110974     0.7816965886     0.5950854911
 1,13 -745.15232561 -203.02676315 -189.34861741 2 0
   1,11    -0.5773503000    -0.5773503000     0.5773503000
          -0.5702604957     0.7911956836     0.2209351880
   1,15     0.5773503000     0.5773503000    -0.5773503000
          -0.1843712589     0.7810291742     0.5966579154
 1,14 -587.87911905 -161.37738049 -192.46546173 2 0
   1,12    -0.5773503000    -0.5773503000     0.5773503000
          -0.1845435599     0.7810807200     0.5965371601
   1,10     0.5773503000     0.5773503000    -0.5773503000
          -0.2115452541     0.7887341590     0.5771889049
 1,15 -695.65296890 -190.59619698 -190.15928945 2 0
   1,13    -0.5773503000    -0.5773503000     0.5773503000
          -0.1843712589     0.7810291742     0.5966579154
   1,12     0.5773503000     0.5773503000    -0.5773503000
          -0.1866110974     0.7816965886     0.5950854911
 1,16 -455.14944575 -97.93315110 -183.93220416 2 0
   1,17     0.5773503000     0.5773503000    -0.5773503000
          -0.5704364726     0.7911349024     0.2206984298
   1,10    -0.5773503000    -0.5773503000     0.5773503000
          -0.5664014829     0.7925061706     0.2261046876
 1,17 -388.48638288 -53.58281682 -175.73135335 2 0
   1,18     0.5773503000     0.5773503000    -0.5773503000
          -0.5733175155     0.7901269989     0.2168094833
   1,16    -0.5773503000    -0.5773503000     0.5773503000
          -0.5704364726     0.7911349024     0.2206984298
 1,18 -330.72992935 -14.46338096 -168.79846464 2 0
   1,20     0.5773503000     0.5773503000    -0.5773503000
          -0.5770620188     0.7887805170     0.2117184982
   1,17    -0.5773503000    -0.5773503000     0.5773503000
          -0.5733175155     0.7901269989     0.2168094833
 1,19 -307.33788626 -176.14464226 -4287.75875066 2 0
   1,23     0.5773503000     0.5773503000    -0.5773503000
          -0.7827376468     0.5925934049    -0.1901442419
   1,7    -0.5773503000    -0.5773503000     0.5773503000
          -0.7763201044     0.6072383980    -0.1690817064
 1,20 -258.25491958 35.59777399 -160.21766091 2 0
   1,18    -0.5773503000    -0.5773503000     0.5773503000
          -0.5770620188     0.7887805170     0.2117184982
   1,21     0.5773503000     0.5773503000    -0.5773503000
          -0.6127801673     0.7736965676     0.1609164002
 1,21 -228.92137213 56.31665150 -156.72394541 2 0
   1,20    -0.5773503000    -0.5773503000     0.5773503000
          -0.6127801673     0.7736965676     0.1609164002
   1,22     0.5773503000     0.5773503000    -0.5773503000
          -0.5681279395     0.7919251548     0.2237972153
 1,22 -162.35550234 103.61363068 -148.86875567 2 0
   3,13     0.5773503000     0.5773503000    -0.5773503000
          -0.5675874495     0.7921079635     0.2245205140
   1,21    -0.5773503000    -0.5773503000     0.5773503000
          -0.5681279395     0.7919251548     0.2237972153
 1,23 -252.97533180 -110.18254236 -4290.11024340 2 0
   1,25     0.5773503000     0.5773503000    -0.5773503000
          -0.7891064487     0.5761661630    -0.2129402857
   1,19    -0.5773503000    -0.5773503000     0.5773503000
          -0.7827376468     0.5925934049    -0.1901442419
 1,24 -154.72045127 21.94030081 -4295.60970120 2 0
   1,25    -0.5773503000    -0.5773503000     0.5773503000
          -0.8051349014     0.5201188989    -0.2850160025
   1,9     0.5773503000     0.5773503000    -0.5773503000
          -0.7922381853     0.5672009248    -0.2250372605
 1,25 -198.95361805 -38.66090019 -4292.94749019 2 0
   1,24     0.5773503000     0.5773503000    -0.5773503000
          -0.8051349014     0.5201188989    -0.2850160025
   1,23    -0.5773503000    -0.5773503000     0.5773503000
          -0.7891064487     0.5761661630    -0.2129402857
 2,0 -634.08721475 519.86259273 -7882.91104894 2 0
   2,6    -0.5773503000    -0.5773503000    -0.5773503000
           0.4724969599     0.3404316455    -0.8129286055
   2,42     0.5773503000     0.5773503000     0.5773503000
           0.4724904687     0.3404388800    -0.8129293487
 2,5 -524.86539465 150.61159153 -7801.85182718 2 0
   2,10     0.5773503000     0.5773503000     0.5773503000
           0.7826294938    -0.1897749082    -0.5928545856
   0,14    -0.5773503000    -0.5773503000    -0.5773503000
           0.7831367675    -0.1915118854    -0.5916248821
 2,6 -579.15252926 442.00186272 -7869.96263108 2 0
   2,8    -0.5773503000    -0.5773503000    -0.5773503000
           0.6221723679     0.1468179091    -0.7689902770
   2,0     0.5773503000     0.5773503000     0.5773503000
           0.4724969599     0.3404316455    -0.8129286055
 2,8 -549.88223417 375.84745553 -7858.39559388 2 0
   2,9    -0.5773503000    -0.5773503000    -0.5773503000
           0.6314565171     0.1325428650    -0.7639993821
   2,6     0.5773503000     0.5773503000     0.5773503000
           0.6221723679     0.1468179091    -0.7689902770
 2,9 -527.95786808 308.02104754 -7848.14176876 2 0
   2,8     0.5773503000     0.5773503000     0.5773503000
           0.6314565171     0.1325428650    -0.7639993821
   2,10    -0.5773503000    -0.5773503000    -0.5773503000
           0.7822376646    -0.1884413123    -0.5937963522
 2,10 -523.82975406 215.55604112 -7819.99203191 2 0
   2,5    -0.5773503000    -0.5773503000    -0.5773503000
           0.7826294938    -0.1897749082    -0.5928545856
   2,9     0.5773503000     0.5773503000     0.5773503000
           0.7822376646    -0.1884413123    -0.5937963522
 2,16 127.31084372 407.10366986 -4315.96859241 2 0
   2,17    -0.5773503000    -0.5773503000     0.5773503000
          -0.2812024269     0.8044490095     0.5232465826
   6,23     0.5773503000     0.5773503000    -0.5773503000
          -0.7824670446     0.5932458809    -0.1892211637
 2,17 87.65679003 353.29847931 -4312.65273369 2 0
   2,16     0.5773503000     0.5773503000    -0.5773503000
          -0.2812024269     0.8044490095     0.5232465826
   2,18    -0.5773503000    -0.5773503000     0.5773503000
           0.2889212835     0.5168965756     0.8058178591
 2,18 45.27522343 295.67092311 -4309.32022647 2 0
   2,17     0.5773503000     0.5773503000    -0.5773503000
           0.2889212835     0.5168965756     0.8058178591
   2,19    -0.5773503000    -0.5773503000     0.5773503000
           0.8158585732    -0.3799812734     0.4358772997
 2,19 3.39589527 238.61794646 -4306.22646752 2 0
   2,18     0.5773503000     0.5773503000    -0.5773503000
           0.8158585732    -0.3799812734     0.4358772997
   2,20    -0.5773503000    -0.5773503000     0.5773503000
          -0.7954766901     0.5571517278    -0.2383249623
 2,20 -53.26784395 161.18996080 -4302.27839194 2 0
   2,19     0.5773503000     0.5773503000    -0.5773503000
          -0.7954766901     0.5571517278    -0.2383249623
   1,8    -0.5773503000    -0.5773503000     0.5773503000
          -0.7925081373     0.5663955959    -0.2261125414
 2,42 -670.06457816 547.47946331 -7881.94334399 1 1
   2,0    -0.5773503000    -0.5773503000    -0.5773503000
           0.4724904687     0.3404388800    -0.8129293487
 3,10 118.78643249 306.04223085 -114.38820679 2 0
   3,12    -0.5773503000    -0.5773503000     0.5773503000
          -0.6511783421     0.7521745378     0.1009961957
   7,12     0.5773503000     0.5773503000    -0.5773503000
          -0.6619131396     0.7449653218     0.0830521823
 3,11 31.23380217 238.44327940 -126.73428634 2 0
   3,17    -0.5773503000    -0.5773503000     0.5773503000
          -0.5692302266     0.7915497361     0.2223195095
   3,12     0.5773503000     0.5773503000    -0.5773503000
          -0.5733547502     0.7901138138     0.2167590636
 3,12 77.35510594 272.68401780 -120.69944728 2 0
   3,11    -0.5773503000    -0.5773503000     0.5773503000
          -0.5733547502     0.7901138138     0.2167590636
   3,10     0.5773503000     0.5773503000    -0.5773503000
          -0.6511783421     0.7521745378     0.1009961957
 3,13 -102.25961982 145.55803999 -142.03718444 2 0
   3,17     0.5773503000     0.5773503000    -0.5773503000
          -0.5669868142     0.7923101368     0.2253233226
   1,22    -0.5773503000    -0.5773503000     0.5773503000
          -0.5675874495     0.7921079635     0.2245205140
 3,17 -47.85066831 183.19616397 -135.91980240 2 0
   3,13    -0.5773503000    -0.5773503000     0.5773503000
          -0.5669868142     0.7923101368     0.2253233226
   3,11     0.5773503000     0.5773503000    -0.5773503000
          -0.5692302266     0.7915497361     0.2223195095
 4,0 356.71408679 197.15604213 -5481.23680177 2 0
   4,1    -0.5773503000    -0.5773503000     0.5773503000
          -0.5828151601     0.7866296180     0.2038144579
   6,1     0.5773503000     0.5773503000    -0.5773503000
          -0.5925300238     0.7827638589     0.1902338352
 4,1 304.35465797 153.82565165 -5479.52949779 2 0
   4,2    -0.5773503000    -0.5773503000     0.5773503000
          -0.4383965263     0.8157352396     0.3773387134
   4,0     0.5773503000     0.5773503000    -0.5773503000
          -0.5828151601     0.7866296180     0.2038144579
 4,2 259.41013421 110.54529603 -5478.54793999 2 0
   4,3    -0.5773503000    -0.5773503000     0.5773503000
          -0.7963167729     0.5543944190    -0.2419223540
   4,1     0.5773503000     0.5773503000    -0.5773503000
          -0.4383965263     0.8157352396     0.3773387134
 4,3 216.91130436 62.68855096 -5477.49798227 2 0
   4,2     0.5773503000     0.5773503000    -0.5773503000
          -0.7963167729     0.5543944190    -0.2419223540
   4,4    -0.5773503000    -0.5773503000     0.5773503000
          -0.7990047445     0.5450824659    -0.2539222786
 4,4 166.96226693 -0.88624575 -5475.54008106 2 0
   4,3     0.5773503000     0.5773503000    -0.5773503000
          -0.7990047445     0.5450824659    -0.2539222786
   0,20    -0.5773503000    -0.5773503000     0.5773503000
          -0.7884482931     0.5779684440    -0.2104798491
 6,0 726.10873094 469.72235495 -5490.05929719 1 1
   6,13    -0.5773503000    -0.5773503000     0.5773503000
          -0.5702692256     0.7911926705     0.2209234448
 6,1 404.56177759 233.98162361 -5483.09440529 2 0
   4,0    -0.5773503000    -0.5773503000     0.5773503000
          -0.5925300238     0.7827638589     0.1902338352
   6,7     0.5773503000     0.5773503000    -0.5773503000
          -0.6400434752    -0.1190207005    -0.7590641756
 6,7 474.01668424 285.80392373 -5485.56168202 2 0
   6,11     0.5773503000     0.5773503000    -0.5773503000
          -0.6400434751    -0.1190207006    -0.7590641757
   6,1    -0.5773503000    -0.5773503000     0.5773503000
          -0.6400434752    -0.1190207005    -0.7590641756
 6,11 522.12235822 321.24778541 -5487.03106353 2 0
   6,7    -0.5773503000    -0.5773503000     0.5773503000
          -0.6400434751    -0.1190207006    -0.7590641757
   6,12     0.5773503000     0.5773503000    -0.5773503000
          -0.5627120855     0.7937195188     0.2310074333
 6,12 577.32948121 361.69030704 -5488.46198020 2 0
   6,14     0.5773503000     0.5773503000    -0.5773503000
          -0.4451703408    -0.3701774514    -0.8153477922
   6,11    -0.5773503000    -0.5773503000     0.5773503000
          -0.5627120855     0.7937195188     0.2310074333
 6,13 674.64163158 432.60048652 -5489.96726452 2 0
   6,14    -0.5773503000    -0.5773503000     0.5773503000
           0.0000000000     0.0000000000     0.0000000000
   6,0     0.5773503000     0.5773503000    -0.5773503000
          -0.5702692256     0.7911926705     0.2209234448
 6,14 629.61455637 399.84961481 -5489.48129583 2 0
   6,13     0.5773503000     0.5773503000    -0.5773503000
           0.0000000000     0.0000000000     0.0000000000
   6,12    -0.5773503000    -0.5773503000     0.5773503000
          -0.4451703408    -0.3701774514    -0.8153477922
 6,16 335.54553141 690.78914557 -4328.92034167 2 0
   6,19    -0.5773503000    -0.5773503000     0.5773503000
          -0.7993533423     0.5438143680    -0.2555389743
   6,17     0.5773503000     0.5773503000    -0.5773503000
          -0.7894343418     0.5752582051    -0.2141761367
 6,17 363.01242005 728.62336600 -4329.61352237 2 0
   6,16    -0.5773503000    -0.5773503000     0.5773503000
          -0.7894343418     0.5752582051    -0.2141761367
   6,18     0.5773503000     0.5773503000    -0.5773503000
          -0.7911941837     0.5702648415    -0.2209293422
 6,18 398.36447662 777.54057966 -4329.95164240 1 1
   6,17    -0.5773503000    -0.5773503000     0.5773503000
          -0.7911941837     0.5702648415    -0.2209293422
 6,19 302.18766838 645.01661487 -4327.61021746 2 0
   6,20    -0.5773503000    -0.5773503000     0.5773503000
          -0.7964242777     0.5540366472    -0.2423876306
   6,16     0.5773503000     0.5773503000    -0.5773503000
          -0.7993533423     0.5438143680    -0.2555389743
 6,20 267.69427046 597.83372986 -4325.87825613 2 0
   6,21    -0.5773503000    -0.5773503000     0.5773503000
          -0.0461447178     0.7290489865     0.6829042687
   6,19     0.5773503000     0.5773503000    -0.5773503000
          -0.7964242777     0.5540366472    -0.2423876306
 6,21 236.68904796 555.53076441 -4324.07092702 2 0
   6,20     0.5773503000     0.5773503000    -0.5773503000
          -0.0461447178     0.7290489865     0.6829042687
   6,22    -0.5773503000    -0.5773503000     0.5773503000
          -0.2812024269     0.8044490095     0.5232465826
 6,22 203.02023168 509.72613230 -4321.86773354 2 0
   6,21     0.5773503000     0.5773503000    -0.5773503000
          -0.2812024269     0.8044490095     0.5232465826
   6,23    -0.5773503000    -0.5773503000     0.5773503000
          -0.7916272185     0.5690035633    -0.2226236552
 6,23 165.91491013 459.39429156 -4319.13241961 2 0
   6,22     0.5773503000     0.5773503000    -0.5773503000
          -0.7916272185     0.5690035633    -0.2226236552
   2,16    -0.5773503000    -0.5773503000     0.5773503000
          -0.7824670446     0.5932458809    -0.1892211637
 7,12 161.71467527 342.30523951 -108.10905081 4 0
   7,15     0.5773503000    -0.5773503000    -0.5773503000
           0.1844189398     0.7810434419    -0.5966245021
   7,14    -0.5773503000     0.5773503000     0.5773503000
           0.7894342988     0.5752583245     0.2141759743
   3,10    -0.5773503000    -0.5773503000     0.5773503000
          -0.6619131396     0.7449653218     0.0830521823
   7,13     0.5773503000     0.5773503000    -0.5773503000
          -0.7897923636     0.5742589896    -0.2155333740
 7,13 163.52069413 343.52072962 -105.56785530 1 1
   7,12    -0.5773503000    -0.5773503000     0.5773503000
          -0.7897923636     0.5742589896    -0.2155333740
 7,14 163.52829130 343.52060619 -105.57930030 1 1
   7,12     0.5773503000    -0.5773503000    -0.5773503000
           0.7894342988     0.5752583245     0.2141759743
 7,15 163.52825494 343.52058879 -105.57927953 1 1
   7,12    -0.5773503000     0.5773503000     0.5773503000
           0.1844189398     0.7810434419    -0.5966245021
