#
#	ParaDiS nodal data file
#

#
#	File version number
#

3

#
#	Number of data file segments
#

1

#
#	Minimum coordinate values (x, y, z)
#

-8750.0000     -8750.0000     -8750.0000    

#
#	Maximum coordinate values (x, y, z)
#

8750.0000      8750.0000      8750.0000     

#
#	Node count
#

111         

#
#	Domain geometry (x, y, z)
#

2   2   2  

#
#	Domain decomposition type
#

1

#
#	Domain boundaries (x, y, z)
#

  -8750.0000
      -8750.0000
          -8750.0000
          -4452.1564
           8750.0000
        224.3590
          -8750.0000
          -7009.8767
           8750.0000
       8750.0000
    145.5843
      -8750.0000
          -8750.0000
          -4800.8030
           8750.0000
       -224.4784
          -8750.0000
          -3747.0086
           8750.0000
       8750.0000
   8750.0000

#
#	Primary lines: node_tag, x, y, z, num_arms, constraint
#	Secondary lines: arm_tag, burgx, burgy, burgz, nx, ny, nz
#

 0,0 -72.75534556 -309.58612356 -5420.03241727 2 0
   0,9    -0.5773503000    -0.5773503000     0.5773503000
           0.0000000000     0.0000000000     0.0000000000
   0,1     0.5773503000     0.5773503000    -0.5773503000
          -0.7923244928     0.5669440475    -0.2253804453
 0,1 -33.26231406 -256.10424403 -5423.02513490 2 0
   0,27     0.5773503000     0.5773503000    -0.5773503000
          -0.7905395765     0.5721465350    -0.2183930415
   0,0    -0.5773503000    -0.5773503000     0.5773503000
          -0.7923244928     0.5669440475    -0.2253804453
 0,2 -292.95326377 -609.05593643 -5404.47024646 2 0
   0,12    -0.5773503000    -0.5773503000     0.5773503000
           0.0000000000     0.0000000000     0.0000000000
   0,6     0.5773503000     0.5773503000    -0.5773503000
           0.6080731325     0.1678588662     0.7759319987
 0,3 -141.91620938 -403.43758697 -5414.75801011 2 0
   0,4    -0.5773503000    -0.5773503000     0.5773503000
           0.7285925212    -0.0451337574     0.6834587639
   0,9     0.5773503000     0.5773503000    -0.5773503000
           0.7176211554    -0.0215200383     0.6961011171
 0,4 -177.48738850 -451.76469102 -5412.11223966 2 0
   0,3     0.5773503000     0.5773503000    -0.5773503000
           0.7285925212    -0.0451337574     0.6834587639
   0,5    -0.5773503000    -0.5773503000     0.5773503000
           0.7176211554    -0.0215200383     0.6961011171
 0,5 -212.32189035 -499.17352692 -5409.61525700 2 0
   0,6    -0.5773503000    -0.5773503000     0.5773503000
           0.7176211555    -0.0215200385     0.6961011170
   0,4     0.5773503000     0.5773503000    -0.5773503000
           0.7176211554    -0.0215200383     0.6961011171
 0,6 -251.31977227 -552.30181118 -5406.99439320 2 0
   0,5     0.5773503000     0.5773503000    -0.5773503000
           0.7176211555    -0.0215200385     0.6961011170
   0,2    -0.5773503000    -0.5773503000     0.5773503000
           0.6080731325     0.1678588662     0.7759319987
 0,7 -369.46839199 -713.87269864 -5401.08684762 2 0
   0,12     0.5773503000     0.5773503000    -0.5773503000
           0.7285925213    -0.0451337574     0.6834587639
   0,8    -0.5773503000    -0.5773503000     0.5773503000
          -0.7909968679     0.5708351563    -0.2201617116
 0,8 -409.62568730 -769.42395824 -5400.66416173 1 1
   0,7     0.5773503000     0.5773503000    -0.5773503000
          -0.7909968679     0.5708351563    -0.2201617116
 0,9 -108.37586609 -357.93153823 -5417.30288972 2 0
   0,0     0.5773503000     0.5773503000    -0.5773503000
           0.0000000000     0.0000000000     0.0000000000
   0,3    -0.5773503000    -0.5773503000     0.5773503000
           0.7176211554    -0.0215200383     0.6961011171
 0,10 -450.84133110 -76.76080209 -7467.30345477 2 0
   0,11     0.5773503000     0.5773503000     0.5773503000
           0.5456929950    -0.7988354388     0.2531424438
   0,15    -0.5773503000    -0.5773503000    -0.5773503000
           0.5650576422    -0.7929525625     0.2278949203
 0,11 -409.29903969 -45.34818693 -7487.77353970 2 0
   0,16     0.5773503000     0.5773503000     0.5773503000
           0.7820607447    -0.5942193083    -0.1878414364
   0,10    -0.5773503000    -0.5773503000    -0.5773503000
           0.5456929950    -0.7988354388     0.2531424438
 0,12 -333.21292224 -664.06081267 -5402.38074507 2 0
   0,2     0.5773503000     0.5773503000    -0.5773503000
           0.0000000000     0.0000000000     0.0000000000
   0,7    -0.5773503000    -0.5773503000     0.5773503000
           0.7285925213    -0.0451337574     0.6834587639
 0,13 -545.20440983 -114.94428559 -7438.68370717 2 0
   0,14    -0.5773503000    -0.5773503000    -0.5773503000
           0.1849046073    -0.7811886209     0.5962840135
   0,15     0.5773503000     0.5773503000     0.5773503000
          -0.2785771078    -0.5253888838     0.8039659917
 0,14 -601.35026328 -127.86969954 -7429.78957273 2 0
   0,13     0.5773503000     0.5773503000     0.5773503000
           0.1849046073    -0.7811886209     0.5962840135
   0,23    -0.5773503000    -0.5773503000    -0.5773503000
           0.1886240179    -0.7822914671     0.5936674493
 0,15 -496.16365584 -98.87906623 -7450.98408944 2 0
   0,13    -0.5773503000    -0.5773503000    -0.5773503000
          -0.2785771078    -0.5253888838     0.8039659917
   0,10     0.5773503000     0.5773503000     0.5773503000
           0.5650576422    -0.7929525625     0.2278949203
 0,16 -380.77597801 -7.92441240 -7507.06194167 2 0
   0,17     0.5773503000     0.5773503000     0.5773503000
          -0.4442052658     0.8154080023    -0.3712027366
   0,11    -0.5773503000    -0.5773503000    -0.5773503000
           0.7820607447    -0.5942193083    -0.1878414364
 0,17 -360.06250259 34.95297218 -7524.60353437 2 0
   0,18     0.5773503000     0.5773503000     0.5773503000
           0.7865411388    -0.2034949711    -0.5830461677
   0,16    -0.5773503000    -0.5773503000    -0.5773503000
          -0.4442052658     0.8154080023    -0.3712027366
 0,18 -345.86861885 84.54054188 -7539.73639967 2 0
   0,20     0.5773503000     0.5773503000     0.5773503000
           0.7837635848    -0.1936748743    -0.5900887105
   0,17    -0.5773503000    -0.5773503000    -0.5773503000
           0.7865411388    -0.2034949711    -0.5830461677
 0,19 -327.73136000 221.58523283 -7566.80267286 2 0
   0,20    -0.5773503000    -0.5773503000    -0.5773503000
           0.7824218960    -0.1890674778    -0.5933544181
   2,15     0.5773503000     0.5773503000     0.5773503000
           0.7831367675    -0.1915118854    -0.5916248821
 0,20 -335.98372239 147.10583611 -7553.45992804 2 0
   0,18    -0.5773503000    -0.5773503000    -0.5773503000
           0.7837635848    -0.1936748743    -0.5900887105
   0,19     0.5773503000     0.5773503000     0.5773503000
           0.7824218960    -0.1890674778    -0.5933544181
 0,21 -801.04966655 -169.13013915 -7417.58310178 2 0
   0,22    -0.5773503000    -0.5773503000    -0.5773503000
           0.5702569561    -0.7911969052     0.2209399491
   0,24     0.5773503000     0.5773503000     0.5773503000
           0.1843600504    -0.7810258199     0.5966657695
 0,22 -833.31486281 -176.58107480 -7417.36103227 1 1
   0,21     0.5773503000     0.5773503000     0.5773503000
           0.5702569561    -0.7911969052     0.2209399491
 0,23 -679.91057636 -143.30280079 -7422.63363062 2 0
   0,24    -0.5773503000    -0.5773503000    -0.5773503000
           0.1962381182    -0.7844993842     0.5882612660
   0,14     0.5773503000     0.5773503000     0.5773503000
           0.1886240179    -0.7822914671     0.5936674493
 0,24 -731.18965445 -153.81087645 -7419.78242356 2 0
   0,21    -0.5773503000    -0.5773503000    -0.5773503000
           0.1843600504    -0.7810258199     0.5966657695
   0,23     0.5773503000     0.5773503000     0.5773503000
           0.1962381182    -0.7844993842     0.5882612660
 0,25 130.87283728 -34.78352373 -5434.85227990 2 0
   6,19     0.5773503000     0.5773503000    -0.5773503000
          -0.7990047445     0.5450824659    -0.2539222786
   0,26    -0.5773503000    -0.5773503000     0.5773503000
          -0.7884482931     0.5779684440    -0.2104798491
 0,26 93.98196283 -84.15069762 -5432.44888477 2 0
   0,25     0.5773503000     0.5773503000    -0.5773503000
          -0.7884482931     0.5779684440    -0.2104798491
   0,28    -0.5773503000    -0.5773503000     0.5773503000
          -0.7906635206     0.5717925149    -0.2188710057
 0,27 6.39410380 -202.39870642 -5426.01931986 2 0
   0,28     0.5773503000     0.5773503000    -0.5773503000
           0.6148554820     0.1578297707     0.7726852527
   0,1    -0.5773503000    -0.5773503000     0.5773503000
          -0.7905395765     0.5721465350    -0.2183930415
 0,28 36.09067635 -162.18906201 -5428.25302018 2 0
   0,27    -0.5773503000    -0.5773503000     0.5773503000
           0.6148554820     0.1578297707     0.7726852527
   0,26     0.5773503000     0.5773503000    -0.5773503000
          -0.7906635206     0.5717925149    -0.2188710057
 1,0 -818.04763820 -241.25407605 -161.99750684 1 1
   1,12     0.5773503000     0.5773503000    -0.5773503000
          -0.5702604957     0.7911956836     0.2209351880
 1,1 -657.67108598 -464.93338044 -4312.28373552 2 0
   1,3     0.5773503000     0.5773503000    -0.5773503000
          -0.5796906604     0.7878102423     0.2081195819
   1,2    -0.5773503000    -0.5773503000     0.5773503000
          -0.5796906604     0.7878102423     0.2081195819
 1,2 -704.96805337 -499.05347826 -4312.17723099 1 1
   1,1     0.5773503000     0.5773503000    -0.5773503000
          -0.5796906604     0.7878102423     0.2081195819
 1,3 -617.67393901 -435.90044125 -4312.74952257 2 0
   1,1    -0.5773503000    -0.5773503000     0.5773503000
          -0.5796906604     0.7878102423     0.2081195819
   1,4     0.5773503000     0.5773503000    -0.5773503000
          -0.5656677911     0.7927505187     0.2270827276
 1,4 -570.39135443 -401.36328161 -4313.75116030 2 0
   1,5     0.5773503000     0.5773503000    -0.5773503000
          -0.5796906604     0.7878102423     0.2081195819
   1,3    -0.5773503000    -0.5773503000     0.5773503000
          -0.5656677911     0.7927505187     0.2270827276
 1,5 -518.27693818 -362.97956599 -4315.26784105 2 0
   1,4    -0.5773503000    -0.5773503000     0.5773503000
          -0.5796906604     0.7878102423     0.2081195819
   1,6     0.5773503000     0.5773503000    -0.5773503000
          -0.5617497823     0.7940297280     0.2322799457
 1,6 -465.60872772 -323.63108817 -4317.11886619 2 0
   1,5    -0.5773503000    -0.5773503000     0.5773503000
          -0.5617497823     0.7940297280     0.2322799457
   1,7     0.5773503000     0.5773503000    -0.5773503000
          -0.5624570021     0.7938019988     0.2313449967
 1,7 -408.92324246 -279.72311620 -4319.31231673 2 0
   1,6    -0.5773503000    -0.5773503000     0.5773503000
          -0.5624570021     0.7938019988     0.2313449967
   1,8     0.5773503000     0.5773503000    -0.5773503000
          -0.5665858263     0.7924445370     0.2258587107
 1,8 -361.68453956 -239.32564654 -4321.05606380 2 0
   1,17     0.5773503000     0.5773503000    -0.5773503000
          -0.8100957332     0.3166811462    -0.4934145870
   1,7    -0.5773503000    -0.5773503000     0.5773503000
          -0.5665858263     0.7924445370     0.2258587107
 1,9 -613.46755998 -188.63629374 -165.87492039 2 0
   1,10    -0.5773503000    -0.5773503000     0.5773503000
          -0.1845435599     0.7810807200     0.5965371601
   1,11     0.5773503000     0.5773503000    -0.5773503000
          -0.2115452541     0.7887341590     0.5771889049
 1,10 -659.32527371 -201.68433857 -164.60526081 2 0
   1,9     0.5773503000     0.5773503000    -0.5773503000
          -0.1845435599     0.7810807200     0.5965371601
   1,12    -0.5773503000    -0.5773503000     0.5773503000
          -0.1843712589     0.7810291742     0.5966579154
 1,11 -554.22586640 -169.92402846 -167.03262902 2 0
   1,13     0.5773503000     0.5773503000    -0.5773503000
          -0.5664014829     0.7925061706     0.2261046876
   1,9    -0.5773503000    -0.5773503000     0.5773503000
          -0.2115452541     0.7887341590     0.5771889049
 1,12 -744.25458424 -223.52054381 -162.40698925 2 0
   1,0    -0.5773503000    -0.5773503000     0.5773503000
          -0.5702604957     0.7911956836     0.2209351880
   1,10     0.5773503000     0.5773503000    -0.5773503000
          -0.1843712589     0.7810291742     0.5966579154
 1,13 -479.58351266 -123.07813889 -159.44596372 2 0
   1,14     0.5773503000     0.5773503000    -0.5773503000
          -0.5704364726     0.7911349024     0.2206984298
   1,11    -0.5773503000    -0.5773503000     0.5773503000
          -0.5664014829     0.7925061706     0.2261046876
 1,14 -449.86223707 -103.13339340 -156.41776707 2 0
   1,15     0.5773503000     0.5773503000    -0.5773503000
          -0.5735935891     0.7900291424     0.2164355533
   1,13    -0.5773503000    -0.5773503000     0.5773503000
          -0.5704364726     0.7911349024     0.2206984298
 1,15 -395.13826008 -65.69419521 -151.08199229 2 0
   1,14    -0.5773503000    -0.5773503000     0.5773503000
          -0.5735935891     0.7900291424     0.2164355533
   1,16     0.5773503000     0.5773503000    -0.5773503000
          -0.5733175155     0.7901269989     0.2168094833
 1,16 -343.86873685 -30.39295357 -146.39160974 2 0
   1,20     0.5773503000     0.5773503000    -0.5773503000
          -0.5770620188     0.7887805170     0.2117184982
   1,15    -0.5773503000    -0.5773503000     0.5773503000
          -0.5733175155     0.7901269989     0.2168094833
 1,17 -322.40152433 -200.02843323 -4322.43763742 2 0
   1,8    -0.5773503000    -0.5773503000     0.5773503000
          -0.8100957332     0.3166811462    -0.4934145870
   1,24     0.5773503000     0.5773503000    -0.5773503000
          -0.7763201044     0.6072383980    -0.1690817064
 1,18 -49.78649088 178.36615878 -123.85949091 2 0
   1,22    -0.5773503000    -0.5773503000     0.5773503000
          -0.5669868142     0.7923101368     0.2253233226
   3,10     0.5773503000     0.5773503000    -0.5773503000
          -0.5692302266     0.7915497361     0.2223195095
 1,19 -171.35580819 92.62591516 -132.12846093 2 0
   1,22     0.5773503000     0.5773503000    -0.5773503000
          -0.5675874495     0.7921079635     0.2245205140
   1,21    -0.5773503000    -0.5773503000     0.5773503000
          -0.5681279395     0.7919251548     0.2237972153
 1,20 -266.02832244 24.12850545 -139.70455608 2 0
   1,16    -0.5773503000    -0.5773503000     0.5773503000
          -0.5770620188     0.7887805170     0.2117184982
   1,21     0.5773503000     0.5773503000    -0.5773503000
          -0.6127801673     0.7736965676     0.1609164002
 1,21 -229.67219607 50.53595355 -136.65486843 2 0
   1,20    -0.5773503000    -0.5773503000     0.5773503000
          -0.6127801673     0.7736965676     0.1609164002
   1,19     0.5773503000     0.5773503000    -0.5773503000
          -0.5681279395     0.7919251548     0.2237972153
 1,22 -104.45325619 139.97072935 -127.47263009 2 0
   1,18     0.5773503000     0.5773503000    -0.5773503000
          -0.5669868142     0.7923101368     0.2253233226
   1,19    -0.5773503000    -0.5773503000     0.5773503000
          -0.5675874495     0.7921079635     0.2245205140
 1,23 -46.88530995 155.63605674 -4338.59704233 2 0
   3,15     0.5773503000     0.5773503000    -0.5773503000
          -0.7954766901     0.5571517278    -0.2383249623
   1,25    -0.5773503000    -0.5773503000     0.5773503000
          -0.7925081373     0.5663955959    -0.2261125414
 1,24 -275.24432507 -145.70848592 -4324.37929892 2 0
   1,28     0.5773503000     0.5773503000    -0.5773503000
          -0.7827376468     0.5925934049    -0.1901442419
   1,17    -0.5773503000    -0.5773503000     0.5773503000
          -0.7763201044     0.6072383980    -0.1690817064
 1,25 -89.68308778 96.92913167 -4335.41252107 2 0
   1,23     0.5773503000     0.5773503000    -0.5773503000
          -0.7925081373     0.5663955959    -0.2261125414
   1,26    -0.5773503000    -0.5773503000     0.5773503000
          -0.7923790745     0.5667813065    -0.2255977679
 1,26 -118.83701278 56.94523273 -4333.29671721 2 0
   1,27    -0.5773503000    -0.5773503000     0.5773503000
          -0.8051349014     0.5201188989    -0.2850160025
   1,25     0.5773503000     0.5773503000    -0.5773503000
          -0.7923790745     0.5667813065    -0.2255977679
 1,27 -168.87587533 -11.59522783 -4329.82527181 2 0
   1,26     0.5773503000     0.5773503000    -0.5773503000
          -0.8051349014     0.5201188989    -0.2850160025
   1,28    -0.5773503000    -0.5773503000     0.5773503000
          -0.7891064487     0.5761661630    -0.2129402857
 1,28 -216.97942433 -75.41209765 -4326.94897503 2 0
   1,27     0.5773503000     0.5773503000    -0.5773503000
          -0.7891064487     0.5761661630    -0.2129402857
   1,24    -0.5773503000    -0.5773503000     0.5773503000
          -0.7827376468     0.5925934049    -0.1901442419
 2,13 -350.11162109 792.34985771 -7619.32751167 1 1
   2,17    -0.5773503000    -0.5773503000    -0.5773503000
           0.6221584271     0.1468390855    -0.7689975127
 2,15 -323.93292115 256.90128875 -7573.07974359 2 0
   2,18     0.5773503000     0.5773503000     0.5773503000
           0.7826294938    -0.1897749082    -0.5928545856
   0,19    -0.5773503000    -0.5773503000    -0.5773503000
           0.7831367675    -0.1915118854    -0.5916248821
 2,16 -325.17201399 676.82081603 -7620.94442008 2 0
   2,22    -0.5773503000    -0.5773503000    -0.5773503000
           0.6221723679     0.1468179091    -0.7689902770
   2,17     0.5773503000     0.5773503000     0.5773503000
           0.6260171425     0.1409483682    -0.7669655108
 2,17 -333.62446133 718.41875926 -7620.10583272 2 0
   2,13     0.5773503000     0.5773503000     0.5773503000
           0.6221584271     0.1468390855    -0.7689975127
   2,16    -0.5773503000    -0.5773503000    -0.5773503000
           0.6260171425     0.1409483682    -0.7669655108
 2,18 -317.68408891 320.50439085 -7584.38054940 2 0
   2,19     0.5773503000     0.5773503000     0.5773503000
           0.7859889543    -0.2015107367    -0.5844782175
   2,15    -0.5773503000    -0.5773503000    -0.5773503000
           0.7826294938    -0.1897749082    -0.5928545856
 2,19 -311.84505669 383.87809412 -7596.11219436 2 0
   2,18    -0.5773503000    -0.5773503000    -0.5773503000
           0.7859889543    -0.2015107367    -0.5844782175
   2,20     0.5773503000     0.5773503000     0.5773503000
           0.7822376646    -0.1884413123    -0.5937963522
 2,20 -305.97135269 448.71385720 -7608.68664557 2 0
   2,21     0.5773503000     0.5773503000     0.5773503000
           0.7809885218    -0.1842354510    -0.5967530707
   2,19    -0.5773503000    -0.5773503000    -0.5773503000
           0.7822376646    -0.1884413123    -0.5937963522
 2,21 -300.43745961 534.26057027 -7624.33471734 2 0
   2,20    -0.5773503000    -0.5773503000    -0.5773503000
           0.7809885218    -0.1842354510    -0.5967530707
   2,22     0.5773503000     0.5773503000     0.5773503000
           0.6314565171     0.1325428650    -0.7639993821
 2,22 -311.55825374 604.69917849 -7623.06170234 2 0
   2,21    -0.5773503000    -0.5773503000    -0.5773503000
           0.6314565171     0.1325428650    -0.7639993821
   2,16     0.5773503000     0.5773503000     0.5773503000
           0.6221723679     0.1468179091    -0.7689902770
 3,9 72.93925246 267.24155103 -115.22108878 2 0
   3,10    -0.5773503000    -0.5773503000     0.5773503000
          -0.5733547502     0.7901138138     0.2167590636
   3,11     0.5773503000     0.5773503000    -0.5773503000
          -0.6511783421     0.7521745378     0.1009961957
 3,10 28.63679037 234.00443652 -118.63185073 2 0
   1,18    -0.5773503000    -0.5773503000     0.5773503000
          -0.5692302266     0.7915497361     0.2223195095
   3,9     0.5773503000     0.5773503000    -0.5773503000
          -0.5733547502     0.7901138138     0.2167590636
 3,11 113.31230381 300.41565519 -111.36395867 2 0
   3,9    -0.5773503000    -0.5773503000     0.5773503000
          -0.6511783421     0.7521745378     0.1009961957
   7,8     0.5773503000     0.5773503000    -0.5773503000
          -0.6619131396     0.7449653218     0.0830521823
 3,12 133.48794007 401.08878626 -4353.39279761 2 0
   3,13    -0.5773503000    -0.5773503000     0.5773503000
          -0.2812024269     0.8044490095     0.5232465826
   6,4     0.5773503000     0.5773503000    -0.5773503000
          -0.7824670446     0.5932458809    -0.1892211637
 3,13 93.49526388 346.76394918 -4350.00633223 2 0
   3,12     0.5773503000     0.5773503000    -0.5773503000
          -0.2812024269     0.8044490095     0.5232465826
   3,14    -0.5773503000    -0.5773503000     0.5773503000
           0.2889212835     0.5168965756     0.8058178591
 3,14 51.15460934 289.28311359 -4346.39563416 2 0
   3,13     0.5773503000     0.5773503000    -0.5773503000
           0.2889212835     0.5168965756     0.8058178591
   3,15    -0.5773503000    -0.5773503000     0.5773503000
           0.8158585732    -0.3799812734     0.4358772997
 3,15 9.81411495 233.03626622 -4342.98944435 2 0
   3,14     0.5773503000     0.5773503000    -0.5773503000
           0.8158585732    -0.3799812734     0.4358772997
   1,23    -0.5773503000    -0.5773503000     0.5773503000
          -0.7954766901     0.5571517278    -0.2383249623
 4,0 677.23910843 -309.63926775 -8549.81173665 2 0
   4,13    -0.5773503000     0.5773503000    -0.5773503000
          -0.7226500312    -0.0321856844     0.6904643468
   4,9     0.5773503000    -0.5773503000     0.5773503000
          -0.2740919346     0.5290285094     0.8031204440
 4,1 694.85713559 -325.92907540 -8258.02844446 2 0
   4,10     0.5773503000    -0.5773503000     0.5773503000
           0.7148505693     0.6990998340    -0.0157507353
   4,3    -0.5773503000     0.5773503000    -0.5773503000
           0.7105508787     0.7036116083    -0.0069392704
 4,2 756.57259037 -316.33013811 -8021.55313062 2 0
   4,22    -0.5773503000     0.5773503000    -0.5773503000
           0.7068624610     0.7073508484     0.0004883875
   4,16     0.5773503000    -0.5773503000     0.5773503000
          -0.1841722219    -0.7809695877    -0.5967973658
 4,3 690.34296081 -321.95772143 -8319.94116270 2 0
   4,14    -0.5773503000     0.5773503000    -0.5773503000
           0.7133500095     0.7006936423    -0.0126563672
   4,1     0.5773503000    -0.5773503000     0.5773503000
           0.7105508787     0.7036116083    -0.0069392704
 4,7 672.71747855 -305.10319578 -8750.00000000 1 1
   4,8     0.5773503000    -0.5773503000     0.5773503000
           0.7069372599     0.7072761806     0.0003389207
 4,8 673.27829176 -305.66357508 -8681.40328367 2 0
   4,13     0.5773503000    -0.5773503000     0.5773503000
           0.7061353370     0.7080742380     0.0019389011
   4,7    -0.5773503000     0.5773503000    -0.5773503000
           0.7069372599     0.7072761806     0.0003389207
 4,9 680.84006023 -313.15039407 -8473.82940049 2 0
   4,0    -0.5773503000     0.5773503000    -0.5773503000
          -0.2740919346     0.5290285094     0.8031204440
   4,11     0.5773503000    -0.5773503000     0.5773503000
           0.7085325478     0.7056723375    -0.0028602103
 4,10 702.60829105 -331.26375131 -8167.84854653 2 0
   4,22     0.5773503000    -0.5773503000     0.5773503000
          -0.2740919346     0.5290285094     0.8031204440
   4,1    -0.5773503000     0.5773503000    -0.5773503000
           0.7148505693     0.6990998340    -0.0157507353
 4,11 683.63229093 -315.78693223 -8423.91744430 2 0
   4,14     0.5773503000    -0.5773503000     0.5773503000
           0.7088280321     0.7053728679    -0.0034551642
   4,9    -0.5773503000     0.5773503000    -0.5773503000
           0.7085325478     0.7056723375    -0.0028602103
 4,13 674.79422947 -307.20636243 -8616.84414258 2 0
   4,0     0.5773503000    -0.5773503000     0.5773503000
          -0.7226500312    -0.0321856844     0.6904643468
   4,8    -0.5773503000     0.5773503000    -0.5773503000
           0.7061353370     0.7080742380     0.0019389011
 4,14 687.17939541 -319.17551363 -8365.99021842 2 0
   4,11    -0.5773503000     0.5773503000    -0.5773503000
           0.7088280321     0.7053728679    -0.0034551642
   4,3     0.5773503000    -0.5773503000     0.5773503000
           0.7133500095     0.7006936423    -0.0126563672
 4,16 798.05356561 -325.95032669 -8021.69315618 1 1
   4,2    -0.5773503000     0.5773503000    -0.5773503000
          -0.1841722219    -0.7809695877    -0.5967973658
 4,22 716.42358111 -331.35677702 -8078.36458929 2 0
   4,10    -0.5773503000     0.5773503000    -0.5773503000
          -0.2740919346     0.5290285094     0.8031204440
   4,2     0.5773503000    -0.5773503000     0.5773503000
           0.7068624610     0.7073508484     0.0004883875
 6,0 730.68824192 463.36862286 -5454.80083683 1 1
   6,13    -0.5773503000    -0.5773503000     0.5773503000
          -0.5702692256     0.7911926705     0.2209234448
 6,1 341.85911453 684.93411758 -4366.52486504 2 0
   6,15    -0.5773503000    -0.5773503000     0.5773503000
          -0.7993533423     0.5438143680    -0.2555389743
   6,2     0.5773503000     0.5773503000    -0.5773503000
          -0.7894343418     0.5752582051    -0.2141761367
 6,2 369.51300134 723.00861532 -4367.26888882 2 0
   6,1    -0.5773503000    -0.5773503000     0.5773503000
          -0.7894343418     0.5752582051    -0.2141761367
   6,16     0.5773503000     0.5773503000    -0.5773503000
          -0.7911941837     0.5702648415    -0.2209293422
 6,3 425.57084720 240.42818232 -5447.24380440 2 0
   6,17    -0.5773503000    -0.5773503000     0.5773503000
          -0.5316530358    -0.2708379836    -0.8024910194
   6,7     0.5773503000     0.5773503000    -0.5773503000
          -0.6400434752    -0.1190207005    -0.7590641756
 6,4 171.92450791 453.27286140 -4356.44706376 2 0
   6,10     0.5773503000     0.5773503000    -0.5773503000
          -0.7916272185     0.5690035633    -0.2226236552
   3,12    -0.5773503000    -0.5773503000     0.5773503000
          -0.7824670446     0.5932458809    -0.1892211637
 6,5 242.78944721 549.50850662 -4361.41372725 2 0
   6,6     0.5773503000     0.5773503000    -0.5773503000
          -0.0461447178     0.7290489865     0.6829042687
   6,10    -0.5773503000    -0.5773503000     0.5773503000
          -0.2812024269     0.8044490095     0.5232465826
 6,6 273.22126906 590.96990652 -4363.27071217 2 0
   6,5    -0.5773503000    -0.5773503000     0.5773503000
          -0.0461447178     0.7290489865     0.6829042687
   6,15     0.5773503000     0.5773503000    -0.5773503000
          -0.7964242777     0.5540366472    -0.2423876306
 6,7 472.85956496 275.36953012 -5449.33036719 2 0
   6,11     0.5773503000     0.5773503000    -0.5773503000
          -0.6400434751    -0.1190207006    -0.7590641757
   6,3    -0.5773503000    -0.5773503000     0.5773503000
          -0.6400434752    -0.1190207005    -0.7590641756
 6,8 319.33125880 160.24373712 -5442.07537082 2 0
   6,9    -0.5773503000    -0.5773503000     0.5773503000
          -0.5828151601     0.7866296180     0.2038144579
   6,17     0.5773503000     0.5773503000    -0.5773503000
          -0.5925300238     0.7827638589     0.1902338352
 6,9 263.24960956 114.58351030 -5439.98330343 2 0
   6,18    -0.5773503000    -0.5773503000     0.5773503000
          -0.4383965263     0.8157352396     0.3773387134
   6,8     0.5773503000     0.5773503000    -0.5773503000
          -0.5828151601     0.7866296180     0.2038144579
 6,10 209.05654039 503.66971370 -4359.15344612 2 0
   6,5     0.5773503000     0.5773503000    -0.5773503000
          -0.2812024269     0.8044490095     0.5232465826
   6,4    -0.5773503000    -0.5773503000     0.5773503000
          -0.7916272185     0.5690035633    -0.2226236552
 6,11 526.57616803 314.83246624 -5451.32724555 2 0
   6,7    -0.5773503000    -0.5773503000     0.5773503000
          -0.6400434751    -0.1190207006    -0.7590641757
   6,12     0.5773503000     0.5773503000    -0.5773503000
          -0.5627120855     0.7937195188     0.2310074333
 6,12 581.89765062 355.35894531 -5452.98942793 2 0
   6,14     0.5773503000     0.5773503000    -0.5773503000
          -0.4451703408    -0.3701774514    -0.8153477922
   6,11    -0.5773503000    -0.5773503000     0.5773503000
          -0.5627120855     0.7937195188     0.2310074333
 6,13 678.02425893 425.37908403 -5454.69041650 2 0
   6,14    -0.5773503000    -0.5773503000     0.5773503000
           0.0000000000     0.0000000000     0.0000000000
   6,0     0.5773503000     0.5773503000    -0.5773503000
          -0.5702692256     0.7911926705     0.2209234448
 6,14 633.86761137 393.29192113 -5454.13914109 2 0
   6,13     0.5773503000     0.5773503000    -0.5773503000
           0.0000000000     0.0000000000     0.0000000000
   6,12    -0.5773503000    -0.5773503000     0.5773503000
          -0.4451703408    -0.3701774514    -0.8153477922
 6,15 307.60577037 637.95702498 -4365.09814746 2 0
   6,6    -0.5773503000    -0.5773503000     0.5773503000
          -0.7964242777     0.5540366472    -0.2423876306
   6,1     0.5773503000     0.5773503000    -0.5773503000
          -0.7993533423     0.5438143680    -0.2555389743
 6,16 405.31166185 772.53333185 -4367.63824855 1 1
   6,2    -0.5773503000    -0.5773503000     0.5773503000
          -0.7911941837     0.5702648415    -0.2209293422
 6,17 382.97117583 208.62592829 -5445.14308563 2 0
   6,3     0.5773503000     0.5773503000    -0.5773503000
          -0.5316530358    -0.2708379836    -0.8024910194
   6,8    -0.5773503000    -0.5773503000     0.5773503000
          -0.5925300238     0.7827638589     0.1902338352
 6,18 219.36097794 72.39739765 -5438.76352020 2 0
   6,19    -0.5773503000    -0.5773503000     0.5773503000
          -0.7963167729     0.5543944190    -0.2419223540
   6,9     0.5773503000     0.5773503000    -0.5773503000
          -0.4383965263     0.8157352396     0.3773387134
 6,19 178.67209384 26.33758254 -5437.35695427 2 0
   6,18     0.5773503000     0.5773503000    -0.5773503000
          -0.7963167729     0.5543944190    -0.2419223540
   0,25    -0.5773503000    -0.5773503000     0.5773503000
          -0.7990047445     0.5450824659    -0.2539222786
 7,8 168.69005918 348.34899244 -105.13533167 4 0
   7,12     0.5773503000    -0.5773503000    -0.5773503000
           0.1844189398     0.7810434419    -0.5966245021
   7,11    -0.5773503000     0.5773503000     0.5773503000
           0.7894342988     0.5752583245     0.2141759743
   3,11    -0.5773503000    -0.5773503000     0.5773503000
          -0.6619131396     0.7449653218     0.0830521823
   7,10     0.5773503000     0.5773503000    -0.5773503000
          -0.7897923636     0.5742589896    -0.2155333740
 7,10 166.93098861 346.77710257 -104.92274289 1 1
   7,8    -0.5773503000    -0.5773503000     0.5773503000
          -0.7897923636     0.5742589896    -0.2155333740
 7,11 166.92062307 346.76617171 -104.92321494 1 1
   7,8     0.5773503000    -0.5773503000    -0.5773503000
           0.7894342988     0.5752583245     0.2141759743
 7,12 166.92069390 346.76612052 -104.92323694 1 1
   7,8    -0.5773503000     0.5773503000     0.5773503000
           0.1844189398     0.7810434419    -0.5966245021
