#
#	ParaDiS nodal data file
#

#
#	File version number
#

3

#
#	Number of data file segments
#

1

#
#	Minimum coordinate values (x, y, z)
#

-2.0000        -2.0000        -2.0000       

#
#	Maximum coordinate values (x, y, z)
#

2.0000         2.0000         2.0000        

#
#	Node count
#

10          

#
#	Domain geometry (x, y, z)
#

0   0   0  

#
#	Domain decomposition type
#

1

#
#       Domain boundaries (x, y, z)
#

 -2.0000
     -2.0000
         -2.0000
          2.0000
      2.0000
  2.0000

#
#	Primary lines: node_tag, x, y, z, num_arms, constraint
#	Secondary lines: arm_tag, burgx, burgy, burgz, nx, ny, nz
#

 0,0 -0.2041 -0.2041 0.6082 2 0
   0,1    -0.4082482905    -0.4082482905     0.8164965809
           0.5773502692     0.5773502692     0.5773502692
   0,9     0.4082482905     0.4082482905    -0.8164965809
           0.5773502692     0.5773502692     0.5773502692
 0,1 0.0427 -0.3730 0.5303 2 0
   0,2    -0.4082482905    -0.4082482905     0.8164965809
           0.5773502692     0.5773502692     0.5773502692
   0,0     0.4082482905     0.4082482905    -0.8164965809
           0.5773502692     0.5773502692     0.5773502692
 0,2 0.2732 -0.3993 0.3262 2 0
   0,3    -0.4082482905    -0.4082482905     0.8164965809
           0.5773502692     0.5773502692     0.5773502692
   0,1     0.4082482905     0.4082482905    -0.8164965809
           0.5773502692     0.5773502692     0.5773502692
 0,3 0.3993 -0.2732 0.0738 2 0
   0,4    -0.4082482905    -0.4082482905     0.8164965809
           0.5773502692     0.5773502692     0.5773502692
   0,2     0.4082482905     0.4082482905    -0.8164965809
           0.5773502692     0.5773502692     0.5773502692
 0,4 0.3730 -0.0427 -0.1303 2 0
   0,5    -0.4082482905    -0.4082482905     0.8164965809
           0.5773502692     0.5773502692     0.5773502692
   0,3     0.4082482905     0.4082482905    -0.8164965809
           0.5773502692     0.5773502692     0.5773502692
 0,5 0.2041 0.2041 -0.2082 2 0
   0,6    -0.4082482905    -0.4082482905     0.8164965809
           0.5773502692     0.5773502692     0.5773502692
   0,4     0.4082482905     0.4082482905    -0.8164965809
           0.5773502692     0.5773502692     0.5773502692
 0,6 -0.0427 0.3730 -0.1303 2 0
   0,7    -0.4082482905    -0.4082482905     0.8164965809
           0.5773502692     0.5773502692     0.5773502692
   0,5     0.4082482905     0.4082482905    -0.8164965809
           0.5773502692     0.5773502692     0.5773502692
 0,7 -0.2732 0.3993 0.0738 2 0
   0,8    -0.4082482905    -0.4082482905     0.8164965809
           0.5773502692     0.5773502692     0.5773502692
   0,6     0.4082482905     0.4082482905    -0.8164965809
           0.5773502692     0.5773502692     0.5773502692
 0,8 -0.3993 0.2732 0.3262 2 0
   0,9    -0.4082482905    -0.4082482905     0.8164965809
           0.5773502692     0.5773502692     0.5773502692
   0,7     0.4082482905     0.4082482905    -0.8164965809
           0.5773502692     0.5773502692     0.5773502692
 0,9 -0.3730 0.0427 0.5303 2 0
   0,0    -0.4082482905    -0.4082482905     0.8164965809
           0.5773502692     0.5773502692     0.5773502692
   0,8     0.4082482905     0.4082482905    -0.8164965809
           0.5773502692     0.5773502692     0.5773502692
