#
#	ParaDiS nodal data file
#

#
#	File version number
#

3

#
#	Number of data file segments
#

1

#
#	Minimum coordinate values (x, y, z)
#

-1750.0000     -1750.0000     -1750.0000    

#
#	Maximum coordinate values (x, y, z)
#

1750.0000      1750.0000      1750.0000     

#
#	Node count
#

293         

#
#	Domain geometry (x, y, z)
#

1   1   1  

#
#	Domain decomposition type
#

1

#
#	Domain boundaries (x, y, z)
#

  -1750.0000
      -1750.0000
          -1750.0000
           1750.0000
       1750.0000
   1750.0000

#
#	Primary lines: node_tag, x, y, z, num_arms, constraint
#	Secondary lines: arm_tag, burgx, burgy, burgz, nx, ny, nz
#

 0,0 -793.44830029 -267.35091746 618.90042736 2 0
   0,284    -0.5773503000     0.5773503000    -0.5773503000
          -0.0584010739    -0.7344962096    -0.6760951358
   0,1     0.5773503000    -0.5773503000     0.5773503000
           0.6071719982    -0.1691788721    -0.7763508703
 0,1 -816.82678155 -238.89670842 593.38740513 2 0
   0,181     0.5773503000    -0.5773503000     0.5773503000
           0.3600901924    -0.4545817942    -0.8146719866
   0,0    -0.5773503000     0.5773503000    -0.5773503000
           0.6071719982    -0.1691788721    -0.7763508703
 0,2 -1539.85873809 1012.54780780 -1005.01255371 2 0
   0,247     0.5773503000    -0.5773503000     0.5773503000
           0.0012899179     0.7077508578     0.7064609398
   0,110    -0.5773503000     0.5773503000    -0.5773503000
           0.0016834500     0.7079470032     0.7062635532
 0,3 -1.13127581 -1515.15112946 -828.07453397 2 0
   0,111    -0.5773503000    -0.5773503000     0.5773503000
          -0.6893802232    -0.0342111696    -0.7235913928
   0,57     0.5773503000     0.5773503000    -0.5773503000
          -0.6872449775    -0.0381768771    -0.7254218545
 0,4 240.04328019 -503.44389026 578.02719135 2 0
   0,131     0.5773503000    -0.5773503000     0.5773503000
          -0.1570041001    -0.7724129121    -0.6154088119
   0,108    -0.5773503000     0.5773503000    -0.5773503000
          -0.1567186614    -0.7723185845    -0.6155999230
 0,5 -1393.07167533 -342.02041587 1041.11588236 2 0
   0,42    -0.5773503000     0.5773503000    -0.5773503000
          -0.2893647531    -0.8058941654    -0.5165294123
   0,217     0.5773503000    -0.5773503000     0.5773503000
          -0.4119015262    -0.8164856512    -0.4045841250
 0,6 -669.68316580 213.10317627 -230.01688408 2 0
   0,261    -0.5773503000     0.5773503000    -0.5773503000
           0.0587489401     0.7346484746     0.6758995345
   0,41     0.5773503000    -0.5773503000     0.5773503000
           0.4115480087     0.8164876667     0.4049396580
 0,7 -904.98386707 -123.34480406 495.51091610 2 0
   0,201     0.5773503000    -0.5773503000     0.5773503000
          -0.0489173368    -0.7302952788    -0.6813779420
   0,181    -0.5773503000     0.5773503000    -0.5773503000
           0.3763394737    -0.4393463589    -0.8156858326
 0,8 159.92465585 578.14384830 -561.74556630 2 0
   0,234     0.5773503000    -0.5773503000     0.5773503000
          -0.0996436697     0.6519996199     0.7516432896
   0,225    -0.5773503000     0.5773503000    -0.5773503000
          -0.5284170562     0.2748476480     0.8032647042
 0,9 -1463.27579224 958.05500726 -947.87239856 2 0
   0,110     0.5773503000    -0.5773503000     0.5773503000
          -0.2622153280     0.5385432460     0.8007585740
   0,229    -0.5773503000     0.5773503000    -0.5773503000
          -0.2062085259     0.5810803122     0.7872888381
 0,10 -101.91087883 -950.85926173 -1056.53269153 2 0
   0,78     0.5773503000     0.5773503000    -0.5773503000
           0.6997990026    -0.7141947346    -0.0143957320
   0,22    -0.5773503000    -0.5773503000     0.5773503000
           0.7015603777    -0.7125256482    -0.0109652705
 0,11 245.25401166 -356.07889843 558.84474648 2 0
   0,285    -0.5773503000     0.5773503000    -0.5773503000
          -0.2338975616     0.5605236895     0.7944212511
   0,195     0.5773503000    -0.5773503000     0.5773503000
           0.1652129332     0.7750864410     0.6098735079
 0,12 -60.21986144 -1054.60986912 -949.01199025 2 0
   0,81     0.5773503000     0.5773503000    -0.5773503000
          -0.7000476628    -0.0139129108    -0.7139605736
   0,35    -0.5773503000    -0.5773503000     0.5773503000
          -0.7063143677    -0.0015821718    -0.7078965395
 0,13 -152.11284096 -852.26743842 -1369.36631416 2 0
   0,139     0.5773503000     0.5773503000    -0.5773503000
           0.7113664387    -0.7027687166     0.0085977221
   0,61    -0.5773503000    -0.5773503000     0.5773503000
           0.6987216889    -0.7152037084    -0.0164820194
 0,14 -6.31707437 -452.81524871 853.83743247 2 0
   0,119     0.5773503000    -0.5773503000     0.5773503000
          -0.2691244475    -0.8021541828    -0.5330297353
   0,134    -0.5773503000     0.5773503000    -0.5773503000
          -0.4389457983    -0.8157068630    -0.3767610647
 0,15 514.20616186 -883.06502567 988.37228421 2 0
   0,255     0.5773503000    -0.5773503000     0.5773503000
           0.2141438648    -0.5752819376    -0.7894258024
   0,122    -0.5773503000     0.5773503000    -0.5773503000
           0.1756812554     0.7783853926     0.6027041373
 0,16 300.09170632 -643.33159751 748.80245338 2 0
   0,256     0.5773503000    -0.5773503000     0.5773503000
          -0.1638952245    -0.7746623923    -0.6107671678
   0,39    -0.5773503000     0.5773503000    -0.5773503000
          -0.1771526793    -0.7788391129    -0.6016864336
 0,17 -552.35515683 215.92070352 2.01021853 2 0
   0,189     0.5773503000    -0.5773503000     0.5773503000
          -0.1975066817    -0.7848607180    -0.5873540363
   0,74    -0.5773503000     0.5773503000    -0.5773503000
           0.4065243668    -0.4099697910    -0.8164941578
 0,18 -1305.11850357 -787.29628924 1652.37315830 2 0
   0,227     0.5773503000    -0.5773503000     0.5773503000
          -0.7071466174    -0.7070669382     0.0000796792
   0,287    -0.5773503000     0.5773503000    -0.5773503000
          -0.7073261164    -0.7068872417     0.0004388747
 0,19 557.24503110 -234.52792189 382.65662537 2 0
   0,161     0.5773503000    -0.5773503000     0.5773503000
          -0.2723961033     0.5303979821     0.8027940854
   0,55    -0.5773503000     0.5773503000    -0.5773503000
           0.3327875701     0.8121021750     0.4793146049
 0,20 -1486.50256828 489.71494171 -119.59590173 2 0
   0,79     0.5773503000    -0.5773503000     0.5773503000
          -0.0015772864     0.7063168186     0.7078941050
   0,151    -0.5773503000     0.5773503000    -0.5773503000
          -0.1905749288    -0.7828635674    -0.5922886386
 0,21 1701.69936396 -1659.06782922 1702.17259325 2 0
   0,249     0.5773503000    -0.5773503000     0.5773503000
          -0.2422324015     0.5541560389     0.7963884405
   0,178    -0.5773503000     0.5773503000    -0.5773503000
           0.0681858531     0.7387297246     0.6705438714
 0,22 -87.94584581 -981.57173108 -1015.52553888 2 0
   0,10     0.5773503000     0.5773503000    -0.5773503000
           0.7015603777    -0.7125256482    -0.0109652705
   0,81    -0.5773503000    -0.5773503000     0.5773503000
          -0.7424998149     0.0771062034    -0.6653936115
 0,23 -35.50588817 -1145.02013001 -899.51938813 2 0
   0,60    -0.5773503000    -0.5773503000     0.5773503000
          -0.7026757800    -0.0087802311    -0.7114560111
   0,35     0.5773503000     0.5773503000    -0.5773503000
          -0.6882013733    -0.0364044413    -0.7246058145
 0,24 -1373.50445276 322.36853044 67.58398437 2 0
   0,202     0.5773503000    -0.5773503000     0.5773503000
          -0.2132601713     0.5759313215     0.7891914928
   0,177    -0.5773503000     0.5773503000    -0.5773503000
          -0.2358614268     0.5590309107     0.7948923375
 0,25 -1684.52470168 502.94680797 -135.64462431 2 0
   0,233     0.5773503000    -0.5773503000     0.5773503000
          -0.0012232873     0.7064943439     0.7077176312
   0,82    -0.5773503000     0.5773503000    -0.5773503000
           0.0012595552     0.7077357175     0.7064761622
 0,26 280.49638425 -351.31880856 396.94806442 2 0
   0,128    -0.5773503000     0.5773503000    -0.5773503000
          -0.0017633697    -0.7079868170    -0.7062234473
   0,235     0.5773503000    -0.5773503000     0.5773503000
           0.3359539936    -0.4765004548    -0.8124544484
 0,27 305.13575725 -1036.82127435 1383.99038015 2 0
   0,132    -0.5773503000     0.5773503000    -0.5773503000
           0.4506373466     0.8149749176     0.3643375709
   0,292     0.5773503000    -0.5773503000     0.5773503000
          -0.5287414120     0.2744468786     0.8031882906
 0,28 -495.35773925 698.92336113 -536.70733382 2 0
   0,90     0.5773503000    -0.5773503000     0.5773503000
           0.2302349389    -0.5632953139    -0.7935302529
   0,152    -0.5773503000     0.5773503000    -0.5773503000
          -0.1150212096    -0.7575660248    -0.6425448151
 0,29 -1550.43884360 -608.59042759 1346.98500471 2 0
   0,253     0.5773503000    -0.5773503000     0.5773503000
          -0.0782929486    -0.7429949386    -0.6647019900
   0,198    -0.5773503000     0.5773503000    -0.5773503000
          -0.2821606654    -0.8046231114    -0.5224624460
 0,30 -1109.99290938 76.65484094 338.83730947 2 0
   0,244     0.5773503000    -0.5773503000     0.5773503000
          -0.0944069182     0.6551607629     0.7495676811
   0,71    -0.5773503000     0.5773503000    -0.5773503000
           0.5116416680     0.8068808150     0.2952391470
 0,31 0.04693029 -1693.14732364 -820.41290297 2 0
   0,89     0.5773503000     0.5773503000    -0.5773503000
          -0.6876926726    -0.0373479594    -0.7250406320
   0,63    -0.5773503000    -0.5773503000     0.5773503000
          -0.7073994932     0.0005857879    -0.7068137052
 0,32 -1750.00000000 1061.92420480 -1054.22044060 1 1
   0,133    -0.5773503000     0.5773503000    -0.5773503000
          -0.0007922927     0.7067103019     0.7075025946
 0,33 -510.36693563 144.57051088 78.95258524 2 0
   0,74     0.5773503000    -0.5773503000     0.5773503000
           0.1222179390    -0.6380312750    -0.7602492141
   0,288    -0.5773503000     0.5773503000    -0.5773503000
          -0.2457572474    -0.7971949675    -0.5514377201
 0,34 493.35017948 -234.19184967 320.25767990 2 0
   0,55     0.5773503000    -0.5773503000     0.5773503000
          -0.2383679756    -0.7954868276    -0.5571188520
   0,37    -0.5773503000     0.5773503000    -0.5773503000
           0.2472147286    -0.5503092911    -0.7975240197
 0,35 -47.29358682 -1097.47792901 -922.34144372 2 0
   0,12     0.5773503000     0.5773503000    -0.5773503000
          -0.7063143677    -0.0015821718    -0.7078965395
   0,23    -0.5773503000    -0.5773503000     0.5773503000
          -0.6882013733    -0.0364044413    -0.7246058145
 0,36 -1519.44771014 -398.59414454 1123.14844339 2 0
   0,149     0.5773503000    -0.5773503000     0.5773503000
           0.3975351239    -0.4188685518    -0.8164036757
   0,194    -0.5773503000     0.5773503000    -0.5773503000
          -0.0529175853    -0.7320789432    -0.6791613579
 0,37 432.29546428 -242.06674300 324.76640299 2 0
   0,34     0.5773503000    -0.5773503000     0.5773503000
           0.2472147286    -0.5503092911    -0.7975240197
   0,150    -0.5773503000     0.5773503000    -0.5773503000
          -0.0118976635    -0.7129805384    -0.7010828749
 0,38 -572.29124719 573.45327338 -388.01333175 2 0
   0,226     0.5773503000    -0.5773503000     0.5773503000
          -0.2414099176    -0.7961980667    -0.5547881490
   0,297    -0.5773503000     0.5773503000    -0.5773503000
          -0.5541176746    -0.7963999603    -0.2422822856
 0,39 335.94029175 -694.63585761 796.48833405 2 0
   0,16     0.5773503000    -0.5773503000     0.5773503000
          -0.1771526793    -0.7788391129    -0.6016864336
   0,65    -0.5773503000     0.5773503000    -0.5773503000
           0.3285008986    -0.4831021360    -0.8116030346
 0,40 -136.28505820 -229.81501025 453.36904223 2 0
   0,236    -0.5773503000     0.5773503000    -0.5773503000
          -0.1018187489     0.6506779022     0.7524966511
   0,290     0.5773503000    -0.5773503000     0.5773503000
           0.2521513020     0.7986191743     0.5464678723
 0,41 -707.37458339 240.09945790 -243.72056289 2 0
   0,96     0.5773503000    -0.5773503000     0.5773503000
           0.3675962098     0.8151892435     0.4475930337
   0,6    -0.5773503000     0.5773503000    -0.5773503000
           0.4115480087     0.8164876667     0.4049396580
 0,42 -1447.40253787 -349.87440497 1065.39842013 2 0
   0,5     0.5773503000    -0.5773503000     0.5773503000
          -0.2893647531    -0.8058941654    -0.5165294123
   0,149    -0.5773503000     0.5773503000    -0.5773503000
          -0.1165507538    -0.7581410364    -0.6415902826
 0,43 -1044.51503433 541.46522900 -503.15291650 2 0
   0,175    -0.5773503000     0.5773503000    -0.5773503000
          -0.4714196859    -0.8130508252    -0.3416311393
   0,156     0.5773503000    -0.5773503000     0.5773503000
          -0.4976375564    -0.8094145745    -0.3117770182
 0,44 249.41968051 -422.66688445 471.53291437 2 0
   0,128     0.5773503000    -0.5773503000     0.5773503000
          -0.6502314387    -0.7527830048    -0.1025515661
   0,131    -0.5773503000     0.5773503000    -0.5773503000
           0.5908599645    -0.1925898706    -0.7834498351
 0,45 522.74484345 -1066.22465420 1381.62343024 2 0
   0,163    -0.5773503000     0.5773503000    -0.5773503000
           0.2577234980     0.7998192357     0.5420957377
   0,172     0.5773503000    -0.5773503000     0.5773503000
          -0.1794519382     0.6000912179     0.7795431560
 0,46 -37.46988792 -533.06742602 1012.54371862 2 0
   0,134     0.5773503000    -0.5773503000     0.5773503000
          -0.3768298179    -0.8157102670    -0.4388804491
   0,137    -0.5773503000     0.5773503000    -0.5773503000
          -0.3785111119    -0.8157912721    -0.4372801602
 0,47 835.59966214 -718.27682086 977.95650457 2 0
   0,180    -0.5773503000     0.5773503000    -0.5773503000
           0.2193822721     0.7907958005     0.5714135285
   0,182     0.5773503000    -0.5773503000     0.5773503000
           0.1028081611     0.7528831334     0.6500749722
 0,48 1401.25851503 -1593.81266700 1658.55756988 2 0
   0,283    -0.5773503000     0.5773503000    -0.5773503000
           0.4562069544     0.8145388198     0.3583318654
   0,240     0.5773503000    -0.5773503000     0.5773503000
           0.3794150675     0.8158330443     0.4364179767
 0,49 -1382.61678998 -771.79847715 1513.69147100 2 0
   0,100     0.5773503000    -0.5773503000     0.5773503000
          -0.0848229040     0.6608692929     0.7456921970
   0,145    -0.5773503000     0.5773503000    -0.5773503000
           0.0805806018     0.7439450990     0.6633644973
 0,50 -280.10449726 125.93173583 -149.24407453 2 0
   0,185    -0.5773503000     0.5773503000    -0.5773503000
          -0.3150345729     0.4948360790     0.8098706519
   0,87     0.5773503000    -0.5773503000     0.5773503000
          -0.0552287916     0.6778729077     0.7331016993
 0,51 147.98564877 221.50517028 -254.35722764 2 0
   0,207    -0.5773503000     0.5773503000    -0.5773503000
           0.2631082233     0.8009423003     0.5378340770
   0,216     0.5773503000    -0.5773503000     0.5773503000
          -0.2494553215     0.5485694742     0.7980247957
 0,52 -410.04865058 755.67947347 -613.64453290 2 0
   0,159     0.5773503000    -0.5773503000     0.5773503000
          -0.6340301363    -0.7625533265    -0.1285231902
   0,90    -0.5773503000     0.5773503000    -0.5773503000
          -0.3975903884    -0.8164046277    -0.4188142392
 0,53 -600.26394889 454.51457117 -261.75215455 2 0
   0,274    -0.5773503000     0.5773503000    -0.5773503000
          -0.2174952436    -0.7903060304    -0.5728107867
   0,251     0.5773503000    -0.5773503000     0.5773503000
           0.1403437337    -0.6264110265    -0.7667547602
 0,54 25.82219986 147.28691177 -190.86698471 2 0
   0,228     0.5773503000    -0.5773503000     0.5773503000
           0.0296781368     0.7214785848     0.6918004480
   0,216    -0.5773503000     0.5773503000    -0.5773503000
           0.1572919329     0.7725079382     0.6152160053
 0,55 550.77021332 -231.22409137 330.23854056 2 0
   0,34    -0.5773503000     0.5773503000    -0.5773503000
          -0.2383679756    -0.7954868276    -0.5571188520
   0,19     0.5773503000    -0.5773503000     0.5773503000
           0.3327875701     0.8121021750     0.4793146049
 0,56 -1167.22175809 -419.89559203 1021.61464552 2 0
   0,230    -0.5773503000     0.5773503000    -0.5773503000
           0.6888275688     0.7240681474     0.0352405787
   0,84     0.5773503000    -0.5773503000     0.5773503000
          -0.3281046784    -0.8115556133    -0.4834509349
 0,57 -2.79506584 -1450.33186205 -833.61760006 2 0
   0,112     0.5773503000     0.5773503000    -0.5773503000
          -0.6939011563    -0.0257099764    -0.7196111327
   0,3    -0.5773503000    -0.5773503000     0.5773503000
          -0.6872449775    -0.0381768771    -0.7254218545
 0,58 -820.02701204 325.76304870 -299.61168868 2 0
   0,96    -0.5773503000     0.5773503000    -0.5773503000
           0.5842735096     0.7860682779     0.2017947683
   0,257     0.5773503000    -0.5773503000     0.5773503000
           0.2894914503     0.8059159189     0.5164244686
 0,59 -167.87192641 -854.57684747 1259.20678697 2 0
   0,277     0.5773503000    -0.5773503000     0.5773503000
           0.6659218940     0.7421198689     0.0761979749
   0,142    -0.5773503000     0.5773503000    -0.5773503000
           0.0853102388     0.7458916531     0.6605814143
 0,60 -25.18585964 -1197.62474545 -880.22155933 2 0
   0,77    -0.5773503000    -0.5773503000     0.5773503000
          -0.7008212559    -0.0124077501    -0.7132290060
   0,23     0.5773503000     0.5773503000    -0.5773503000
          -0.7026757800    -0.0087802311    -0.7114560111
 0,61 -146.26121484 -864.88856957 -1289.82420925 2 0
   0,138    -0.5773503000    -0.5773503000     0.5773503000
           0.7146855769    -0.6992761074     0.0154094695
   0,13     0.5773503000     0.5773503000    -0.5773503000
           0.6987216889    -0.7152037084    -0.0164820194
 0,62 -157.08980014 -831.86026256 -1750.00000000 1 1
   0,66    -0.5773503000    -0.5773503000     0.5773503000
           0.7070596534    -0.7071538995    -0.0000942461
 0,63 -0.08492486 -1750.00000000 -820.27975420 1 1
   0,31     0.5773503000     0.5773503000    -0.5773503000
          -0.7073994932     0.0005857879    -0.7068137052
 0,64 -1382.62989092 885.49994880 -874.07102573 2 0
   0,229     0.5773503000    -0.5773503000     0.5773503000
          -0.3602461397     0.4544374388     0.8146835785
   0,170    -0.5773503000     0.5773503000    -0.5773503000
          -0.1930744134     0.5905157048     0.7835901182
 0,65 383.91628662 -752.73366003 858.53134428 2 0
   0,39     0.5773503000    -0.5773503000     0.5773503000
           0.3285008986    -0.4831021360    -0.8116030346
   0,239    -0.5773503000     0.5773503000    -0.5773503000
          -0.1612680846    -0.7738111147    -0.6125430301
 0,66 -157.26291576 -832.03480060 -1677.27507164 2 0
   0,144    -0.5773503000    -0.5773503000     0.5773503000
          -0.7537336075     0.1049950753    -0.6487385322
   0,62     0.5773503000     0.5773503000    -0.5773503000
           0.7070596534    -0.7071538995    -0.0000942461
 0,67 -156.89365747 -837.69540852 -1526.85769002 2 0
   0,144     0.5773503000     0.5773503000    -0.5773503000
           0.0000000000     0.0000000000     0.0000000000
   0,139    -0.5773503000    -0.5773503000     0.5773503000
           0.0000000000     0.0000000000     0.0000000000
 0,68 -972.69368808 -1149.44754053 1750.00000000 1 1
   0,222    -0.5773503000     0.5773503000    -0.5773503000
           0.0014732460     0.7078422531     0.7063690071
 0,69 220.85890178 408.09311667 -442.24771365 2 0
   0,98     0.5773503000    -0.5773503000     0.5773503000
          -0.7546157258    -0.1072776243     0.6473381015
   0,97    -0.5773503000     0.5773503000    -0.5773503000
          -0.2799410305     0.5242770023     0.8042180328
 0,70 -1128.37678691 761.15627887 -769.59310617 2 0
   0,264     0.5773503000    -0.5773503000     0.5773503000
           0.1158024578     0.7578600442     0.6420575864
   0,127    -0.5773503000     0.5773503000    -0.5773503000
           0.0876682633    -0.6591848629    -0.7468531262
 0,71 -1081.91252198 51.12705995 360.64704840 2 0
   0,221    -0.5773503000     0.5773503000    -0.5773503000
           0.5071234111     0.8077452351     0.3006218240
   0,30     0.5773503000    -0.5773503000     0.5773503000
           0.5116416680     0.8068808150     0.2952391470
 0,72 721.97698581 -1032.23302794 1115.11135743 2 0
   0,76    -0.5773503000     0.5773503000    -0.5773503000
           0.0837537244     0.7452537066     0.6614999822
   0,279     0.5773503000    -0.5773503000     0.5773503000
           0.3331916466     0.8121479087     0.4789562621
 0,73 -347.98013163 -719.73815069 1112.64152999 2 0
   0,99    -0.5773503000     0.5773503000    -0.5773503000
          -0.0930294526     0.6559873311     0.7490167837
   0,124     0.5773503000    -0.5773503000     0.5773503000
           0.1253639909    -0.6360403402    -0.7614043311
 0,74 -533.24773769 183.08542651 41.33536613 2 0
   0,33    -0.5773503000     0.5773503000    -0.5773503000
           0.1222179390    -0.6380312750    -0.7602492141
   0,17     0.5773503000    -0.5773503000     0.5773503000
           0.4065243668    -0.4099697910    -0.8164941578
 0,75 -1188.49870772 150.73401564 269.11120586 2 0
   0,244    -0.5773503000     0.5773503000    -0.5773503000
           0.4993476256     0.8091279768     0.3097803512
   0,105     0.5773503000    -0.5773503000     0.5773503000
          -0.4576625782    -0.8144153765    -0.3567527982
 0,76 792.90262324 -1055.69246209 1132.71325463 2 0
   0,280    -0.5773503000     0.5773503000    -0.5773503000
          -0.6809702941    -0.7306256268    -0.0496553327
   0,72     0.5773503000    -0.5773503000     0.5773503000
           0.0837537244     0.7452537066     0.6614999822
 0,77 -16.97802966 -1253.33603046 -864.74978849 2 0
   0,126    -0.5773503000    -0.5773503000     0.5773503000
          -0.7305124454     0.0494023399    -0.6811101055
   0,60     0.5773503000     0.5773503000    -0.5773503000
          -0.7008212559    -0.0124077501    -0.7132290060
 0,78 -115.31339550 -923.80494055 -1103.75248682 2 0
   0,162     0.5773503000     0.5773503000    -0.5773503000
           0.7075866470    -0.7066259364     0.0009607106
   0,10    -0.5773503000    -0.5773503000     0.5773503000
           0.6997990026    -0.7141947346    -0.0143957320
 0,79 -1574.74482656 492.73208424 -125.60965809 2 0
   0,82     0.5773503000    -0.5773503000     0.5773503000
          -0.0024985275     0.7058542068     0.7083527342
   0,20    -0.5773503000     0.5773503000    -0.5773503000
          -0.0015772864     0.7063168186     0.7078941050
 0,80 207.95573549 296.37620434 -351.60577381 2 0
   0,98    -0.5773503000     0.5773503000    -0.5773503000
          -0.1605964951     0.6129957553     0.7735922503
   0,207     0.5773503000    -0.5773503000     0.5773503000
          -0.2865775586     0.5188327935     0.8054103521
 0,81 -73.90507787 -1016.07575642 -979.90723711 2 0
   0,22     0.5773503000     0.5773503000    -0.5773503000
          -0.7424998149     0.0771062034    -0.6653936115
   0,12    -0.5773503000    -0.5773503000     0.5773503000
          -0.7000476628    -0.0139129108    -0.7139605736
 0,82 -1635.10261555 498.21520728 -130.97981229 2 0
   0,79    -0.5773503000     0.5773503000    -0.5773503000
          -0.0024985275     0.7058542068     0.7083527342
   0,25     0.5773503000    -0.5773503000     0.5773503000
           0.0012595552     0.7077357175     0.7064761622
 0,83 -376.66661596 -21.69425293 256.15423355 2 0
   0,196    -0.5773503000     0.5773503000    -0.5773503000
          -0.7083337151    -0.7058734270     0.0024602881
   0,141     0.5773503000    -0.5773503000     0.5773503000
          -0.0688305462    -0.7390050594    -0.6701745132
 0,84 -1104.03313801 -458.75516774 1045.16636721 2 0
   0,103     0.5773503000    -0.5773503000     0.5773503000
           0.4587817904     0.8143177723     0.3555359820
   0,56    -0.5773503000     0.5773503000    -0.5773503000
          -0.3281046784    -0.8115556133    -0.4834509349
 0,85 -928.28133334 -643.96457023 1199.91553556 2 0
   0,160    -0.5773503000     0.5773503000    -0.5773503000
          -0.6077183790     0.1683788637     0.7760972427
   0,101     0.5773503000    -0.5773503000     0.5773503000
          -0.5862745865     0.1990126655     0.7852872520
 0,86 -854.98695481 -821.84387358 1349.57596625 2 0
   0,272     0.5773503000    -0.5773503000     0.5773503000
           0.0001654221     0.7071894777     0.7070240556
   0,238    -0.5773503000     0.5773503000    -0.5773503000
          -0.0038835012     0.7051570323     0.7090405335
 0,87 -344.82908564 129.88793219 -153.62037522 2 0
   0,271     0.5773503000    -0.5773503000     0.5773503000
           0.0113763549     0.7127263192     0.7013499643
   0,50    -0.5773503000     0.5773503000    -0.5773503000
          -0.0552287916     0.6778729077     0.7331016993
 0,88 690.22755680 -1044.92932343 1323.26751505 2 0
   0,169    -0.5773503000     0.5773503000    -0.5773503000
           0.3925906664     0.8162989029     0.4237082366
   0,136     0.5773503000    -0.5773503000     0.5773503000
          -0.4304870883     0.3855980740     0.8160851623
 0,89 -0.01806061 -1638.30793460 -821.62808174 2 0
   0,111     0.5773503000     0.5773503000    -0.5773503000
          -0.6899495225    -0.0331485550    -0.7230980775
   0,31    -0.5773503000    -0.5773503000     0.5773503000
          -0.6876926726    -0.0373479594    -0.7250406320
 0,90 -457.51607498 727.30289629 -579.51066996 2 0
   0,28    -0.5773503000     0.5773503000    -0.5773503000
           0.2302349389    -0.5632953139    -0.7935302529
   0,52     0.5773503000    -0.5773503000     0.5773503000
          -0.3975903884    -0.8164046277    -0.4188142392
 0,91 483.00993469 -312.97010128 481.40536003 2 0
   0,161    -0.5773503000     0.5773503000    -0.5773503000
           0.4060185913     0.8164925290     0.4104739378
   0,171     0.5773503000    -0.5773503000     0.5773503000
          -0.5580871338     0.2370998854     0.7951870192
 0,92 -446.85675777 150.02098032 -159.99202245 2 0
   0,271    -0.5773503000     0.5773503000    -0.5773503000
           0.1559799219     0.7720740322     0.6160941103
   0,214     0.5773503000    -0.5773503000     0.5773503000
          -0.0168091583     0.6985523425     0.7153615009
 0,93 1086.29979075 -1334.60368245 1523.58447750 2 0
   0,155    -0.5773503000     0.5773503000    -0.5773503000
           0.6181310395     0.7710563352     0.1529252957
   0,94     0.5773503000    -0.5773503000     0.5773503000
           0.4283096569     0.8161624101     0.3878527532
 0,94 1042.56321917 -1298.76330863 1496.40448806 2 0
   0,184     0.5773503000    -0.5773503000     0.5773503000
           0.6283510287     0.7657076157     0.1373565871
   0,93    -0.5773503000     0.5773503000    -0.5773503000
           0.4283096569     0.8161624101     0.3878527532
 0,95 861.38047879 -1110.17089107 1300.70726091 2 0
   0,280     0.5773503000    -0.5773503000     0.5773503000
          -0.7438995231    -0.6634289626     0.0804705605
   0,117    -0.5773503000     0.5773503000    -0.5773503000
          -0.3954524753    -0.8163642617    -0.4209117865
 0,96 -749.23977079 275.39409072 -260.94900059 2 0
   0,41    -0.5773503000     0.5773503000    -0.5773503000
           0.3675962098     0.8151892435     0.4475930337
   0,58     0.5773503000    -0.5773503000     0.5773503000
           0.5842735096     0.7860682779     0.2017947683
 0,97 213.20240011 454.90143276 -474.94402953 2 0
   0,234    -0.5773503000     0.5773503000    -0.5773503000
          -0.3776896865     0.4380625466     0.8157522332
   0,69     0.5773503000    -0.5773503000     0.5773503000
          -0.2799410305     0.5242770023     0.8042180328
 0,98 221.52315983 350.24004874 -403.65154580 2 0
   0,69    -0.5773503000     0.5773503000    -0.5773503000
          -0.7546157258    -0.1072776243     0.6473381015
   0,80     0.5773503000    -0.5773503000     0.5773503000
          -0.1605964951     0.6129957553     0.7735922503
 0,99 -288.97530665 -770.57897928 1167.89250234 2 0
   0,277    -0.5773503000     0.5773503000    -0.5773503000
          -0.4147780958    -0.8164615792    -0.4016834834
   0,73     0.5773503000    -0.5773503000     0.5773503000
          -0.0930294526     0.6559873311     0.7490167837
 0,100 -1428.34933825 -747.30060646 1493.88934301 2 0
   0,49    -0.5773503000     0.5773503000    -0.5773503000
          -0.0848229040     0.6608692929     0.7456921970
   0,248     0.5773503000    -0.5773503000     0.5773503000
          -0.1703413903    -0.7767181325    -0.6063767422
 0,101 -885.60302032 -715.61164146 1250.57677224 2 0
   0,238     0.5773503000    -0.5773503000     0.5773503000
          -0.0055638567     0.7043084355     0.7098722922
   0,85    -0.5773503000     0.5773503000    -0.5773503000
          -0.5862745865     0.1990126655     0.7852872520
 0,102 -1117.12087762 644.29207042 -629.78543020 2 0
   0,127     0.5773503000    -0.5773503000     0.5773503000
          -0.6374918073    -0.7605639055    -0.1230720982
   0,156    -0.5773503000     0.5773503000    -0.5773503000
          -0.2315898683    -0.7938617448    -0.5622718765
 0,103 -1048.93999563 -503.47129681 1079.72153066 2 0
   0,84    -0.5773503000     0.5773503000    -0.5773503000
           0.4587817904     0.8143177723     0.3555359820
   0,268     0.5773503000    -0.5773503000     0.5773503000
          -0.7199263299    -0.0263772545     0.6935490754
 0,104 408.51348368 -1004.55959687 1750.00000000 1 1
   0,276     0.5773503000    -0.5773503000     0.5773503000
          -0.7071179054    -0.7070956565     0.0000222489
 0,105 -1218.90966531 182.59888829 235.88478857 2 0
   0,130     0.5773503000    -0.5773503000     0.5773503000
           0.4855872185     0.8112597823     0.3256725638
   0,75    -0.5773503000     0.5773503000    -0.5773503000
          -0.4576625782    -0.8144153765    -0.3567527982
 0,106 -598.21451346 337.22363902 -123.04158888 2 0
   0,143     0.5773503000    -0.5773503000     0.5773503000
           0.0052725523    -0.7044557618    -0.7097283141
   0,204    -0.5773503000     0.5773503000    -0.5773503000
          -0.5086062373    -0.8074665407    -0.2988603035
 0,107 -184.51412921 765.96745940 -696.36986270 2 0
   0,213     0.5773503000    -0.5773503000     0.5773503000
           0.2264791677    -0.5661206961    -0.7925998638
   0,121    -0.5773503000     0.5773503000    -0.5773503000
          -0.0138464958    -0.7139283440    -0.7000818482
 0,108 248.35491707 -554.51031088 632.47392416 2 0
   0,256    -0.5773503000     0.5773503000    -0.5773503000
          -0.4797704618    -0.8120436250    -0.3322731632
   0,4     0.5773503000    -0.5773503000     0.5773503000
          -0.1567186614    -0.7723185845    -0.6155999230
 0,109 -1567.02369320 -527.36558953 1253.08718987 2 0
   0,223     0.5773503000    -0.5773503000     0.5773503000
          -0.1525406790    -0.7709274534    -0.6183867745
   0,253    -0.5773503000     0.5773503000    -0.5773503000
           0.0735169271    -0.6674761892    -0.7409931162
 0,110 -1498.55398141 986.31236342 -976.68841777 2 0
   0,9    -0.5773503000     0.5773503000    -0.5773503000
          -0.2622153280     0.5385432460     0.8007585740
   0,2     0.5773503000    -0.5773503000     0.5773503000
           0.0016834500     0.7079470032     0.7062635532
 0,111 -0.31554682 -1578.23928612 -824.14845717 2 0
   0,89    -0.5773503000    -0.5773503000     0.5773503000
          -0.6899495225    -0.0331485550    -0.7230980775
   0,3     0.5773503000     0.5773503000    -0.5773503000
          -0.6893802232    -0.0342111696    -0.7235913928
 0,112 -5.71136768 -1384.18693210 -841.21404546 2 0
   0,57    -0.5773503000    -0.5773503000     0.5773503000
          -0.6939011563    -0.0257099764    -0.7196111327
   0,126     0.5773503000     0.5773503000    -0.5773503000
          -0.7104189395     0.0066715266    -0.7037474129
 0,113 -860.79249718 -926.53847098 1453.33105966 2 0
   0,272    -0.5773503000     0.5773503000    -0.5773503000
           0.0006560267     0.7074345663     0.7067785396
   0,305     0.5773503000    -0.5773503000     0.5773503000
          -0.0007224350     0.7067452869     0.7074677219
 0,114 434.76240508 -1038.84324174 1552.46682684 2 0
   0,304    -0.5773503000     0.5773503000    -0.5773503000
           0.4528205358     0.8148107878     0.3619902520
   0,176     0.5773503000    -0.5773503000     0.5773503000
           0.2685688164     0.8020441652     0.5334753489
 0,115 12.26992904 -787.77699735 1345.51151241 2 0
   0,164     0.5773503000    -0.5773503000     0.5773503000
          -0.5100215400    -0.8071959940    -0.2971744540
   0,237    -0.5773503000     0.5773503000    -0.5773503000
           0.1310212829    -0.6324328144    -0.7634540973
 0,116 -327.63372940 756.47618769 -676.99744570 2 0
   0,159    -0.5773503000     0.5773503000    -0.5773503000
          -0.0148825230    -0.7144305704    -0.6995480474
   0,121     0.5773503000    -0.5773503000     0.5773503000
           0.0007868198    -0.7067130430    -0.7074998628
 0,117 882.62597055 -1138.83910214 1336.34921997 2 0
   0,252    -0.5773503000     0.5773503000    -0.5773503000
          -0.4063072929    -0.8164935097    -0.4101862167
   0,95     0.5773503000    -0.5773503000     0.5773503000
          -0.3954524753    -0.8163642617    -0.4209117865
 0,118 1572.72012115 -1649.90241006 1693.22287772 2 0
   0,249    -0.5773503000     0.5773503000    -0.5773503000
          -0.0082481195     0.7029466414     0.7111947609
   0,242     0.5773503000    -0.5773503000     0.5773503000
          -0.1590450437     0.6140396639     0.7730847076
 0,119 37.21341775 -400.44983918 781.68082650 2 0
   0,243     0.5773503000    -0.5773503000     0.5773503000
           0.2451122313    -0.5519362828    -0.7970485141
   0,14    -0.5773503000     0.5773503000    -0.5773503000
          -0.2691244475    -0.8021541828    -0.5330297353
 0,120 1163.62609395 -1408.81163460 1569.83679082 2 0
   0,155     0.5773503000    -0.5773503000     0.5773503000
           0.6555852732     0.7492851777     0.0936999045
   0,129    -0.5773503000     0.5773503000    -0.5773503000
           0.6480805261     0.7541492304     0.1060687043
 0,121 -259.13392765 766.95052317 -691.10237318 2 0
   0,107     0.5773503000    -0.5773503000     0.5773503000
          -0.0138464958    -0.7139283440    -0.7000818482
   0,116    -0.5773503000     0.5773503000    -0.5773503000
           0.0007868198    -0.7067130430    -0.7074998628
 0,122 573.90404882 -932.54032115 1034.67914589 2 0
   0,220    -0.5773503000     0.5773503000    -0.5773503000
           0.1979697048     0.7849921388     0.5870224340
   0,15     0.5773503000    -0.5773503000     0.5773503000
           0.1756812554     0.7783853926     0.6027041373
 0,123 -83.28771433 138.48892318 -153.10129411 2 0
   0,228    -0.5773503000     0.5773503000    -0.5773503000
          -0.1235444438     0.6371931405     0.7607375843
   0,259     0.5773503000    -0.5773503000     0.5773503000
          -0.3427192883     0.4704406496     0.8131599379
 0,124 -398.89458416 -662.77869949 1059.35316486 2 0
   0,174     0.5773503000    -0.5773503000     0.5773503000
           0.2275114279     0.7928572621     0.5653458341
   0,73    -0.5773503000     0.5773503000    -0.5773503000
           0.1253639909    -0.6360403402    -0.7614043311
 0,125 104.77279423 -911.86734536 1467.11388574 2 0
   0,291    -0.5773503000     0.5773503000    -0.5773503000
          -0.7716921254    -0.1548299426     0.6168621828
   0,168     0.5773503000    -0.5773503000     0.5773503000
           0.3707055163    -0.4446734835    -0.8153789998
 0,126 -10.41379086 -1316.46871472 -851.63827327 2 0
   0,112    -0.5773503000    -0.5773503000     0.5773503000
          -0.7104189395     0.0066715266    -0.7037474129
   0,77     0.5773503000     0.5773503000    -0.5773503000
          -0.7305124454     0.0494023399    -0.6811101055
 0,127 -1140.55589595 689.46006818 -710.64977017 2 0
   0,70     0.5773503000    -0.5773503000     0.5773503000
           0.0876682633    -0.6591848629    -0.7468531262
   0,102    -0.5773503000     0.5773503000    -0.5773503000
          -0.6374918073    -0.7605639055    -0.1230720982
 0,128 260.54347403 -398.77972611 421.37238424 2 0
   0,44    -0.5773503000     0.5773503000    -0.5773503000
          -0.6502314387    -0.7527830048    -0.1025515661
   0,26     0.5773503000    -0.5773503000     0.5773503000
          -0.0017633697    -0.7079868170    -0.7062234473
 0,129 1218.60549365 -1459.23883810 1599.61180888 2 0
   0,173    -0.5773503000     0.5773503000    -0.5773503000
           0.6387261539     0.7598419927     0.1211158388
   0,120     0.5773503000    -0.5773503000     0.5773503000
           0.6480805261     0.7541492304     0.1060687043
 0,130 -1263.84588933 234.61444700 175.18037684 2 0
   0,105    -0.5773503000     0.5773503000    -0.5773503000
           0.4855872185     0.8112597823     0.3256725638
   0,177     0.5773503000    -0.5773503000     0.5773503000
          -0.7384720731    -0.0675835081     0.6708885650
 0,131 240.91595525 -462.02106410 516.33529072 2 0
   0,44     0.5773503000    -0.5773503000     0.5773503000
           0.5908599645    -0.1925898706    -0.7834498351
   0,4    -0.5773503000     0.5773503000    -0.5773503000
          -0.1570041001    -0.7724129121    -0.6154088119
 0,132 368.52131785 -1048.10224095 1387.51501444 2 0
   0,172    -0.5773503000     0.5773503000    -0.5773503000
           0.4179571354     0.8164189967     0.3984618612
   0,27     0.5773503000    -0.5773503000     0.5773503000
           0.4506373466     0.8149749176     0.3643375709
 0,133 -1677.07085820 1054.06768802 -1046.36358834 2 0
   0,32     0.5773503000    -0.5773503000     0.5773503000
          -0.0007922927     0.7067103019     0.7075025946
   0,247    -0.5773503000     0.5773503000    -0.5773503000
           0.0006390370     0.7074260831     0.7067870461
 0,134 -26.85092046 -491.05804791 925.80568867 2 0
   0,14     0.5773503000    -0.5773503000     0.5773503000
          -0.4389457983    -0.8157068630    -0.3767610647
   0,46    -0.5773503000     0.5773503000    -0.5773503000
          -0.3768298179    -0.8157102670    -0.4388804491
 0,135 -704.96826511 -364.83639145 712.32962871 2 0
   0,284     0.5773503000    -0.5773503000     0.5773503000
          -0.3115295835    -0.8093793486    -0.4978497651
   0,200    -0.5773503000     0.5773503000    -0.5773503000
          -0.4086239506     0.4078725151     0.8164964657
 0,136 639.50208099 -1061.22048248 1348.06591789 2 0
   0,88    -0.5773503000     0.5773503000    -0.5773503000
          -0.4304870883     0.3855980740     0.8160851623
   0,163     0.5773503000    -0.5773503000     0.5773503000
           0.4585292844     0.8143399976     0.3558107133
 0,137 -39.39968207 -551.29072633 1046.98522044 2 0
   0,179    -0.5773503000     0.5773503000    -0.5773503000
           0.4574106266    -0.3570263992    -0.8144370258
   0,46     0.5773503000    -0.5773503000     0.5773503000
          -0.3785111119    -0.8157912721    -0.4372801602
 0,138 -138.08960368 -880.74499470 -1220.06997905 2 0
   0,162    -0.5773503000    -0.5773503000     0.5773503000
           0.7009846582    -0.7130738809    -0.0120892226
   0,61     0.5773503000     0.5773503000    -0.5773503000
           0.7146855769    -0.6992761074     0.0154094695
 0,139 -155.37837488 -843.64656377 -1447.72003206 2 0
   0,67     0.5773503000     0.5773503000    -0.5773503000
           0.0000000000     0.0000000000     0.0000000000
   0,13    -0.5773503000    -0.5773503000     0.5773503000
           0.7113664387    -0.7027687166     0.0085977221
 0,140 521.19700298 -327.37375559 692.21515164 2 0
   0,215    -0.5773503000     0.5773503000    -0.5773503000
           0.1311591674    -0.6323444484    -0.7635036158
   0,286     0.5773503000    -0.5773503000     0.5773503000
          -0.4864896825    -0.8111320146    -0.3246423321
 0,141 -413.51513574 21.18447460 213.34256514 2 0
   0,146     0.5773503000    -0.5773503000     0.5773503000
          -0.3798183110    -0.8158512758    -0.4360329648
   0,83    -0.5773503000     0.5773503000    -0.5773503000
          -0.0688305462    -0.7390050594    -0.6701745132
 0,142 -106.35814568 -891.71659644 1289.95988851 2 0
   0,165    -0.5773503000     0.5773503000    -0.5773503000
          -0.3071825246     0.5015645760     0.8087471006
   0,59     0.5773503000    -0.5773503000     0.5773503000
           0.0853102388     0.7458916531     0.6605814143
 0,143 -602.66420806 381.14732231 -170.59490132 2 0
   0,274     0.5773503000    -0.5773503000     0.5773503000
           0.4578408754     0.8143999844     0.3565591090
   0,106    -0.5773503000     0.5773503000    -0.5773503000
           0.0052725523    -0.7044557618    -0.7097283141
 0,144 -157.31148833 -833.90484468 -1604.61871041 2 0
   0,67    -0.5773503000    -0.5773503000     0.5773503000
           0.0000000000     0.0000000000     0.0000000000
   0,66     0.5773503000     0.5773503000    -0.5773503000
          -0.7537336075     0.1049950753    -0.6487385322
 0,145 -1312.60980281 -787.12029423 1524.83278075 2 0
   0,49     0.5773503000    -0.5773503000     0.5773503000
           0.0805806018     0.7439450990     0.6633644973
   0,227    -0.5773503000     0.5773503000    -0.5773503000
          -0.7076585172    -0.7065537506     0.0011047666
 0,146 -454.25297485 72.66880700 160.13897393 2 0
   0,288     0.5773503000    -0.5773503000     0.5773503000
           0.0701462898    -0.6694193132    -0.7395656030
   0,141    -0.5773503000     0.5773503000    -0.5773503000
          -0.3798183110    -0.8158512758    -0.4360329648
 0,147 -308.38843381 -89.49812707 323.96311835 2 0
   0,196     0.5773503000    -0.5773503000     0.5773503000
           0.0655834954     0.7376137847     0.6720302893
   0,183    -0.5773503000     0.5773503000    -0.5773503000
           0.0366581054     0.7247228080     0.6880647026
 0,148 836.93107742 -799.91567819 1071.67941846 2 0
   0,182    -0.5773503000     0.5773503000    -0.5773503000
           0.2173485031     0.7902677676     0.5729192645
   0,218     0.5773503000    -0.5773503000     0.5773503000
          -0.0237086304     0.6949543050     0.7186629354
 0,149 -1489.05641915 -370.88149207 1093.06092297 2 0
   0,42     0.5773503000    -0.5773503000     0.5773503000
          -0.1165507538    -0.7581410364    -0.6415902826
   0,36    -0.5773503000     0.5773503000    -0.5773503000
           0.3975351239    -0.4188685518    -0.8164036757
 0,150 374.25741878 -268.16015934 332.90682432 2 0
   0,37     0.5773503000    -0.5773503000     0.5773503000
          -0.0118976635    -0.7129805384    -0.7010828749
   0,235    -0.5773503000     0.5773503000    -0.5773503000
           0.2681031933    -0.5338484769    -0.8019516702
 0,151 -1484.44669731 441.94301981 -49.71733200 2 0
   0,245    -0.5773503000     0.5773503000    -0.5773503000
           0.2146968448    -0.5748751104    -0.7895719551
   0,20     0.5773503000    -0.5773503000     0.5773503000
          -0.1905749288    -0.7828635674    -0.5922886386
 0,152 -527.87683350 661.29408597 -490.01324413 2 0
   0,28     0.5773503000    -0.5773503000     0.5773503000
          -0.1150212096    -0.7575660248    -0.6425448151
   0,226    -0.5773503000     0.5773503000    -0.5773503000
           0.6218017730    -0.1473805950    -0.7691823680
 0,153 173.06679811 -300.19477519 707.87794783 2 0
   0,154     0.5773503000    -0.5773503000     0.5773503000
          -0.0253656718    -0.7194483111    -0.6940826394
   0,209    -0.5773503000     0.5773503000    -0.5773503000
          -0.0655093953    -0.7375819030    -0.6720725076
 0,154 250.00236481 -297.31944655 677.30229262 2 0
   0,190     0.5773503000    -0.5773503000     0.5773503000
          -0.5211688713    -0.8049071852    -0.2837383139
   0,153    -0.5773503000     0.5773503000    -0.5773503000
          -0.0253656718    -0.7194483111    -0.6940826394
 0,155 1131.93670143 -1375.73168185 1550.58896858 2 0
   0,120    -0.5773503000     0.5773503000    -0.5773503000
           0.6555852732     0.7492851777     0.0936999045
   0,93     0.5773503000    -0.5773503000     0.5773503000
           0.6181310395     0.7710563352     0.1529252957
 0,156 -1086.03777024 590.48069298 -564.47210133 2 0
   0,102     0.5773503000    -0.5773503000     0.5773503000
          -0.2315898683    -0.7938617448    -0.5622718765
   0,43    -0.5773503000     0.5773503000    -0.5773503000
          -0.4976375564    -0.8094145745    -0.3117770182
 0,157 58.33249363 -955.58853938 1351.08598963 2 0
   0,266    -0.5773503000     0.5773503000    -0.5773503000
           0.6124858266     0.7738387154     0.1613528888
   0,275     0.5773503000    -0.5773503000     0.5773503000
          -0.0990027682     0.6523880936     0.7513908618
 0,158 -486.64530878 -523.68181103 927.64192349 2 0
   0,187    -0.5773503000     0.5773503000    -0.5773503000
          -0.0341579408    -0.7235667101    -0.6894087693
   0,293     0.5773503000    -0.5773503000     0.5773503000
          -0.0980376271     0.6529722603     0.7510098874
 0,159 -368.87422277 751.75470594 -655.27000251 2 0
   0,116     0.5773503000    -0.5773503000     0.5773503000
          -0.0148825230    -0.7144305704    -0.6995480474
   0,52    -0.5773503000     0.5773503000    -0.5773503000
          -0.6340301363    -0.7625533265    -0.1285231902
 0,160 -954.16823354 -608.88133095 1172.34753110 2 0
   0,268    -0.5773503000     0.5773503000    -0.5773503000
          -0.0805688239     0.6633713977     0.7439402216
   0,85     0.5773503000    -0.5773503000     0.5773503000
          -0.6077183790     0.1683788637     0.7760972427
 0,161 516.28002885 -291.60968499 448.55232492 2 0
   0,91     0.5773503000    -0.5773503000     0.5773503000
           0.4060185913     0.8164925290     0.4104739378
   0,19    -0.5773503000     0.5773503000    -0.5773503000
          -0.2723961033     0.5303979821     0.8027940854
 0,162 -127.58385309 -900.40280154 -1158.05363150 2 0
   0,138     0.5773503000     0.5773503000    -0.5773503000
           0.7009846582    -0.7130738809    -0.0120892226
   0,78    -0.5773503000    -0.5773503000     0.5773503000
           0.7075866470    -0.7066259364     0.0009607106
 0,163 569.33375751 -1068.36859401 1370.56749585 2 0
   0,45     0.5773503000    -0.5773503000     0.5773503000
           0.2577234980     0.7998192357     0.5420957377
   0,136    -0.5773503000     0.5773503000    -0.5773503000
           0.4585292844     0.8143399976     0.3558107133
 0,164 -11.50984534 -752.18807450 1290.19387852 2 0
   0,208     0.5773503000    -0.5773503000     0.5773503000
          -0.3396622484    -0.8128491393    -0.4731868909
   0,115    -0.5773503000     0.5773503000    -0.5773503000
          -0.5100215400    -0.8071959940    -0.2971744540
 0,165 -63.50647230 -921.66659252 1304.46483949 2 0
   0,142     0.5773503000    -0.5773503000     0.5773503000
          -0.3071825246     0.5015645760     0.8087471006
   0,275    -0.5773503000     0.5773503000    -0.5773503000
          -0.0962416211     0.6540566334     0.7502982545
 0,166 795.16751583 -930.65259305 1201.18796934 2 0
   0,224     0.5773503000    -0.5773503000     0.5773503000
           0.6157978412     0.7722207530     0.1564229118
   0,218    -0.5773503000     0.5773503000    -0.5773503000
           0.4978526850     0.8093788633     0.3115261782
 0,167 -1263.69966063 818.20243209 -789.53029902 2 0
   0,264    -0.5773503000     0.5773503000    -0.5773503000
          -0.0847375118     0.6609197095     0.7456572213
   0,170     0.5773503000    -0.5773503000     0.5773503000
          -0.4368331347     0.3789799587     0.8158130934
 0,168 73.83491323 -879.93848045 1435.62343054 2 0
   0,237     0.5773503000    -0.5773503000     0.5773503000
           0.3935310521    -0.4227907533    -0.8163218054
   0,125    -0.5773503000     0.5773503000    -0.5773503000
           0.3707055163    -0.4446734835    -0.8153789998
 0,169 725.67049178 -1028.11198177 1291.58789512 2 0
   0,224    -0.5773503000     0.5773503000    -0.5773503000
          -0.1728285227     0.6046701954     0.7774987181
   0,88     0.5773503000    -0.5773503000     0.5773503000
           0.3925906664     0.8162989029     0.4237082366
 0,170 -1320.17949155 844.72744293 -828.25176325 2 0
   0,167    -0.5773503000     0.5773503000    -0.5773503000
          -0.4368331347     0.3789799587     0.8158130934
   0,64     0.5773503000    -0.5773503000     0.5773503000
          -0.1930744134     0.5905157048     0.7835901182
 0,171 439.40664798 -346.76341789 495.45327764 2 0
   0,91    -0.5773503000     0.5773503000    -0.5773503000
          -0.5580871338     0.2370998854     0.7951870192
   0,273     0.5773503000    -0.5773503000     0.5773503000
          -0.3066959085     0.5019788457     0.8086747542
 0,172 443.69653833 -1071.64372325 1378.20249046 2 0
   0,45    -0.5773503000     0.5773503000    -0.5773503000
          -0.1794519382     0.6000912179     0.7795431560
   0,132     0.5773503000    -0.5773503000     0.5773503000
           0.4179571354     0.8164189967     0.3984618612
 0,173 1263.57334082 -1500.09994628 1619.29381039 2 0
   0,295    -0.5773503000     0.5773503000    -0.5773503000
          -0.4817938148     0.3299849017     0.8117787165
   0,129     0.5773503000    -0.5773503000     0.5773503000
           0.6387261539     0.7598419927     0.1211158388
 0,174 -438.21322191 -614.49060234 1013.92156917 2 0
   0,124    -0.5773503000     0.5773503000    -0.5773503000
           0.2275114279     0.7928572621     0.5653458341
   0,187     0.5773503000    -0.5773503000     0.5773503000
          -0.3167331436    -0.8101027813    -0.4933696377
 0,175 -1016.84688358 511.84688563 -469.70183702 2 0
   0,232    -0.5773503000     0.5773503000    -0.5773503000
          -0.7000191950    -0.7139874059    -0.0139682109
   0,43     0.5773503000    -0.5773503000     0.5773503000
          -0.4714196859    -0.8130508252    -0.3416311393
 0,176 384.52278233 -1057.34219765 1561.17501893 2 0
   0,114    -0.5773503000     0.5773503000    -0.5773503000
           0.2685688164     0.8020441652     0.5334753489
   0,306     0.5773503000    -0.5773503000     0.5773503000
          -0.2854175093    -0.8052060256    -0.5197885163
 0,177 -1308.09810124 281.54775622 116.11830553 2 0
   0,130    -0.5773503000     0.5773503000    -0.5773503000
          -0.7384720731    -0.0675835081     0.6708885650
   0,24     0.5773503000    -0.5773503000     0.5773503000
          -0.2358614268     0.5590309107     0.7948923375
 0,178 1750.00000000 -1656.92749207 1700.03918134 1 1
   0,21     0.5773503000    -0.5773503000     0.5773503000
           0.0681858531     0.7387297246     0.6705438714
 0,179 -42.64035220 -607.87032989 1107.52038964 2 0
   0,137     0.5773503000    -0.5773503000     0.5773503000
           0.4574106266    -0.3570263992    -0.8144370258
   0,212    -0.5773503000     0.5773503000    -0.5773503000
          -0.1465164407    -0.7688872159    -0.6223707752
 0,180 821.16870618 -664.04980412 920.28256399 2 0
   0,47     0.5773503000    -0.5773503000     0.5773503000
           0.2193822721     0.7907958005     0.5714135285
   0,258    -0.5773503000     0.5773503000    -0.5773503000
          -0.4076900326     0.4088062940     0.8164963266
 0,181 -866.89909259 -176.25078685 540.94558121 2 0
   0,7     0.5773503000    -0.5773503000     0.5773503000
           0.3763394737    -0.4393463589    -0.8156858326
   0,1    -0.5773503000     0.5773503000    -0.5773503000
           0.3600901924    -0.4545817942    -0.8146719866
 0,182 839.29346646 -753.83637288 1018.02760226 2 0
   0,148     0.5773503000    -0.5773503000     0.5773503000
           0.2173485031     0.7902677676     0.5729192645
   0,47    -0.5773503000     0.5773503000    -0.5773503000
           0.1028081611     0.7528831334     0.6500749722
 0,183 -270.63137319 -120.14927766 354.23568652 2 0
   0,199    -0.5773503000     0.5773503000    -0.5773503000
           0.3889838483     0.8161981846     0.4272143363
   0,147     0.5773503000    -0.5773503000     0.5773503000
           0.0366581054     0.7247228080     0.6880647026
 0,184 1008.83128072 -1269.68301483 1472.30414671 2 0
   0,210     0.5773503000    -0.5773503000     0.5773503000
           0.6416486996     0.7581059635     0.1164572639
   0,94    -0.5773503000     0.5773503000    -0.5773503000
           0.6283510287     0.7657076157     0.1373565871
 0,185 -213.91518809 127.42818070 -145.81155023 2 0
   0,259    -0.5773503000     0.5773503000    -0.5773503000
          -0.1674018945     0.6083846358     0.7757865303
   0,50     0.5773503000    -0.5773503000     0.5773503000
          -0.3150345729     0.4948360790     0.8098706519
 0,186 605.84838910 -386.81703792 714.42649067 2 0
   0,286    -0.5773503000     0.5773503000    -0.5773503000
          -0.5237563065    -0.8043350627    -0.2805787562
   0,282     0.5773503000    -0.5773503000     0.5773503000
          -0.6654929599    -0.7424284789    -0.0769355190
 0,187 -473.38381066 -555.16150805 959.68682652 2 0
   0,174    -0.5773503000     0.5773503000    -0.5773503000
          -0.3167331436    -0.8101027813    -0.4933696377
   0,158     0.5773503000    -0.5773503000     0.5773503000
          -0.0341579408    -0.7235667101    -0.6894087693
 0,188 716.47078066 -494.28662676 785.22217847 2 0
   0,282    -0.5773503000     0.5773503000    -0.5773503000
          -0.3402012150    -0.8129048934    -0.4727036784
   0,269     0.5773503000    -0.5773503000     0.5773503000
          -0.5137270750     0.2927393822     0.8064664572
 0,189 -570.37500701 257.15924940 -27.57611871 2 0
   0,17    -0.5773503000     0.5773503000    -0.5773503000
          -0.1975066817    -0.7848607180    -0.5873540363
   0,204     0.5773503000    -0.5773503000     0.5773503000
          -0.1784071582    -0.7792239878    -0.6008168296
 0,190 333.43192024 -292.80349616 671.85174682 2 0
   0,215     0.5773503000    -0.5773503000     0.5773503000
          -0.1767173585    -0.7787051368    -0.6019877783
   0,154    -0.5773503000     0.5773503000    -0.5773503000
          -0.5211688713    -0.8049071852    -0.2837383139
 0,191 -36.51270672 -674.04169000 1187.82787524 2 0
   0,212     0.5773503000    -0.5773503000     0.5773503000
          -0.1471295213    -0.7690966995    -0.6219671782
   0,208    -0.5773503000     0.5773503000    -0.5773503000
          -0.1465730236    -0.7689065673    -0.6223335437
 0,192 -949.38000466 -47.96363359 444.51372810 2 0
   0,201    -0.5773503000     0.5773503000    -0.5773503000
           0.0097631442     0.7119378010     0.7021746567
   0,221     0.5773503000    -0.5773503000     0.5773503000
          -0.1083798388     0.6466598205     0.7550396593
 0,193 209.40687776 -986.33718393 1547.63601350 2 0
   0,291     0.5773503000    -0.5773503000     0.5773503000
          -0.4816913760    -0.8117923262    -0.3301009503
   0,206    -0.5773503000     0.5773503000    -0.5773503000
          -0.2656465783    -0.8014591554    -0.5358125770
 0,194 -1541.49711017 -431.60393576 1153.97693978 2 0
   0,36     0.5773503000    -0.5773503000     0.5773503000
          -0.0529175853    -0.7320789432    -0.6791613579
   0,223    -0.5773503000     0.5773503000    -0.5773503000
          -0.0805457911    -0.7439306829    -0.6633848918
 0,195 167.07932740 -354.97019956 554.02774668 2 0
   0,11    -0.5773503000     0.5773503000    -0.5773503000
           0.1652129332     0.7750864410     0.6098735079
   0,289     0.5773503000    -0.5773503000     0.5773503000
          -0.3087339753     0.5002416736     0.8089756489
 0,196 -345.01322968 -55.20649029 290.75695840 2 0
   0,83     0.5773503000    -0.5773503000     0.5773503000
          -0.7083337151    -0.7058734270     0.0024602881
   0,147    -0.5773503000     0.5773503000    -0.5773503000
           0.0655834954     0.7376137847     0.6720302893
 0,197 -903.63937379 -1043.83396737 1570.51962443 2 0
   0,305    -0.5773503000     0.5773503000    -0.5773503000
          -0.0009676317     0.7066224688     0.7075901005
   0,298     0.5773503000    -0.5773503000     0.5773503000
          -0.0009513894     0.7066306065     0.7075819959
 0,198 -1518.60673978 -661.63199157 1410.37664884 2 0
   0,248    -0.5773503000     0.5773503000    -0.5773503000
          -0.2683192933    -0.8019946320    -0.5336753387
   0,29     0.5773503000    -0.5773503000     0.5773503000
          -0.2821606654    -0.8046231114    -0.5224624460
 0,199 -232.87431257 -150.80042824 384.50825468 2 0
   0,183     0.5773503000    -0.5773503000     0.5773503000
           0.3889838483     0.8161981846     0.4272143363
   0,290    -0.5773503000     0.5773503000    -0.5773503000
          -0.0292193527     0.6920441796     0.7212635322
 0,200 -673.26420285 -392.77763169 742.10408548 2 0
   0,260    -0.5773503000     0.5773503000    -0.5773503000
          -0.6382082366     0.1219374727     0.7601457093
   0,135     0.5773503000    -0.5773503000     0.5773503000
          -0.4086239506     0.4078725151     0.8164964657
 0,201 -921.40488206 -93.72917500 466.08748734 2 0
   0,7    -0.5773503000     0.5773503000    -0.5773503000
          -0.0489173368    -0.7302952788    -0.6813779420
   0,192     0.5773503000    -0.5773503000     0.5773503000
           0.0097631442     0.7119378010     0.7021746567
 0,202 -1410.19489921 352.19607267 36.59249079 2 0
   0,245     0.5773503000    -0.5773503000     0.5773503000
          -0.7871405344    -0.5814727267     0.2056678077
   0,24    -0.5773503000     0.5773503000    -0.5773503000
          -0.2132601713     0.5759313215     0.7891914928
 0,203 32.79043002 -311.73542736 539.76258635 2 0
   0,263     0.5773503000    -0.5773503000     0.5773503000
           0.1969070364     0.7846901496     0.5877831132
   0,289    -0.5773503000     0.5773503000    -0.5773503000
          -0.1472760365     0.6218706638     0.7691467003
 0,204 -589.32179912 310.79620154 -82.72416123 2 0
   0,106     0.5773503000    -0.5773503000     0.5773503000
          -0.5086062373    -0.8074665407    -0.2988603035
   0,189    -0.5773503000     0.5773503000    -0.5773503000
          -0.1784071582    -0.7792239878    -0.6008168296
 0,206 286.34430432 -1037.60362027 1563.56542830 2 0
   0,306    -0.5773503000     0.5773503000    -0.5773503000
           0.2078569169     0.7877388317     0.5798819148
   0,193     0.5773503000    -0.5773503000     0.5773503000
          -0.2656465783    -0.8014591554    -0.5358125770
 0,207 183.09774506 253.91585099 -301.85751307 2 0
   0,80    -0.5773503000     0.5773503000    -0.5773503000
          -0.2865775586     0.5188327935     0.8054103521
   0,51     0.5773503000    -0.5773503000     0.5773503000
           0.2631082233     0.8009423003     0.5378340770
 0,208 -26.74966236 -717.73355270 1239.59626118 2 0
   0,164    -0.5773503000     0.5773503000    -0.5773503000
          -0.3396622484    -0.8128491393    -0.4731868909
   0,191     0.5773503000    -0.5773503000     0.5773503000
          -0.1465730236    -0.7689065673    -0.6223335437
 0,209 124.12034362 -317.90902610 731.99022796 2 0
   0,153     0.5773503000    -0.5773503000     0.5773503000
          -0.0655093953    -0.7375819030    -0.6720725076
   0,243    -0.5773503000     0.5773503000    -0.5773503000
           0.1271004796    -0.6349367687    -0.7620372483
 0,210 946.00704113 -1212.64958848 1419.64725451 2 0
   0,184    -0.5773503000     0.5773503000    -0.5773503000
           0.6416486996     0.7581059635     0.1164572639
   0,252     0.5773503000    -0.5773503000     0.5773503000
           0.6769119988     0.7338578323     0.0569458335
 0,211 75.49552617 671.58724556 -631.42917569 2 0
   0,231    -0.5773503000     0.5773503000    -0.5773503000
          -0.2161774548    -0.7899615022    -0.5737840474
   0,225     0.5773503000    -0.5773503000     0.5773503000
          -0.5416620213    -0.7999356232    -0.2582736020
 0,212 -40.64842029 -641.74322886 1148.89755382 2 0
   0,191    -0.5773503000     0.5773503000    -0.5773503000
          -0.1471295213    -0.7690966995    -0.6219671782
   0,179     0.5773503000    -0.5773503000     0.5773503000
          -0.1465164407    -0.7688872159    -0.6223707752
 0,213 -107.29095999 758.52510717 -687.31555648 2 0
   0,107    -0.5773503000     0.5773503000    -0.5773503000
           0.2264791677    -0.5661206961    -0.7925998638
   0,299     0.5773503000    -0.5773503000     0.5773503000
          -0.0671603827    -0.7382908499    -0.6711304672
 0,214 -511.42378554 163.00801250 -171.68965063 2 0
   0,92    -0.5773503000     0.5773503000    -0.5773503000
          -0.0168091583     0.6985523425     0.7153615009
   0,261     0.5773503000    -0.5773503000     0.5773503000
          -0.2959953931     0.5110091665     0.8070045595
 0,215 429.88959513 -302.91103755 676.11941886 2 0
   0,140     0.5773503000    -0.5773503000     0.5773503000
           0.1311591674    -0.6323444484    -0.7635036158
   0,190    -0.5773503000     0.5773503000    -0.5773503000
          -0.1767173585    -0.7787051368    -0.6019877783
 0,216 80.82057397 164.01057386 -220.00486106 2 0
   0,54     0.5773503000    -0.5773503000     0.5773503000
           0.1572919329     0.7725079382     0.6152160053
   0,51    -0.5773503000     0.5773503000    -0.5773503000
          -0.2494553215     0.5485694742     0.7980247957
 0,217 -1319.08235143 -361.39901278 1015.05848234 2 0
   0,230     0.5773503000    -0.5773503000     0.5773503000
          -0.4106963286    -0.8164916779    -0.4057953493
   0,5    -0.5773503000     0.5773503000    -0.5773503000
          -0.4119015262    -0.8164856512    -0.4045841250
 0,218 821.25661259 -862.43262233 1142.45425767 2 0
   0,148    -0.5773503000     0.5773503000    -0.5773503000
          -0.0237086304     0.6949543050     0.7186629354
   0,166     0.5773503000    -0.5773503000     0.5773503000
           0.4978526850     0.8093788633     0.3115261782
 0,219 -902.22406368 400.05841981 -361.74775913 2 0
   0,267     0.5773503000    -0.5773503000     0.5773503000
           0.2517296946     0.7985268134     0.5467971188
   0,257    -0.5773503000     0.5773503000    -0.5773503000
           0.6114207608     0.7743504234     0.1629296626
 0,220 622.74531571 -965.43965241 1070.96405592 2 0
   0,279    -0.5773503000     0.5773503000    -0.5773503000
           0.1593082015     0.7731709878     0.6138627864
   0,122     0.5773503000    -0.5773503000     0.5773503000
           0.1979697048     0.7849921388     0.5870224340
 0,221 -1022.09794041 -1.51662925 400.66824355 2 0
   0,192    -0.5773503000     0.5773503000    -0.5773503000
          -0.1083798388     0.6466598205     0.7550396593
   0,71     0.5773503000    -0.5773503000     0.5773503000
           0.5071234111     0.8077452351     0.3006218240
 0,222 -967.74376248 -1152.94064985 1679.50963201 2 0
   0,298    -0.5773503000     0.5773503000    -0.5773503000
          -0.0007465178     0.7067332267     0.7074797445
   0,68     0.5773503000    -0.5773503000     0.5773503000
           0.0014732460     0.7078422531     0.7063690071
 0,223 -1560.32124044 -477.31472341 1203.14599655 2 0
   0,194     0.5773503000    -0.5773503000     0.5773503000
          -0.0805457911    -0.7439306829    -0.6633848918
   0,109    -0.5773503000     0.5773503000    -0.5773503000
          -0.1525406790    -0.7709274534    -0.6183867745
 0,224 768.01353441 -970.73079645 1254.08551897 2 0
   0,166    -0.5773503000     0.5773503000    -0.5773503000
           0.6157978412     0.7722207530     0.1564229118
   0,169     0.5773503000    -0.5773503000     0.5773503000
          -0.1728285227     0.6046701954     0.7774987181
 0,225 126.28475685 624.65419222 -598.68228385 2 0
   0,211    -0.5773503000     0.5773503000    -0.5773503000
          -0.5416620213    -0.7999356232    -0.2582736020
   0,8     0.5773503000    -0.5773503000     0.5773503000
          -0.5284170562     0.2748476480     0.8032647042
 0,226 -547.89988854 611.98579830 -467.85327421 2 0
   0,152     0.5773503000    -0.5773503000     0.5773503000
           0.6218017730    -0.1473805950    -0.7691823680
   0,38    -0.5773503000     0.5773503000    -0.5773503000
          -0.2414099176    -0.7961980667    -0.5547881490
 0,227 -1307.68373389 -784.80799323 1578.15614828 2 0
   0,145     0.5773503000    -0.5773503000     0.5773503000
          -0.7076585172    -0.7065537506     0.0011047666
   0,18    -0.5773503000     0.5773503000    -0.5773503000
          -0.7071466174    -0.7070669382     0.0000796792
 0,228 -37.58372452 140.34621075 -165.82057233 2 0
   0,54    -0.5773503000     0.5773503000    -0.5773503000
           0.0296781368     0.7214785848     0.6918004480
   0,123     0.5773503000    -0.5773503000     0.5773503000
          -0.1235444438     0.6371931405     0.7607375843
 0,229 -1417.58596066 914.87628608 -904.55494025 2 0
   0,64    -0.5773503000     0.5773503000    -0.5773503000
          -0.3602461397     0.4544374388     0.8146835785
   0,9     0.5773503000    -0.5773503000     0.5773503000
          -0.2062085259     0.5810803122     0.7872888381
 0,230 -1246.60720868 -390.67354064 1006.34478519 2 0
   0,56     0.5773503000    -0.5773503000     0.5773503000
           0.6888275688     0.7240681474     0.0352405787
   0,217    -0.5773503000     0.5773503000    -0.5773503000
          -0.4106963286    -0.8164916779    -0.4057953493
 0,231 21.23717269 714.60616437 -653.82488296 2 0
   0,211     0.5773503000    -0.5773503000     0.5773503000
          -0.2161774548    -0.7899615022    -0.5737840474
   0,299    -0.5773503000     0.5773503000    -0.5773503000
           0.0441221243    -0.6840125378    -0.7281346621
 0,232 -975.97204922 469.77678379 -427.12026271 2 0
   0,175     0.5773503000    -0.5773503000     0.5773503000
          -0.7000191950    -0.7139874059    -0.0139682109
   0,267    -0.5773503000     0.5773503000    -0.5773503000
           0.5790817363     0.7880368631     0.2089551268
 0,233 -1750.00000000 508.36087510 -141.06107105 1 1
   0,25    -0.5773503000     0.5773503000    -0.5773503000
          -0.0012232873     0.7064943439     0.7077176312
 0,234 189.20941044 525.21494296 -524.04391295 2 0
   0,8    -0.5773503000     0.5773503000    -0.5773503000
          -0.0996436697     0.6519996199     0.7516432896
   0,97     0.5773503000    -0.5773503000     0.5773503000
          -0.3776896865     0.4380625466     0.8157522332
 0,235 337.11961575 -297.52301446 341.91807045 2 0
   0,26    -0.5773503000     0.5773503000    -0.5773503000
           0.3359539936    -0.4765004548    -0.8124544484
   0,150     0.5773503000    -0.5773503000     0.5773503000
           0.2681031933    -0.5338484769    -0.8019516702
 0,236 -96.62717526 -253.84845988 477.50481141 2 0
   0,40     0.5773503000    -0.5773503000     0.5773503000
          -0.1018187489     0.6506779022     0.7524966511
   0,263    -0.5773503000     0.5773503000    -0.5773503000
          -0.4374910162     0.3782898410     0.8157808572
 0,237 45.46886766 -841.46254301 1401.70234751 2 0
   0,115     0.5773503000    -0.5773503000     0.5773503000
           0.1310212829    -0.6324328144    -0.7634540973
   0,168    -0.5773503000     0.5773503000    -0.5773503000
           0.3935310521    -0.4227907533    -0.8163218054
 0,238 -865.30021699 -768.88750373 1298.13653187 2 0
   0,101    -0.5773503000     0.5773503000    -0.5773503000
          -0.0055638567     0.7043084355     0.7098722922
   0,86     0.5773503000    -0.5773503000     0.5773503000
          -0.0038835012     0.7051570323     0.7090405335
 0,239 429.23546341 -800.61505295 906.09967995 2 0
   0,255    -0.5773503000     0.5773503000    -0.5773503000
          -0.4098725570    -0.8164944239    -0.4066218669
   0,65     0.5773503000    -0.5773503000     0.5773503000
          -0.1612680846    -0.7738111147    -0.6125430301
 0,240 1353.17939209 -1568.59209360 1646.97753315 2 0
   0,48    -0.5773503000     0.5773503000    -0.5773503000
           0.3794150675     0.8158330443     0.4364179767
   0,295     0.5773503000    -0.5773503000     0.5773503000
           0.6136435448     0.7732777724     0.1596342276
 0,241 -591.78946476 -456.53018183 817.38306911 2 0
   0,293    -0.5773503000     0.5773503000    -0.5773503000
           0.0328019699    -0.6901349470    -0.7229369169
   0,260     0.5773503000    -0.5773503000     0.5773503000
           0.3448055365    -0.4685588971    -0.8133644336
 0,242 1497.31623852 -1646.11945796 1667.24786344 2 0
   0,118    -0.5773503000     0.5773503000    -0.5773503000
          -0.1590450437     0.6140396639     0.7730847076
   0,283     0.5773503000    -0.5773503000     0.5773503000
           0.6646827273     0.7430086913     0.0783259640
 0,243 84.87076411 -347.57937759 750.76932715 2 0
   0,119    -0.5773503000     0.5773503000    -0.5773503000
           0.2451122313    -0.5519362828    -0.7970485141
   0,209     0.5773503000    -0.5773503000     0.5773503000
           0.1271004796    -0.6349367687    -0.7620372483
 0,244 -1149.92712564 112.87081175 306.44606555 2 0
   0,30    -0.5773503000     0.5773503000    -0.5773503000
          -0.0944069182     0.6551607629     0.7495676811
   0,75     0.5773503000    -0.5773503000     0.5773503000
           0.4993476256     0.8091279768     0.3097803512
 0,245 -1459.68886809 402.12882218 -12.89063741 2 0
   0,202    -0.5773503000     0.5773503000    -0.5773503000
          -0.7871405344    -0.5814727267     0.2056678077
   0,151     0.5773503000    -0.5773503000     0.5773503000
           0.2146968448    -0.5748751104    -0.7895719551
 0,246 182.56664710 -1020.17626397 1355.64318925 2 0
   0,292    -0.5773503000     0.5773503000    -0.5773503000
          -0.1613911285     0.6124600299     0.7738511584
   0,266     0.5773503000    -0.5773503000     0.5773503000
           0.2050784153     0.7869784911     0.5819000758
 0,247 -1619.17016547 1041.18213314 -1033.48460003 2 0
   0,133     0.5773503000    -0.5773503000     0.5773503000
           0.0006390370     0.7074260831     0.7067870461
   0,2    -0.5773503000     0.5773503000    -0.5773503000
           0.0012899179     0.7077508578     0.7064609398
 0,248 -1475.35591601 -710.79188384 1460.33258312 2 0
   0,198     0.5773503000    -0.5773503000     0.5773503000
          -0.2683192933    -0.8019946320    -0.5336753387
   0,100    -0.5773503000     0.5773503000    -0.5773503000
          -0.1703413903    -0.7767181325    -0.6063767422
 0,249 1644.90430976 -1661.71469729 1696.51996267 2 0
   0,21    -0.5773503000     0.5773503000    -0.5773503000
          -0.2422324015     0.5541560389     0.7963884405
   0,118     0.5773503000    -0.5773503000     0.5773503000
          -0.0082481195     0.7029466414     0.7111947609
 0,251 -594.60623328 498.93856537 -296.74534871 2 0
   0,297     0.5773503000    -0.5773503000     0.5773503000
           0.0401904681    -0.6861543994    -0.7263448675
   0,53    -0.5773503000     0.5773503000    -0.5773503000
           0.1403437337    -0.6264110265    -0.7667547602
 0,252 903.87146231 -1167.50731321 1371.99117903 2 0
   0,210    -0.5773503000     0.5773503000    -0.5773503000
           0.6769119988     0.7338578323     0.0569458335
   0,117     0.5773503000    -0.5773503000     0.5773503000
          -0.4063072929    -0.8164935097    -0.4101862167
 0,253 -1563.06983557 -569.76039808 1300.52675776 2 0
   0,109     0.5773503000    -0.5773503000     0.5773503000
           0.0735169271    -0.6674761892    -0.7409931162
   0,29    -0.5773503000     0.5773503000    -0.5773503000
          -0.0782929486    -0.7429949386    -0.6647019900
 0,255 472.86236673 -845.85648868 950.40138894 2 0
   0,239     0.5773503000    -0.5773503000     0.5773503000
          -0.4098725570    -0.8164944239    -0.4066218669
   0,15    -0.5773503000     0.5773503000    -0.5773503000
           0.2141438648    -0.5752819376    -0.7894258024
 0,256 266.33176440 -586.47095199 682.51845186 2 0
   0,108     0.5773503000    -0.5773503000     0.5773503000
          -0.4797704618    -0.8120436250    -0.3322731632
   0,16    -0.5773503000     0.5773503000    -0.5773503000
          -0.1638952245    -0.7746623923    -0.6107671678
 0,257 -864.13186970 363.59100984 -331.74079437 2 0
   0,58    -0.5773503000     0.5773503000    -0.5773503000
           0.2894914503     0.8059159189     0.5164244686
   0,219     0.5773503000    -0.5773503000     0.5773503000
           0.6114207608     0.7743504234     0.1629296626
 0,258 790.05796617 -594.60338953 868.09242131 2 0
   0,269    -0.5773503000     0.5773503000    -0.5773503000
          -0.0101432441     0.7019805938     0.7121238379
   0,180     0.5773503000    -0.5773503000     0.5773503000
          -0.4076900326     0.4088062940     0.8164963266
 0,259 -175.24697089 129.05136287 -146.44839226 2 0
   0,123    -0.5773503000     0.5773503000    -0.5773503000
          -0.3427192883     0.4704406496     0.8131599379
   0,185     0.5773503000    -0.5773503000     0.5773503000
          -0.1674018945     0.6083846358     0.7757865303
 0,260 -633.18871805 -422.99852046 777.15463967 2 0
   0,241    -0.5773503000     0.5773503000    -0.5773503000
           0.3448055365    -0.4685588971    -0.8133644336
   0,200     0.5773503000    -0.5773503000     0.5773503000
          -0.6382082366     0.1219374727     0.7601457093
 0,261 -600.07052648 179.29952863 -207.28476750 2 0
   0,214    -0.5773503000     0.5773503000    -0.5773503000
          -0.2959953931     0.5110091665     0.8070045595
   0,6     0.5773503000    -0.5773503000     0.5773503000
           0.0587489401     0.7346484746     0.6758995345
 0,263 -22.82871940 -289.45093554 519.29692428 2 0
   0,203    -0.5773503000     0.5773503000    -0.5773503000
           0.1969070364     0.7846901496     0.5877831132
   0,236     0.5773503000    -0.5773503000     0.5773503000
          -0.4374910162     0.3782898410     0.8157808572
 0,264 -1200.76581773 798.47579421 -761.37477591 2 0
   0,70    -0.5773503000     0.5773503000    -0.5773503000
           0.1158024578     0.7578600442     0.6420575864
   0,167     0.5773503000    -0.5773503000     0.5773503000
          -0.0847375118     0.6609197095     0.7456572213
 0,266 110.28311604 -971.83253072 1357.45171154 2 0
   0,246    -0.5773503000     0.5773503000    -0.5773503000
           0.2050784153     0.7869784911     0.5819000758
   0,157     0.5773503000    -0.5773503000     0.5773503000
           0.6124858266     0.7738387154     0.1613528888
 0,267 -929.21457052 426.35036909 -385.98826168 2 0
   0,219    -0.5773503000     0.5773503000    -0.5773503000
           0.2517296946     0.7985268134     0.5467971188
   0,232     0.5773503000    -0.5773503000     0.5773503000
           0.5790817363     0.7880368631     0.2089551268
 0,268 -1001.76571602 -553.00570530 1125.12037536 2 0
   0,160     0.5773503000    -0.5773503000     0.5773503000
          -0.0805688239     0.6633713977     0.7439402216
   0,103    -0.5773503000     0.5773503000    -0.5773503000
          -0.7199263299    -0.0263772545     0.6935490754
 0,269 754.27320454 -539.40582298 824.97923345 2 0
   0,258     0.5773503000    -0.5773503000     0.5773503000
          -0.0101432441     0.7019805938     0.7121238379
   0,188    -0.5773503000     0.5773503000    -0.5773503000
          -0.5137270750     0.2927393822     0.8064664572
 0,271 -397.49755622 137.66364874 -157.34906767 2 0
   0,92     0.5773503000    -0.5773503000     0.5773503000
           0.1559799219     0.7720740322     0.6160941103
   0,87    -0.5773503000     0.5773503000    -0.5773503000
           0.0113763549     0.7127263192     0.7013499643
 0,272 -853.65213974 -872.04354339 1399.08572613 2 0
   0,113     0.5773503000    -0.5773503000     0.5773503000
           0.0006560267     0.7074345663     0.7067785396
   0,86    -0.5773503000     0.5773503000    -0.5773503000
           0.0001654221     0.7071894777     0.7070240556
 0,273 364.49514078 -355.18696318 536.41434805 2 0
   0,285     0.5773503000    -0.5773503000     0.5773503000
          -0.4857071387     0.3255357616     0.8112429003
   0,171    -0.5773503000     0.5773503000    -0.5773503000
          -0.3066959085     0.5019788457     0.8086747542
 0,274 -604.05286691 414.87012405 -222.89852726 2 0
   0,143    -0.5773503000     0.5773503000    -0.5773503000
           0.4578408754     0.8143999844     0.3565591090
   0,53     0.5773503000    -0.5773503000     0.5773503000
          -0.2174952436    -0.7903060304    -0.5728107867
 0,275 -18.78789216 -936.75078253 1324.75814884 2 0
   0,157    -0.5773503000     0.5773503000    -0.5773503000
          -0.0990027682     0.6523880936     0.7513908618
   0,165     0.5773503000    -0.5773503000     0.5773503000
          -0.0962416211     0.6540566334     0.7502982545
 0,276 407.57346640 -1003.62611032 1676.55003391 2 0
   0,304     0.5773503000    -0.5773503000     0.5773503000
          -0.7075376990    -0.7066750742     0.0008626248
   0,104    -0.5773503000     0.5773503000    -0.5773503000
          -0.7071179054    -0.7070956565     0.0000222489
 0,277 -228.55786378 -816.16274684 1217.80622264 2 0
   0,99     0.5773503000    -0.5773503000     0.5773503000
          -0.4147780958    -0.8164615792    -0.4016834834
   0,59    -0.5773503000     0.5773503000    -0.5773503000
           0.6659218940     0.7421198689     0.0761979749
 0,279 652.26078475 -984.57241194 1088.28024100 2 0
   0,72    -0.5773503000     0.5773503000    -0.5773503000
           0.3331916466     0.8121479087     0.4789562621
   0,220     0.5773503000    -0.5773503000     0.5773503000
           0.1593082015     0.7731709878     0.6138627864
 0,280 828.69483633 -1071.14364899 1220.42336107 2 0
   0,76     0.5773503000    -0.5773503000     0.5773503000
          -0.6809702941    -0.7306256268    -0.0496553327
   0,95    -0.5773503000     0.5773503000    -0.5773503000
          -0.7438995231    -0.6634289626     0.0804705605
 0,282 661.86606566 -439.36628498 743.42770720 2 0
   0,188     0.5773503000    -0.5773503000     0.5773503000
          -0.3402012150    -0.8129048934    -0.4727036784
   0,186    -0.5773503000     0.5773503000    -0.5773503000
          -0.6654929599    -0.7424284789    -0.0769355190
 0,283 1451.56639164 -1619.98454443 1665.59208986 2 0
   0,242    -0.5773503000     0.5773503000    -0.5773503000
           0.6646827273     0.7430086913     0.0783259640
   0,48     0.5773503000    -0.5773503000     0.5773503000
           0.4562069544     0.8145388198     0.3583318654
 0,284 -758.75925642 -309.43244634 657.64456339 2 0
   0,135    -0.5773503000     0.5773503000    -0.5773503000
          -0.3115295835    -0.8093793486    -0.4978497651
   0,0     0.5773503000    -0.5773503000     0.5773503000
          -0.0584010739    -0.7344962096    -0.6760951358
 0,285 308.93654763 -354.31676398 554.06190049 2 0
   0,273    -0.5773503000     0.5773503000    -0.5773503000
          -0.4857071387     0.3255357616     0.8112429003
   0,11     0.5773503000    -0.5773503000     0.5773503000
          -0.2338975616     0.5605236895     0.7944212511
 0,286 569.09002079 -359.48463340 701.85109480 2 0
   0,186     0.5773503000    -0.5773503000     0.5773503000
          -0.5237563065    -0.8043350627    -0.2805787562
   0,140    -0.5773503000     0.5773503000    -0.5773503000
          -0.4864896825    -0.8111320146    -0.3246423321
 0,287 -1301.18401523 -791.22602320 1750.00000000 1 1
   0,18     0.5773503000    -0.5773503000     0.5773503000
          -0.7073261164    -0.7068872417     0.0004388747
 0,288 -466.59448848 87.21968336 143.23514857 2 0
   0,146    -0.5773503000     0.5773503000    -0.5773503000
           0.0701462898    -0.6694193132    -0.7395656030
   0,33     0.5773503000    -0.5773503000     0.5773503000
          -0.2457572474    -0.7971949675    -0.5514377201
 0,289 109.17220852 -338.66615269 553.33546385 2 0
   0,195    -0.5773503000     0.5773503000    -0.5773503000
          -0.3087339753     0.5002416736     0.8089756489
   0,203     0.5773503000    -0.5773503000     0.5773503000
          -0.1472760365     0.6218706638     0.7691467003
 0,290 -205.75753647 -175.28874802 406.78811748 2 0
   0,199     0.5773503000    -0.5773503000     0.5773503000
          -0.0292193527     0.6920441796     0.7212635322
   0,40    -0.5773503000     0.5773503000    -0.5773503000
           0.2521513020     0.7986191743     0.5464678723
 0,291 156.64589455 -955.26844009 1514.27425739 2 0
   0,193    -0.5773503000     0.5773503000    -0.5773503000
          -0.4816913760    -0.8117923262    -0.3301009503
   0,125     0.5773503000    -0.5773503000     0.5773503000
          -0.7716921254    -0.1548299426     0.6168621828
 0,292 249.16513824 -1035.75931819 1366.46237687 2 0
   0,246     0.5773503000    -0.5773503000     0.5773503000
          -0.1613911285     0.6124600299     0.7738511584
   0,27    -0.5773503000     0.5773503000    -0.5773503000
          -0.5287414120     0.2744468786     0.8031882906
 0,293 -544.19421578 -487.02913057 858.32789360 2 0
   0,241     0.5773503000    -0.5773503000     0.5773503000
           0.0328019699    -0.6901349470    -0.7229369169
   0,158    -0.5773503000     0.5773503000    -0.5773503000
          -0.0980376271     0.6529722603     0.7510098874
 0,295 1311.00387997 -1533.47802175 1636.04367158 2 0
   0,240    -0.5773503000     0.5773503000    -0.5773503000
           0.6136435448     0.7732777724     0.1596342276
   0,173     0.5773503000    -0.5773503000     0.5773503000
          -0.4817938148     0.3299849017     0.8117787165
 0,297 -586.26359243 534.90757923 -336.29856271 2 0
   0,251    -0.5773503000     0.5773503000    -0.5773503000
           0.0401904681    -0.6861543994    -0.7263448675
   0,38     0.5773503000    -0.5773503000     0.5773503000
          -0.5541176746    -0.7963999603    -0.2422822856
 0,298 -934.33789850 -1099.74347454 1626.36192736 2 0
   0,197    -0.5773503000     0.5773503000    -0.5773503000
          -0.0009513894     0.7066306065     0.7075819959
   0,222     0.5773503000    -0.5773503000     0.5773503000
          -0.0007465178     0.7067332267     0.7074797445
 0,299 -36.18505788 739.00040318 -672.73876857 2 0
   0,231     0.5773503000    -0.5773503000     0.5773503000
           0.0441221243    -0.6840125378    -0.7281346621
   0,213    -0.5773503000     0.5773503000    -0.5773503000
          -0.0671603827    -0.7382908499    -0.6711304672
 0,304 419.43433471 -1015.68080422 1603.14621137 2 0
   0,114     0.5773503000    -0.5773503000     0.5773503000
           0.4528205358     0.8148107878     0.3619902520
   0,276    -0.5773503000     0.5773503000    -0.5773503000
          -0.7075376990    -0.7066750742     0.0008626248
 0,305 -877.35015596 -983.56253001 1510.28415205 2 0
   0,197     0.5773503000    -0.5773503000     0.5773503000
          -0.0009676317     0.7066224688     0.7075901005
   0,113    -0.5773503000     0.5773503000    -0.5773503000
          -0.0007224350     0.7067452869     0.7074677219
 0,306 333.77704504 -1052.86016844 1565.62537154 2 0
   0,176    -0.5773503000     0.5773503000    -0.5773503000
          -0.2854175093    -0.8052060256    -0.5197885163
   0,206     0.5773503000    -0.5773503000     0.5773503000
           0.2078569169     0.7877388317     0.5798819148
