fragments version 0 88

    fragment  -0.5773503000 -0.5773503000 0.5773503000 2 19
        endpoint  1,51  -3352.47631819 -3087.23133629 -2295.81998763 -2
        endpoint  1,9  -2367.95996388 -1108.91600884 -2377.89222934 -2
        interior  0,9  -3296.67281301 -3063.39960478 -2512.80192042
        interior  0,48  -3214.39864055 -3021.26130056 -2751.65976075
        interior  0,54  -3104.49083998 -2931.00960597 -3026.39505423
        interior  0,13  -2960.14348990 -2817.95551987 -3277.98117497
        interior  0,40  -2863.48875916 -2736.70662972 -3431.24004047
        interior  0,45  -2645.21948361 -2527.10958659 -3711.22801953
        interior  0,33  -2383.67673396 -2256.68984041 -3912.46531196
        interior  0,76  -2264.39765534 -2124.95897999 -3983.69990556
        interior  0,75  -2043.64122883 -1869.32500545 -4088.55539096
        interior  0,46  -1822.66727596 -1628.05537843 -4140.74007600
        interior  0,0  -1722.04788236 -1498.21874807 -4133.62899388
        interior  0,82  -1552.03822090 -1279.88553093 -4057.20052644
        interior  0,35  -1454.00741239 -1160.28080685 -3968.12052219
        interior  0,34  -1447.82923047 -848.42006414 -3842.28467682
        interior  0,12  -1514.26873303 -617.25258527 -3619.50408988
        interior  0,8  -1636.65963893 -526.60053276 -3331.35545634
        interior  0,71  -1728.61448058 -510.76821631 -3215.24616375
        interior  0,63  -1936.55819275 -674.84251873 -2793.73597087
        interior  0,66  -2151.02216486 -874.90743258 -2530.32557783

    fragment  0.5773503000 -0.5773503000 0.5773503000 2 7
        endpoint  1,24  -2149.09287227 -721.18304403 4533.64504692 -2
        endpoint  4,87  -484.28468395 -2042.37563614 -2737.26062828 -2
        interior  0,7  -1934.50435174 -975.31037887 -4443.64725516
        interior  0,1  -1648.67829047 -1226.83493824 -4140.28820614
        interior  0,47  -1437.92462999 -1423.37552761 -3919.61702592
        interior  0,74  -1144.08726494 -1652.33966167 -3599.37332725
        interior  0,32  -950.34043357 -1818.76149484 -3373.34509697
        interior  0,62  -795.03213308 -1912.95515734 -3189.26187735
        interior  0,43  -679.84248504 -1972.06721520 -3017.33696023

    fragment  0.5773503000 -0.5773503000 -0.5773503000 2 4
        endpoint  4,51  -463.39405369 -2940.84860132 -3951.02222978 -2
        endpoint  4,3  -522.04234793 -1950.16919337 -4469.40400289 -2
        interior  0,2  -569.97038939 -2668.67487829 -4048.39165106
        interior  0,78  -576.83576618 -2452.10755293 -4117.11019049
        interior  0,84  -570.50085717 -2234.27172460 -4214.36761521
        interior  0,69  -570.70070185 -2093.50404439 -4329.10346047

    fragment  0.5773503000 0.5773503000 -0.5773503000 2 10
        endpoint  1,38  -3379.38614008 -2435.53345151 -2286.72639389 -2
        endpoint  2,99  -4529.88860489 4561.06411079 -2819.90933499 -2
        interior  0,79  -3409.40017309 -2569.95619884 -2463.37441121
        interior  0,3  -3450.18343695 -2662.32037143 -2565.33076658
        interior  0,22  -3518.66175979 -2874.32840050 -2717.59904391
        interior  0,58  -3583.43613067 -3018.48839254 -2808.01650796
        interior  0,17  -3667.48822377 -3218.57366659 -2894.15520087
        interior  0,72  -3801.77236295 -3472.39703263 -2960.14504803
        interior  0,10  -3883.90152216 -3605.98091319 -2986.31966669
        interior  0,51  -3987.13727538 -3793.89854563 -3000.34284337
        interior  0,70  -4154.72286374 -4034.08232453 -2987.02938601
        interior  0,27  -4299.28074443 -4258.47935365 -2943.93036315

    fragment  -0.5773503000 -0.5773503000 0.5773503000 2 10
        endpoint  1,75  -3005.79094157 -1872.34245990 -2428.57942582 -2
        endpoint  1,79  -2795.37272520 -2357.63039331 4543.77299023 -2
        interior  0,4  -3057.49434368 -1960.93474250 -2488.56636839
        interior  0,19  -3161.33892335 -2074.57308141 -2616.74866020
        interior  0,15  -3207.16355226 -2164.44277857 -2725.90674763
        interior  0,28  -3230.51947056 -2269.14732660 -2887.44664187
        interior  0,16  -3245.67020547 -2352.55437138 -3087.71951334
        interior  0,11  -3234.38206370 -2419.66000987 -3268.47239938
        interior  0,21  -3179.91188406 -2466.23975603 -3689.62284932
        interior  0,36  -3155.17249219 -2470.12320797 -3816.26490829
        interior  0,68  -3081.11011687 -2467.61690702 -4055.65464530
        interior  0,38  -2947.34589675 -2438.64270578 -4339.35784354

    fragment  -0.5773503000 -0.5773503000 0.5773503000 2 16
        endpoint  1,81  -3616.43813102 -4365.82068125 -2427.56936062 -2
        endpoint  1,8  -2423.87338461 -1334.23101963 -2436.01392215 -2
        interior  0,83  -3387.61967472 -4163.72097335 -2718.64191092
        interior  0,64  -3236.54834632 -4020.82918670 -2891.20509322
        interior  0,73  -2988.92039855 -3753.85183567 -3093.63154115
        interior  0,60  -2851.69428500 -3601.01817033 -3184.03004697
        interior  0,23  -2598.50229998 -3325.35672896 -3323.01084704
        interior  0,49  -2453.70972729 -3140.60556686 -3380.53713323
        interior  0,61  -2350.83193212 -2981.98253625 -3403.48468227
        interior  0,65  -2246.50054021 -2793.50716913 -3409.81905580
        interior  0,56  -2131.60325665 -2526.78533517 -3388.30204258
        interior  0,6  -2063.28202607 -2373.41619543 -3339.26226560
        interior  0,44  -2020.71964356 -2228.69844060 -3284.90977277
        interior  0,39  -1938.77480107 -2022.29214261 -3157.05365125
        interior  0,41  -1958.38625009 -1904.49168779 -3095.79907184
        interior  0,55  -2060.75283419 -1645.66828736 -2931.94911311
        interior  0,18  -2218.23557196 -1488.62889201 -2775.36923316
        interior  0,5  -2331.75759609 -1408.57982202 -2679.27053905

    fragment  0.5773503000 -0.5773503000 -0.5773503000 2 12
        endpoint  2,37  -1425.17588319 -184.42012519 -3800.50079609 -2
        endpoint  1,29  -1360.23677882 -2120.55694257 -2356.20001020 -2
        interior  0,80  -1225.10099929 -441.83151567 -3981.36912416
        interior  0,85  -1120.97702446 -658.00023212 -4053.78723491
        interior  0,67  -1016.47058195 -880.49604414 -4124.95029354
        interior  0,20  -979.51991548 -1119.22053725 -4161.22917205
        interior  0,14  -936.77467238 -1327.98938547 -4111.42805321
        interior  0,26  -905.62783960 -1456.83768939 -4005.02965494
        interior  0,24  -927.65008388 -1564.90136733 -3867.36583907
        interior  0,59  -949.17046825 -1621.62626848 -3722.95993617
        interior  0,31  -986.64787949 -1650.53956565 -3556.40013211
        interior  0,42  -1042.26423701 -1871.72998802 -3236.37906571
        interior  0,57  -1076.07338067 -1967.13987754 -3039.81941372
        interior  0,52  -1157.16150806 -2044.91905400 -2788.61614652

    fragment  0.5773503000 -0.5773503000 0.5773503000 2 3
        endpoint  1,4  -796.11201241 -633.65095317 -2351.94648959 -2
        endpoint  6,112  -535.91309977 -955.70809389 -2945.19613549 -2
        interior  0,25  -771.03228888 -653.98946684 -2587.99145775
        interior  0,50  -728.80780055 -713.52870839 -2739.96854307
        interior  0,77  -660.92071689 -815.33984943 -2839.09784428

    fragment  0.5773503000 -0.5773503000 -0.5773503000 2 2
        endpoint  1,80  -2085.86911463 -929.17104265 -2326.61381457 -2
        endpoint  2,59  -2065.87845858 -198.16897547 -2686.06638660 -2
        interior  0,29  -2105.35638607 -680.54150115 -2493.18362965
        interior  0,81  -2078.76284085 -328.47442653 -2612.14521640

    fragment  0.5773503000 -0.5773503000 -0.5773503000 2 2
        endpoint  4,20  -411.84309759 -3838.87325756 -2925.96579578 -2
        endpoint  1,87  -1076.50403769 -3045.26072510 -2307.73248671 -2
        interior  0,53  -654.09721834 -3579.14958094 -2689.69277534
        interior  0,37  -823.39454403 -3375.35535045 -2534.50158477

    fragment  -0.5773503000 -0.5773503000 0.5773503000 2 14
        endpoint  0,5  -2331.75759609 -1408.57982202 -2679.27053905 -2
        endpoint  0,9  -3296.67281301 -3063.39960478 -2512.80192042 -2
        interior  1,8  -2423.87338461 -1334.23101963 -2436.01392215
        interior  1,17  -2493.48689403 -1314.15515247 -2263.69667319
        interior  1,74  -2612.15780204 -1433.14003400 -1979.36418044
        interior  1,44  -2772.67801739 -1590.56978198 -1745.47167461
        interior  1,76  -2925.94674881 -1747.01194070 -1621.21742146
        interior  1,69  -3079.21548023 -1903.45409941 -1496.96316831
        interior  1,60  -3350.39624743 -2166.98978158 -1396.79013534
        interior  1,45  -3433.72210348 -2350.72099845 -1432.76104017
        interior  1,46  -3498.62106984 -2408.28258970 -1464.89731138
        interior  1,26  -3564.42301670 -2637.24391672 -1537.80391806
        interior  1,0  -3534.25748953 -2918.47221713 -1746.81812706
        interior  1,35  -3435.75953534 -3052.30988796 -1946.15779677
        interior  1,28  -3385.73049500 -3093.04827414 -2031.18073424
        interior  1,51  -3352.47631819 -3087.23133629 -2295.81998763

    fragment  0.5773503000 0.5773503000 -0.5773503000 2 13
        endpoint  7,133  -493.53120800 -236.68252926 2062.02323628 -2
        endpoint  0,38  -2947.34589675 -2438.64270578 -4339.35784354 -2
        interior  1,5  -626.22360769 -426.79864759 2149.24376138
        interior  1,82  -767.55656707 -614.23183547 2252.23370135
        interior  1,15  -906.60574605 -787.31396960 2368.08634115
        interior  1,1  -1158.05845489 -1072.34849791 2601.79795920
        interior  1,57  -1378.80791769 -1276.85462808 2832.35828219
        interior  1,78  -1569.85012899 -1442.47405401 3037.21796027
        interior  1,50  -1764.25168385 -1613.46924016 3244.68712385
        interior  1,25  -2047.30173368 -1862.46369238 3563.16582394
        interior  1,56  -2291.05605375 -2058.16603970 3836.38805610
        interior  1,71  -2432.85494073 -2161.09153309 4011.96047293
        interior  1,2  -2569.70713329 -2240.40134861 4202.61467230
        interior  1,49  -2723.77042754 -2325.17496475 4421.56798935
        interior  1,79  -2795.37272520 -2357.63039331 4543.77299023

    fragment  0.5773503000 -0.5773503000 0.5773503000 0 6
        interior  1,67  -804.87285948 -519.39612460 -1729.04698775
        interior  1,66  -882.22557208 -524.34881727 -1798.39433400
        interior  1,27  -884.19614909 -568.46857934 -1914.08565829
        interior  1,54  -820.01274688 -687.71516108 -1954.68778156
        interior  1,36  -753.31196678 -717.87661369 -1938.52261342
        interior  1,3  -702.03608033 -639.32787497 -1760.28992551

    fragment  0.5773503000 -0.5773503000 0.5773503000 2 3
        endpoint  6,95  -499.73393889 -985.90238530 -1742.73803263 -2
        endpoint  0,25  -771.03228888 -653.98946684 -2587.99145775 -2
        interior  1,21  -649.85531986 -847.47108108 -1910.86700925
        interior  1,12  -763.35159767 -673.51072103 -2174.36967903
        interior  1,4  -796.11201241 -633.65095317 -2351.94648959

    fragment  0.5773503000 -0.5773503000 -0.5773503000 2 13
        endpoint  0,52  -1157.16150806 -2044.91905400 -2788.61614652 -2
        endpoint  2,87  -3718.25231641 -185.39081897 278.71327448 -2
        interior  1,29  -1360.23677882 -2120.55694257 -2356.20001020
        interior  1,52  -1443.54134004 -2132.96960064 -2188.84036400
        interior  1,63  -1657.92970715 -2147.55857424 -1850.41722402
        interior  1,11  -1729.95125714 -2130.73818030 -1742.71855547
        interior  1,33  -1829.42994128 -2075.82504147 -1610.96031886
        interior  1,37  -2086.10762604 -1899.17324966 -1315.75670316
        interior  1,30  -2273.14965382 -1752.76341408 -1102.55011507
        interior  1,10  -2482.53353125 -1562.90056304 -878.11011307
        interior  1,48  -2673.27966060 -1385.75727740 -669.47930175
        interior  1,6  -2840.27241236 -1228.22240730 -495.90588575
        interior  1,22  -3109.30605154 -969.59601286 -216.84936864
        interior  1,83  -3363.12822308 -676.39428491 0.81007326
        interior  1,18  -3480.35123414 -527.88407726 93.56175559

    fragment  0.5773503000 0.5773503000 -0.5773503000 2 2
        endpoint  0,83  -3387.61967472 -4163.72097335 -2718.64191092 -2
        endpoint  2,51  -3983.79866342 4476.90175233 -1897.86545521 -2
        interior  1,81  -3616.43813102 -4365.82068125 -2427.56936062
        interior  1,7  -3809.07483790 -4551.21398138 -2167.93798971

    fragment  0.5773503000 0.5773503000 -0.5773503000 2 5
        endpoint  0,4  -3057.49434368 -1960.93474250 -2488.56636839 -2
        endpoint  0,66  -2151.02216486 -874.90743258 -2530.32557783 -2
        interior  1,75  -3005.79094157 -1872.34245990 -2428.57942582
        interior  1,53  -2908.25694729 -1746.29997623 -2357.21795100
        interior  1,47  -2840.21883416 -1554.04942906 -2343.00710905
        interior  1,64  -2611.20962344 -1399.28073806 -2341.53653427
        interior  1,9  -2367.95996388 -1108.91600884 -2377.89222934

    fragment  -0.5773503000 -0.5773503000 0.5773503000 2 11
        endpoint  0,79  -3409.40017309 -2569.95619884 -2463.37441121 -2
        endpoint  5,131  4559.88746352 -3209.28427984 -46.64611273 -2
        interior  1,38  -3379.38614008 -2435.53345151 -2286.72639389
        interior  1,32  -3353.23835593 -2398.40169748 -2180.66620034
        interior  1,13  -3341.00627475 -2340.90952015 -2013.74295140
        interior  1,19  -3326.61179817 -2310.85111020 -1825.23463709
        interior  1,16  -3352.32210305 -2241.96139776 -1601.81789940
        interior  1,23  -3419.51624554 -2155.88251842 -1349.05896088
        interior  1,72  -3587.45154476 -2160.79158705 -1067.31758499
        interior  1,68  -3850.25942447 -2322.60134142 -718.49976583
        interior  1,34  -4089.77169295 -2569.82505703 -490.88202132
        interior  1,39  -4296.74742663 -2804.67939805 -294.00961257
        interior  1,20  -4535.42659591 -3081.21897675 -100.88746484

    fragment  -0.5773503000 -0.5773503000 -0.5773503000 2 8
        endpoint  3,35  -3197.52110419 -312.37374903 2279.85997898 -2
        endpoint  5,130  4570.79522721 -2393.60343949 864.20754475 -2
        interior  1,73  -3279.06483795 -628.97085487 2200.07747025
        interior  1,31  -3408.93117051 -999.92424051 2053.39631546
        interior  1,58  -3455.91754044 -1113.58466137 2002.40726613
        interior  1,70  -3629.98798636 -1430.25423403 1837.07797647
        interior  1,62  -3749.62994921 -1616.34792424 1719.81876383
        interior  1,43  -3938.48549188 -1856.75913890 1531.47417226
        interior  1,65  -4219.72693630 -2114.25749401 1249.52525281
        interior  1,14  -4413.74168616 -2263.17676075 1054.26628129

    fragment  -0.5773503000 0.5773503000 -0.5773503000 2 2
        endpoint  0,7  -1934.50435174 -975.31037887 -4443.64725516 -2
        endpoint  3,28  -2431.43335290 -301.90380334 4330.97681506 -2
        interior  1,24  -2149.09287227 -721.18304403 4533.64504692
        interior  1,42  -2266.42185970 -556.66901573 4443.15713737

    fragment  -0.5773503000 0.5773503000 0.5773503000 2 9
        endpoint  0,29  -2105.35638607 -680.54150115 -2493.18362965 -2
        endpoint  0,37  -823.39454403 -3375.35535045 -2534.50158477 -2
        interior  1,80  -2085.86911463 -929.17104265 -2326.61381457
        interior  1,55  -1950.06143332 -1296.29578402 -2109.42995381
        interior  1,61  -1804.41166047 -1655.07173866 -2011.17257331
        interior  1,59  -1686.44110700 -1933.52281121 -1968.92024903
        interior  1,41  -1628.88715437 -2117.45273032 -1929.45194494
        interior  1,84  -1488.50990606 -2437.42581199 -1985.54689643
        interior  1,40  -1362.16305422 -2645.65477023 -2069.13698395
        interior  1,77  -1265.00157241 -2782.22474174 -2144.39268096
        interior  1,87  -1076.50403769 -3045.26072510 -2307.73248671

    fragment  0.5773503000 0.5773503000 0.5773503000 2 7
        endpoint  3,60  -1441.95797238 1972.93779139 4426.68951065 -2
        endpoint  6,64  -419.22327374 2290.68722180 -2828.25088473 -2
        interior  2,60  -1335.10134913 1872.88148709 -4502.79460817
        interior  2,68  -1276.72310943 1831.86420291 -4316.72402041
        interior  2,17  -1156.34006011 1812.24924187 -4071.41133587
        interior  2,0  -1036.41878033 1840.56508735 -3817.07473643
        interior  2,83  -938.18265933 1886.52391659 -3629.48980302
        interior  2,36  -829.97755508 1956.32562042 -3430.26884285
        interior  2,93  -660.89392475 2090.27072532 -3151.20981509

    fragment  -0.5773503000 0.5773503000 0.5773503000 2 34
        endpoint  6,48  4350.58018754 714.52007585 308.07028909 -2
        endpoint  6,122  4559.57411114 2813.15613816 -605.57316114 -2
        interior  2,14  -4572.33317005 523.02185601 36.11344670
        interior  2,94  -4427.07330990 461.26365068 -130.04225542
        interior  2,54  -4176.46477135 400.44861194 -421.16881521
        interior  2,69  -3964.49639774 402.92478707 -702.41773369
        interior  2,57  -3779.03026611 473.60569124 -948.03578607
        interior  2,47  -3653.46860645 594.80454053 -1156.93035817
        interior  2,34  -3570.13074194 754.07835861 -1293.80509050
        interior  2,27  -3551.93767550 949.02933285 -1383.39511169
        interior  2,33  -3579.40620719 1164.35095391 -1409.12875044
        interior  2,10  -3675.52938609 1455.42454795 -1341.72384979
        interior  2,104  -3773.95911337 1642.63594996 -1259.78086822
        interior  2,9  -3598.41735206 1681.92351371 -1361.80353951
        interior  2,4  -3652.69085324 1768.51453254 -1408.49214929
        interior  2,5  -3735.97455845 1827.66742742 -1402.46422456
        interior  2,7  -3841.31411286 1803.95724887 -1293.40004464
        interior  2,22  -3777.41226823 1646.33109247 -1256.55261121
        interior  2,78  -4022.41492685 1905.95276936 -1009.50674626
        interior  2,75  -4187.50005679 1984.60810890 -831.77826718
        interior  2,74  -4363.37131267 2049.45081106 -639.60601524
        interior  2,25  -4410.40622773 2059.48865618 -510.09028562
        interior  2,15  -4492.56061421 2010.54463742 -302.14889788
        interior  2,30  -4496.13873178 1925.94031704 -168.45863858
        interior  2,35  -4449.15617405 1823.26541119 -93.04406382
        interior  2,6  -4287.89482059 1540.17516711 -121.79812770
        interior  2,11  -3990.68035344 1460.92962029 -395.78224063
        interior  2,20  -3822.05813876 1502.37395331 -526.83500156
        interior  2,21  -3777.86234542 1580.13730554 -709.82329613
        interior  2,26  -3768.32197565 1713.62300400 -834.35561511
        interior  2,13  -3809.80248571 1847.59932322 -913.93200832
        interior  2,1  -3916.04769331 2008.78621509 -963.74077194
        interior  2,66  -4003.42462726 2061.86134682 -976.47909257
        interior  2,77  -4030.14644398 2264.51310793 -900.48534973
        interior  2,100  -4239.36991457 2455.36560883 -833.90449288
        interior  2,84  -4416.34860583 2619.62984716 -756.95072655

    fragment  0.5773503000 -0.5773503000 0.5773503000 0 19
        interior  2,31  -1652.06549277 398.87560308 -3157.23520161
        interior  2,12  -1852.72811196 571.84581340 -3113.98157905
        interior  2,81  -2015.32701572 674.48491065 -3126.23474460
        interior  2,80  -2138.92623057 874.67535414 -3202.45221011
        interior  2,102  -2298.00707240 1029.30147069 -3348.48743669
        interior  2,95  -2451.65921852 1183.68157460 -3497.77206268
        interior  2,19  -2588.72363681 1313.64568115 -3664.70137922
        interior  2,3  -2762.51576842 1351.19249129 -3901.26477048
        interior  2,18  -2808.43833415 1322.02448380 -4042.99332009
        interior  2,29  -2843.28426622 1246.59687495 -4172.17212550
        interior  2,28  -2820.02809891 1110.15364345 -4297.87721273
        interior  2,64  -2738.33692435 881.00974059 -4362.20528016
        interior  2,90  -2605.01791106 665.80965531 -4282.64104204
        interior  2,23  -2358.29193680 296.31527161 -4120.43049791
        interior  2,71  -2173.79776216 116.92010191 -3931.75071495
        interior  2,88  -2027.80854467 59.05624035 -3725.64930028
        interior  2,62  -1870.48217147 34.32420509 -3478.06724980
        interior  2,43  -1736.36143144 100.82236270 -3322.70687131
        interior  2,2  -1684.82178501 194.95975541 -3223.19039043

    fragment  -0.5773503000 0.5773503000 -0.5773503000 2 9
        endpoint  3,85  -2773.66654195 627.22090151 4437.58482724 -2
        endpoint  3,88  -2923.74953447 -76.87341322 4414.15833455 -2
        interior  2,48  -2767.35180598 731.22694810 -4586.09618307
        interior  2,46  -2649.58001029 719.73593304 -4285.98058148
        interior  2,8  -2451.63668838 410.47326400 -4081.27220341
        interior  2,45  -2409.13528694 249.42380578 -4047.74927822
        interior  2,63  -2420.26476783 125.43687013 -4068.13660485
        interior  2,65  -2461.78717876 29.63769623 -4144.39599533
        interior  2,50  -2515.05354843 -31.45647420 -4237.31631235
        interior  2,38  -2639.72745199 -89.69497959 -4391.90414377
        interior  2,101  -2781.46375838 -105.88646790 -4578.08921766

    fragment  0.5773503000 -0.5773503000 -0.5773503000 2 12
        endpoint  1,18  -3480.35123414 -527.88407726 93.56175559 -2
        endpoint  6,90  4484.14812558 1186.00915574 241.80228542 -2
        interior  2,87  -3718.25231641 -185.39081897 278.71327448
        interior  2,41  -3911.05040364 100.70448249 401.86499796
        interior  2,61  -4004.14137045 277.94645366 457.60852255
        interior  2,44  -4177.07362189 613.87335583 534.89804030
        interior  2,70  -4303.36215982 845.45753037 558.76923059
        interior  2,76  -4442.49911115 1231.12003433 511.69519922
        interior  2,56  -4486.31593265 1362.66571743 444.57497347
        interior  2,16  -4499.85769056 1463.10531224 381.99713811
        interior  2,32  -4499.87268719 1620.62840881 193.02369663
        interior  2,82  -4397.77590943 1626.80377492 -6.96191999
        interior  2,53  -4395.09194109 1381.28262398 -38.47917231
        interior  2,49  -4460.42330032 1258.54706774 33.85599705

    fragment  0.5773503000 0.5773503000 0.5773503000 2 4
        endpoint  3,57  -3752.24596011 1073.91472995 902.64113001 -2
        endpoint  6,62  4543.07605766 189.62515819 19.12610975 -2
        interior  2,79  -3872.60074992 952.63441901 730.40901661
        interior  2,96  -4067.05973259 765.35659429 540.69056904
        interior  2,24  -4326.36089133 521.66584019 240.13096131
        interior  2,40  -4478.64241683 355.64549919 129.62853553

    fragment  -0.5773503000 0.5773503000 0.5773503000 2 6
        endpoint  0,80  -1225.10099929 -441.83151567 -3981.36912416 -2
        endpoint  0,81  -2078.76284085 -328.47442653 -2612.14521640 -2
        interior  2,37  -1425.17588319 -184.42012519 -3800.50079609
        interior  2,86  -1649.70186395 -12.29386799 -3558.84656046
        interior  2,73  -1947.27487618 55.09902201 -3192.09423350
        interior  2,39  -1999.47685088 23.85414795 -3050.82165794
        interior  2,55  -2053.85209956 -80.23415873 -2796.13710698
        interior  2,59  -2065.87845858 -198.16897547 -2686.06638660

    fragment  -0.5773503000 -0.5773503000 -0.5773503000 2 2
        endpoint  3,22  -806.82492936 3619.54083142 4476.65792824 -2
        endpoint  6,68  -414.96840914 3330.18122480 -4344.34665052 -2
        interior  2,72  -669.50706611 3577.05565869 -4545.41082409
        interior  2,42  -577.46085972 3489.97214240 -4429.50087993

    fragment  0.5773503000 0.5773503000 -0.5773503000 2 7
        endpoint  1,7  -3809.07483790 -4551.21398138 -2167.93798971 -2
        endpoint  5,128  4520.33343854 -4503.84446600 -374.83314835 -2
        interior  2,51  -3983.79866342 4476.90175233 -1897.86545521
        interior  2,92  -4083.21826866 4425.77695101 -1722.52905087
        interior  2,85  -4243.93824265 4371.76747343 -1422.25801680
        interior  2,58  -4412.06497507 4376.05733889 -1094.54988233
        interior  2,52  -4461.14080033 4402.95624875 -935.25670717
        interior  2,91  -4549.37530232 4481.01140990 -670.41975235
        interior  2,97  -4559.41937543 4537.63542233 -526.77262912

    fragment  -0.5773503000 -0.5773503000 -0.5773503000 2 3
        endpoint  6,131  -471.03095645 2336.09073261 -4181.56671840 -2
        endpoint  3,25  -1115.76377809 1357.37892377 4552.16717196 -2
        interior  2,67  -583.13593825 2115.90990256 -4217.74952458
        interior  2,89  -749.78228602 1830.31948527 -4325.90603094
        interior  2,98  -943.74517758 1566.72285597 -4470.55920411

    fragment  0.5773503000 0.5773503000 -0.5773503000 2 1
        endpoint  0,27  -4299.28074443 -4258.47935365 -2943.93036315 -2
        endpoint  6,77  4424.96132424 4254.33951925 -2673.36260481 -2
        interior  2,99  -4529.88860489 4561.06411079 -2819.90933499

    fragment  -0.5773503000 -0.5773503000 -0.5773503000 2 12
        endpoint  2,60  -1335.10134913 1872.88148709 -4502.79460817 -2
        endpoint  2,72  -669.50706611 3577.05565869 -4545.41082409 -2
        interior  3,60  -1441.95797238 1972.93779139 4426.68951065
        interior  3,81  -1538.99290864 2083.86962314 4262.22332234
        interior  3,70  -1598.76801656 2215.14673339 4094.29592413
        interior  3,68  -1636.25141145 2322.46666657 4009.45543841
        interior  3,9  -1652.00022517 2432.06463610 3933.78610713
        interior  3,32  -1627.10645374 2637.07232963 3834.11614140
        interior  3,0  -1594.56951308 2765.56050663 3797.52495687
        interior  3,41  -1422.56559554 3042.52781556 3811.62937292
        interior  3,110  -1330.09782655 3178.15695376 3879.12279145
        interior  3,44  -1144.78047560 3368.57074526 4037.36332694
        interior  3,105  -967.68974143 3546.14334701 4227.65480260
        interior  3,22  -806.82492936 3619.54083142 4476.65792824

    fragment  -0.5773503000 -0.5773503000 -0.5773503000 2 45
        endpoint  2,98  -943.74517758 1566.72285597 -4470.55920411 -2
        endpoint  7,112  4502.18096827 -269.95956586 3157.25187801 -2
        interior  3,25  -1115.76377809 1357.37892377 4552.16717196
        interior  3,109  -1409.33484064 1103.59407036 4240.41469295
        interior  3,50  -1553.65201184 997.48132455 4065.40379266
        interior  3,106  -1697.96918304 891.36857873 3890.39289238
        interior  3,94  -1893.49834390 794.65336030 3652.64215326
        interior  3,79  -2082.71622338 741.32562583 3370.82124033
        interior  3,52  -2192.87739466 745.17013899 3195.82454688
        interior  3,72  -2361.97838041 782.00033412 2943.73876103
        interior  3,37  -2463.59502576 842.85104942 2801.08268400
        interior  3,12  -2561.21476813 918.44819386 2679.47669726
        interior  3,34  -2667.69610278 1018.56904764 2568.13355354
        interior  3,45  -2765.92520966 1113.90399754 2498.25412634
        interior  3,30  -2855.83083314 1182.44244566 2458.50282502
        interior  3,23  -2901.04065492 1235.79926935 2409.15440335
        interior  3,10  -2965.87820465 1453.83828135 2294.71789610
        interior  3,29  -2934.05549794 1712.16588628 2275.88977295
        interior  3,73  -2930.20982572 1846.23833441 2315.63953968
        interior  3,49  -2883.59113964 1948.40457456 2313.55796093
        interior  3,64  -2556.88318650 2270.47530112 2437.12319525
        interior  3,4  -2362.20275332 2464.12048196 2594.85481300
        interior  3,107  -2193.34090527 2632.81090924 2808.56388758
        interior  3,27  -2006.68876380 2829.03888581 3181.21164401
        interior  3,3  -1905.95872637 2837.50880738 3385.85988171
        interior  3,20  -1889.92403606 2832.39090718 3544.64055630
        interior  3,33  -1883.76207921 2792.86693060 3704.26281235
        interior  3,26  -1907.33961980 2748.28708302 3830.45862556
        interior  3,6  -1935.15415540 2671.88210814 3955.70432957
        interior  3,17  -1997.86129203 2579.70643714 4082.21586698
        interior  3,1  -2050.11944353 2481.47852313 4171.65332513
        interior  3,48  -2147.13851039 2356.53813079 4265.23445493
        interior  3,54  -2266.00184533 2239.02575931 4343.93168199
        interior  3,51  -2421.47297485 2054.12188609 4417.96036772
        interior  3,56  -2617.99254991 1857.95022792 4457.02667300
        interior  3,5  -2783.43875868 1679.16681427 4457.39869225
        interior  3,75  -2833.68207737 1533.15723781 4424.30383451
        interior  3,99  -3051.85561331 1244.65071798 4345.93605439
        interior  3,97  -3157.42451971 1111.10800746 4293.54270242
        interior  3,90  -3321.32149194 909.71552138 4190.14201270
        interior  3,104  -3506.50888150 699.52666057 4039.55521811
        interior  3,87  -3770.56087584 438.99153383 3773.05059819
        interior  3,103  -3952.65057907 317.48533570 3497.36940292
        interior  3,67  -4023.23869204 343.29892099 3230.77830764
        interior  3,80  -4035.09360923 426.28235924 3213.76553500
        interior  3,74  -4121.30533164 349.48250847 3345.13442930
        interior  3,100  -4370.60215077 61.32629581 3339.79930866

    fragment  -0.5773503000 0.5773503000 -0.5773503000 2 4
        endpoint  1,42  -2266.42185970 -556.66901573 4443.15713737 -2
        endpoint  2,48  -2767.35180598 731.22694810 -4586.09618307 -2
        interior  3,28  -2431.43335290 -301.90380334 4330.97681506
        interior  3,2  -2555.82518208 -84.04085622 4290.05637260
        interior  3,8  -2719.30036243 337.85425918 4298.87195338
        interior  3,85  -2773.66654195 627.22090151 4437.58482724

    fragment  -0.5773503000 0.5773503000 -0.5773503000 2 29
        endpoint  2,101  -2781.46375838 -105.88646790 -4578.08921766 -2
        endpoint  7,78  4487.66389031 3845.25376738 1930.56784917 -2
        interior  3,88  -2923.74953447 -76.87341322 4414.15833455
        interior  3,111  -3228.30691502 74.90945455 4081.74708495
        interior  3,71  -3418.13705379 226.28035607 3886.50480828
        interior  3,112  -3564.64387424 403.01384664 3745.24338657
        interior  3,96  -3753.49211597 681.03505521 3567.66281502
        interior  3,86  -3890.70286012 910.54412920 3454.03519938
        interior  3,89  -4077.01342701 1295.91568729 3332.20067440
        interior  3,82  -4187.99299129 1660.16734059 3267.63153062
        interior  3,14  -4231.78816690 1872.07923761 3279.48940858
        interior  3,66  -4237.67435903 1982.37756454 3291.22999039
        interior  3,47  -4221.28089212 2233.97458306 3317.84460222
        interior  3,46  -4142.24141296 2507.55142470 3440.60275222
        interior  3,43  -4064.16642752 2578.50298235 3567.84516784
        interior  3,19  -3963.04707018 2599.93118159 3688.65581437
        interior  3,13  -3753.91529322 2514.98736337 3894.07614465
        interior  3,7  -3493.04594665 2294.89296031 4063.21670329
        interior  3,18  -3365.03239811 2193.31448022 4064.15504000
        interior  3,36  -3266.33935574 2130.89848587 4012.74981133
        interior  3,38  -3166.47696797 2124.60961293 3919.24427794
        interior  3,62  -3076.53593839 2161.61816385 3721.42815770
        interior  3,61  -3043.64321675 2207.94046706 3552.34697565
        interior  3,31  -3052.63564867 2280.05185833 3325.62871135
        interior  3,84  -3072.51423987 2326.06347721 3173.57030148
        interior  3,59  -3275.11552029 2470.63023622 2810.23455636
        interior  3,21  -3502.49337814 2656.72917946 2515.64366853
        interior  3,83  -3776.77069198 2930.80582774 2240.59531115
        interior  3,91  -4051.48707958 3254.28552310 2047.16496375
        interior  3,55  -4310.66398376 3565.31667198 1940.04539505
        interior  3,63  -4463.02360309 3688.27564616 1931.22523667

    fragment  0.5773503000 0.5773503000 0.5773503000 2 11
        endpoint  1,73  -3279.06483795 -628.97085487 2200.07747025 -2
        endpoint  2,79  -3872.60074992 952.63441901 730.40901661 -2
        interior  3,35  -3197.52110419 -312.37374903 2279.85997898
        interior  3,78  -3152.12336417 -74.67753857 2287.90472137
        interior  3,58  -3136.01315894 241.41086333 2277.15098120
        interior  3,15  -3146.04900404 492.43512289 2229.03490675
        interior  3,16  -3195.87523982 815.86992045 2105.06423392
        interior  3,53  -3260.51824338 987.08014273 1961.28137202
        interior  3,42  -3337.45792786 1086.79922654 1854.35726409
        interior  3,40  -3407.62239172 1158.79576606 1734.07888249
        interior  3,11  -3561.03209583 1238.87785106 1557.25325739
        interior  3,102  -3649.35310344 1171.34690776 1159.71438882
        interior  3,57  -3752.24596011 1073.91472995 902.64113001

    fragment  -0.5773503000 0.5773503000 -0.5773503000 2 11
        endpoint  7,8  4350.37240817 3593.81518537 3768.57085066 -2
        endpoint  7,96  4573.10608993 2289.93380666 2348.83534661 -2
        interior  3,65  -4487.12871333 3248.50974720 3801.53124497
        interior  3,77  -4474.00991966 3161.32802826 3799.52247810
        interior  3,98  -4403.84251011 2992.00622839 3749.46230696
        interior  3,24  -4346.37204834 2853.52680117 3670.64745154
        interior  3,39  -4323.51982064 2736.90544876 3590.07870584
        interior  3,93  -4300.07512829 2635.48474101 3488.10322554
        interior  3,95  -4300.47279889 2531.07703512 3366.75089414
        interior  3,76  -4304.92924993 2455.50714231 3239.12185551
        interior  3,101  -4348.46667432 2371.45388441 3061.55456266
        interior  3,69  -4399.68573282 2315.94444591 2855.59054175
        interior  3,108  -4472.49236209 2277.81453918 2660.06422707

    fragment  0.5773503000 0.5773503000 0.5773503000 2 14
        endpoint  5,108  1394.48128076 -2587.36337978 -1311.84460759 -2
        endpoint  5,71  1755.27243093 -3896.17732963 -1135.32420225 -2
        interior  4,33  1754.07243195 -2380.50659782 -1384.86930699
        interior  4,39  1927.04388875 -2319.12072639 -1454.45737832
        interior  4,43  1991.99945561 -2246.66828066 -1561.75498929
        interior  4,27  1996.11523135 -2237.88310001 -1733.17943051
        interior  4,31  1920.63352604 -2335.32778190 -1977.77458338
        interior  4,41  1729.60250680 -2540.08406122 -2185.36766351
        interior  4,91  1607.53630402 -2699.01150860 -2344.38072311
        interior  4,28  1473.93380809 -2873.10686033 -2518.56447374
        interior  4,6  1297.13875371 -3220.99399201 -2568.69294417
        interior  4,53  1226.86650147 -3439.43616133 -2482.44250692
        interior  4,0  1183.00170850 -3609.18955523 -2318.31095947
        interior  4,63  1286.84362265 -3795.30644927 -2044.38148975
        interior  4,45  1370.81332622 -3875.72329888 -1842.14949245
        interior  4,62  1546.91550029 -3917.94048678 -1484.13672714

    fragment  0.5773503000 0.5773503000 0.5773503000 2 21
        endpoint  5,99  2193.77396603 -3205.24225801 -1261.99698216 -2
        endpoint  5,122  1055.41627854 -2832.30644538 -1369.86846655 -2
        interior  4,4  2160.09652044 -2912.07555134 -1433.32423905
        interior  4,25  2131.85290170 -2718.45304020 -1610.08170539
        interior  4,19  2077.74997323 -2573.18860471 -1827.41109404
        interior  4,16  1980.88865910 -2468.65572437 -2070.61753760
        interior  4,7  1918.23658399 -2405.09737102 -2157.18409712
        interior  4,5  1762.01225842 -2388.51527734 -2522.17000034
        interior  4,61  1510.00206884 -2508.78775987 -2897.09226062
        interior  4,23  1295.66988107 -2696.63061479 -3138.27893300
        interior  4,58  1151.18547172 -2882.13764526 -3244.52341405
        interior  4,36  1004.51443538 -3082.19293852 -3342.31470440
        interior  4,69  877.42200517 -3301.27336107 -3371.26596438
        interior  4,52  740.16964297 -3600.18504877 -3325.95668214
        interior  4,24  640.70445359 -3628.32787284 -3286.67319695
        interior  4,34  521.61375529 -3719.78707038 -3216.15754999
        interior  4,1  441.99834183 -3801.22319979 -3101.17082957
        interior  4,10  423.01859104 -3832.38833949 -2970.21344690
        interior  4,30  366.46364395 -3772.14538236 -2768.85809972
        interior  4,54  344.64716874 -3651.43303267 -2401.26340639
        interior  4,38  379.47818500 -3535.67541761 -2128.13207175
        interior  4,55  514.41965613 -3330.17830332 -1757.06513760
        interior  4,22  701.34348928 -3135.73773336 -1539.18696147

    fragment  0.5773503000 0.5773503000 0.5773503000 2 6
        endpoint  5,68  2609.28248605 -1618.36185656 -1350.09113055 -2
        endpoint  5,116  2498.13243837 -3157.93889396 -1329.89174019 -2
        interior  4,13  2489.40713097 -1820.16829951 -1473.54028730
        interior  4,76  2378.41736050 -2045.78864880 -1589.97578422
        interior  4,14  2325.44000569 -2287.13868520 -1735.08437792
        interior  4,12  2288.28581163 -2579.99804522 -1768.43369923
        interior  4,2  2321.23694382 -2781.04024133 -1701.56472270
        interior  4,72  2411.23522092 -2946.04447306 -1635.14062827

    fragment  -0.5773503000 0.5773503000 0.5773503000 2 2
        endpoint  5,6  -395.19255742 -1786.02928716 4516.95074852 -2
        endpoint  0,69  -570.70070185 -2093.50404439 -4329.10346047 -2
        interior  4,92  -446.90792760 -1854.00343496 -4563.95146434
        interior  4,3  -522.04234793 -1950.16919337 -4469.40400289

    fragment  0.5773503000 -0.5773503000 -0.5773503000 2 9
        endpoint  5,105  1021.80214364 -4492.00886619 4343.60692540 -2
        endpoint  0,53  -654.09721834 -3579.14958094 -2689.69277534 -2
        interior  4,67  846.09305733 -4486.74053289 -4489.43700117
        interior  4,75  706.24959570 -4468.31822530 -4261.06134545
        interior  4,56  552.84840185 -4434.32600596 -4046.08892849
        interior  4,71  437.01831715 -4402.12046602 -3897.85647495
        interior  4,29  282.48562315 -4322.66294731 -3692.54837042
        interior  4,8  91.65840267 -4212.98003890 -3476.36795426
        interior  4,15  -51.46181428 -4124.72897238 -3315.50866119
        interior  4,84  -230.45827317 -3995.90269257 -3116.83991380
        interior  4,20  -411.84309759 -3838.87325756 -2925.96579578

    fragment  0.5773503000 -0.5773503000 0.5773503000 2 10
        endpoint  6,31  -453.12226768 -1069.94845307 -3003.89661396 -2
        endpoint  5,104  1507.98443919 -3181.96645875 -1302.70405560 -2
        interior  4,9  -322.33293162 -1296.61084663 -3053.50545857
        interior  4,70  -235.27978842 -1451.99918967 -3069.37342719
        interior  4,40  -34.07863721 -1729.23701692 -3046.75976422
        interior  4,60  78.25352538 -1869.57187592 -3014.42569535
        interior  4,86  315.83286307 -2165.23078640 -2864.15908504
        interior  4,17  543.74460453 -2413.39391824 -2697.14447595
        interior  4,32  705.09683091 -2582.81026353 -2555.07706952
        interior  4,74  949.45014120 -2799.87731000 -2238.13864258
        interior  4,79  1197.53274018 -2980.54937164 -1872.07798172
        interior  4,42  1311.30182285 -3062.59734905 -1664.56445821

    fragment  -0.5773503000 0.5773503000 -0.5773503000 2 9
        endpoint  6,95  -499.73393889 -985.90238530 -1742.73803263 -2
        endpoint  0,43  -679.84248504 -1972.06721520 -3017.33696023 -2
        interior  4,88  -342.55398213 -1145.29685435 -1590.86643663
        interior  4,49  -195.60844878 -1398.74483854 -1514.69984047
        interior  4,65  -109.11134645 -1582.57550963 -1555.85152689
        interior  4,59  -78.88660554 -1738.07196103 -1645.20564601
        interior  4,48  -68.84985004 -1829.07267863 -1745.24240004
        interior  4,11  -90.17028466 -1917.72795085 -1870.54048143
        interior  4,73  -126.09853643 -1995.94857213 -2063.78142183
        interior  4,44  -273.08812046 -2056.74567958 -2386.68929966
        interior  4,87  -484.28468395 -2042.37563614 -2737.26062828

    fragment  -0.5773503000 0.5773503000 0.5773503000 2 7
        endpoint  0,2  -569.97038939 -2668.67487829 -4048.39165106 -2
        endpoint  6,16  312.84305791 4580.27981588 -4074.32173825 -2
        interior  4,51  -463.39405369 -2940.84860132 -3951.02222978
        interior  4,57  -426.41412010 -3079.15760343 -3928.03702797
        interior  4,18  -403.03787972 -3264.05811482 -3925.83959099
        interior  4,37  -280.09211056 -3624.62520423 -3913.79949150
        interior  4,47  -171.00962326 -3824.95649084 -3910.33891468
        interior  4,66  -76.01503861 -4023.33254977 -3926.95693832
        interior  4,83  146.64158685 -4369.34419418 -3995.69122997

    fragment  0.5773503000 -0.5773503000 0.5773503000 2 10
        endpoint  5,31  89.63514722 -2167.66251161 -1343.32123467 -2
        endpoint  6,121  1417.59757475 4551.73799225 -1177.88542168 -2
        interior  4,46  105.44649399 -2299.76272569 -1453.13543379
        interior  4,80  189.84708128 -2502.02336803 -1582.58286138
        interior  4,77  253.96684098 -2681.86354792 -1659.63325537
        interior  4,78  357.18047297 -2967.12654315 -1722.93089640
        interior  4,81  475.56817130 -3203.36277166 -1754.32234782
        interior  4,50  630.18369790 -3511.73738393 -1731.98481493
        interior  4,35  726.81854960 -3666.73764289 -1709.71085657
        interior  4,82  967.05812511 -4061.43182817 -1574.26993951
        interior  4,85  1081.84429802 -4225.74883366 -1491.60667221
        interior  4,26  1186.33154658 -4350.37094662 -1399.44888201

    fragment  -0.5773503000 0.5773503000 0.5773503000 2 10
        endpoint  7,77  2720.45534962 4492.94722721 1009.99456898 -3
        endpoint  7,75  2214.87942460 4439.95076249 2576.96514273 -2
        interior  5,133  2579.24213490 -4533.61838318 1155.22266106
        interior  5,117  2426.72148971 -4382.47394631 1303.65643613
        interior  5,54  2332.14222440 -4276.18669195 1442.25675966
        interior  5,48  2217.93757962 -4076.09629158 1867.69724332
        interior  5,0  2197.23793598 -4062.19335821 1999.10171607
        interior  5,59  2177.76774093 -4074.44726703 2098.57743764
        interior  5,82  2164.00052327 -4148.23484055 2326.46064705
        interior  5,112  2161.83651585 -4259.46709650 2456.83542591
        interior  5,95  2182.92892499 -4426.46820232 2558.25217235
        interior  5,120  2226.34519872 -4546.62307623 2601.84175018

    fragment  0.5773503000 -0.5773503000 0.5773503000 0 8
        interior  5,38  806.55119063 -2027.98830763 -242.41072657
        interior  5,46  790.63547459 -2105.30475902 -325.06593347
        interior  5,32  874.23389866 -2365.09936875 -279.26530232
        interior  5,42  1064.88937029 -2544.67451435 -0.13115799
        interior  5,17  1085.32560387 -2509.57743057 150.46038452
        interior  5,34  1053.99377354 -2405.56572044 199.28910465
        interior  5,14  960.45195420 -2172.41569538 116.25846162
        interior  5,1  843.90532308 -2023.16644525 -118.06735064

    fragment  -0.5773503000 0.5773503000 0.5773503000 2 24
        endpoint  4,67  846.09305733 -4486.74053289 -4489.43700117 -2
        endpoint  4,92  -446.90792760 -1854.00343496 -4563.95146434 -2
        interior  5,105  1021.80214364 -4492.00886619 4343.60692540
        interior  5,79  1190.43427554 -4449.97549158 3934.19164598
        interior  5,66  1245.11906511 -4401.38116338 3734.56985033
        interior  5,44  1311.89439307 -4302.48960440 3411.35752044
        interior  5,30  1347.09548130 -4218.36976706 3270.27334862
        interior  5,13  1428.26896436 -4043.43639732 3077.49589412
        interior  5,4  1502.15861560 -3885.31468603 2966.21612472
        interior  5,27  1523.44832248 -3762.07605747 2875.06023502
        interior  5,28  1512.85679014 -3650.42573224 2801.25006797
        interior  5,24  1466.83939713 -3524.24109597 2728.92758960
        interior  5,23  1415.62626692 -3384.46469225 2685.83301877
        interior  5,63  1365.54241919 -3338.80162880 2665.38059854
        interior  5,83  1302.49918065 -3078.16846203 2695.16374550
        interior  5,118  1282.17073341 -2984.38990542 2724.62263978
        interior  5,2  1184.56877807 -2737.76314403 2823.47367647
        interior  5,97  1025.01276017 -2499.45215620 2970.72302614
        interior  5,101  836.83108680 -2267.53363268 3165.65641000
        interior  5,129  654.27643158 -2049.96319172 3340.49038867
        interior  5,90  495.00008434 -1878.52107464 3499.88118365
        interior  5,134  330.92933729 -1788.18165204 3669.28329495
        interior  5,106  157.72958825 -1700.62204693 3848.81506783
        interior  5,22  -135.10650728 -1663.91432768 4135.52546759
        interior  5,5  -333.80062920 -1722.76285955 4384.99132192
        interior  5,6  -395.19255742 -1786.02928716 4516.95074852

    fragment  -0.5773503000 0.5773503000 -0.5773503000 0 6
        interior  5,11  2491.37563605 -3766.03067585 1615.72128604
        interior  5,12  2552.36649063 -3764.19924313 1663.64665968
        interior  5,16  2652.13249141 -3859.68354407 1642.18164950
        interior  5,18  2659.97615439 -3937.03809191 1574.00431245
        interior  5,29  2560.48414631 -3966.31422635 1454.99998908
        interior  5,3  2474.32271285 -3819.89718665 1495.86679102

    fragment  0.5773503000 -0.5773503000 0.5773503000 2 9
        endpoint  7,109  2939.81193074 4384.17874692 1666.55116833 -2
        endpoint  6,57  2600.47337926 4501.10981060 866.31124683 -3
        interior  5,9  2877.02373041 -4564.98053253 1668.70205109
        interior  5,94  2753.92426915 -4273.47445927 1515.16620745
        interior  5,58  2462.85748815 -4006.56202571 1224.21322319
        interior  5,20  2332.52551153 -3935.34706572 1114.41980605
        interior  5,36  2248.69462588 -3896.23331520 877.08377942
        interior  5,19  2216.20334562 -3948.39924491 754.12561878
        interior  5,7  2230.21721024 -4019.64987731 669.74830017
        interior  5,55  2267.33827647 -4143.72648468 611.85687881
        interior  5,115  2389.35103693 -4434.93565618 655.51765099

    fragment  -0.5773503000 -0.5773503000 0.5773503000 2 7
        endpoint  1,20  -4535.42659591 -3081.21897675 -100.88746484 -2
        endpoint  2,97  -4559.41937543 4537.63542233 -526.77262912 -2
        interior  5,131  4559.88746352 -3209.28427984 -46.64611273
        interior  5,127  4440.34792706 -3427.24222779 -11.39133564
        interior  5,69  4342.28975117 -3713.71873162 -24.63309705
        interior  5,123  4299.63659035 -3955.13093901 -128.34555202
        interior  5,8  4351.15970843 -4089.90113423 -165.33713780
        interior  5,96  4448.81043614 -4344.68273792 -263.31587457
        interior  5,128  4520.33343854 -4503.84446600 -374.83314835

    fragment  -0.5773503000 -0.5773503000 -0.5773503000 1 13
        endpoint  6,83  3770.38951055 -1099.32868509 -278.48457327 -2
        interior  5,57  3953.75486383 -1139.00938962 -65.80123214
        interior  5,45  4089.07760980 -1267.51982942 48.28863906
        interior  5,37  4007.62977989 -1637.01741129 175.93723234
        interior  5,107  3903.03902964 -1829.20762985 135.29304197
        interior  5,85  3783.34894246 -1996.07767076 8.67871245
        interior  5,67  3527.68488115 -2243.92213139 -242.27226398
        interior  5,78  3363.64016898 -2307.77805010 -421.38516634
        interior  5,43  3169.41396192 -2240.78347036 -657.55443518
        interior  5,51  3081.54661014 -2068.73744682 -800.73943216
        interior  5,50  3104.65994431 -1832.54775901 -855.00242585
        interior  5,10  3175.35510869 -1618.95111404 -813.50825869
        interior  5,74  3429.00236410 -1341.87085912 -598.92155212
        interior  5,132  3599.96443906 -1209.41308229 -435.97929055

    fragment  -0.5773503000 0.5773503000 -0.5773503000 2 17
        endpoint  4,46  105.44649399 -2299.76272569 -1453.13543379 -2
        endpoint  4,42  1311.30182285 -3062.59734905 -1664.56445821 -2
        interior  5,31  89.63514722 -2167.66251161 -1343.32123467
        interior  5,64  134.06235686 -2003.88781185 -1155.11023598
        interior  5,70  205.16169467 -1936.96220606 -1019.49783357
        interior  5,56  406.22604408 -1916.14605475 -781.86471327
        interior  5,100  587.35881832 -2151.29958177 -433.71106155
        interior  5,126  779.42992399 -2333.22394101 -269.79856786
        interior  5,52  1027.35708751 -2561.42822072 -91.91265209
        interior  5,62  1309.46680962 -2758.89052562 -51.94851128
        interior  5,72  1440.95530660 -2874.11455162 -96.71574284
        interior  5,61  1521.46623059 -2961.53725754 -163.28852551
        interior  5,41  1590.63326094 -3020.83899249 -242.64199498
        interior  5,84  1650.42838787 -3100.81497680 -385.30707437
        interior  5,89  1670.24439305 -3151.60151130 -524.98946440
        interior  5,103  1684.06155161 -3178.87899757 -722.25916176
        interior  5,114  1671.86404691 -3196.14897413 -873.81471764
        interior  5,15  1619.46318762 -3210.09441325 -1058.91362513
        interior  5,104  1507.98443919 -3181.96645875 -1302.70405560

    fragment  0.5773503000 0.5773503000 0.5773503000 2 18
        endpoint  4,72  2411.23522092 -2946.04447306 -1635.14062827 -2
        endpoint  1,14  -4413.74168616 -2263.17676075 1054.26628129 -2
        interior  5,116  2498.13243837 -3157.93889396 -1329.89174019
        interior  5,76  2569.68407604 -3224.55866004 -1163.66091498
        interior  5,81  2858.33443697 -3228.19834371 -797.60399745
        interior  5,86  3034.05384729 -3134.40651548 -607.83789416
        interior  5,110  3179.44865354 -3021.49976328 -456.58662122
        interior  5,102  3254.96165241 -2872.34446386 -394.09805874
        interior  5,39  3311.42803048 -2682.40242992 -361.18106412
        interior  5,73  3288.71300074 -2577.45727597 -439.73892977
        interior  5,60  3300.03149953 -2650.86631093 -454.80526725
        interior  5,65  3312.95208092 -2771.11313217 -425.53165546
        interior  5,75  3353.73232813 -2860.75536692 -352.09825499
        interior  5,33  3523.41495144 -2914.37232342 -166.37074893
        interior  5,121  3741.77009564 -2890.18425739 35.10796052
        interior  5,47  3883.54111182 -2838.94393292 171.37537773
        interior  5,88  4036.40823118 -2747.15552483 327.54928004
        interior  5,21  4185.40685188 -2640.28380215 467.63405827
        interior  5,26  4435.01658707 -2483.61968271 725.58960561
        interior  5,130  4570.79522721 -2393.60343949 864.20754475

    fragment  0.5773503000 0.5773503000 0.5773503000 2 16
        endpoint  4,62  1546.91550029 -3917.94048678 -1484.13672714 -2
        endpoint  4,13  2489.40713097 -1820.16829951 -1473.54028730 -2
        interior  5,71  1755.27243093 -3896.17732963 -1135.32420225
        interior  5,25  1974.80536656 -3783.09867297 -804.83199942
        interior  5,136  2127.60080194 -3669.92211113 -623.65796842
        interior  5,91  2275.47492114 -3556.94037450 -450.64461321
        interior  5,135  2419.32825184 -3381.10865870 -329.83671852
        interior  5,98  2571.65828569 -3187.94930601 -206.55106504
        interior  5,109  2809.65297511 -2847.68769355 -73.93005688
        interior  5,87  2919.44982780 -2640.71947991 -41.55824803
        interior  5,125  3053.35068718 -2336.32172239 -41.99850809
        interior  5,53  3193.46149430 -1895.44332886 -132.25169268
        interior  5,77  3215.23979486 -1587.50272984 -271.82543857
        interior  5,80  3239.56600685 -1431.33038603 -464.10288142
        interior  5,93  3145.39455467 -1320.46769687 -766.11251016
        interior  5,111  3081.80563640 -1323.36553097 -890.99760556
        interior  5,92  2840.92570657 -1424.08937818 -1117.89260139
        interior  5,68  2609.28248605 -1618.36185656 -1350.09113055

    fragment  -0.5773503000 -0.5773503000 -0.5773503000 2 7
        endpoint  4,4  2160.09652044 -2912.07555134 -1433.32423905 -2
        endpoint  6,113  1607.68441208 4411.67356365 -1033.67994926 -2
        interior  5,99  2193.77396603 -3205.24225801 -1261.99698216
        interior  5,35  2189.98774610 -3368.16544468 -1176.85908271
        interior  5,49  2189.90463249 -3570.88958520 -1110.01358912
        interior  5,119  2169.95413809 -3724.96150413 -1055.96740391
        interior  5,124  2061.84421266 -3997.49706659 -977.07814482
        interior  5,113  1955.17694523 -4242.05287941 -964.36164555
        interior  5,40  1838.82348972 -4442.43908188 -966.88814134

    fragment  -0.5773503000 -0.5773503000 -0.5773503000 2 2
        endpoint  4,33  1754.07243195 -2380.50659782 -1384.86930699 -2
        endpoint  4,22  701.34348928 -3135.73773336 -1539.18696147 -2
        interior  5,108  1394.48128076 -2587.36337978 -1311.84460759
        interior  5,122  1055.41627854 -2832.30644538 -1369.86846655

    fragment  0.5773503000 0.5773503000 -0.5773503000 2 8
        endpoint  7,39  -396.67425245 -124.23331793 4498.03750741 -2
        endpoint  7,132  156.73954173 1745.00490963 4565.84146486 -2
        interior  6,104  -457.91444309 -1.84078616 -4585.96297626
        interior  6,123  -496.50221293 126.54295119 -4503.32768726
        interior  6,102  -540.92999093 377.66455867 -4399.60646383
        interior  6,3  -556.38199332 539.93288823 -4360.39484851
        interior  6,30  -463.25762056 830.02047131 -4301.53783082
        interior  6,0  -336.09717070 1070.22579697 -4301.36950417
        interior  6,50  -242.18422788 1239.53801396 -4330.23140796
        interior  6,129  -23.15868189 1526.54779253 -4459.58924191

    fragment  -0.5773503000 0.5773503000 -0.5773503000 2 9
        endpoint  7,72  2945.27289851 3754.04312864 988.55450121 -2
        endpoint  4,26  1186.33154658 -4350.37094662 -1399.44888201 -2
        interior  6,54  2872.02784092 3668.12545869 767.13963348
        interior  6,56  2786.59912847 3656.89312786 556.14910054
        interior  6,41  2582.34853067 3689.32454620 196.87702754
        interior  6,89  2496.26980149 3717.10982621 46.52042225
        interior  6,1  2241.94773792 3828.21137503 -302.89560637
        interior  6,116  2022.69783423 3963.33470192 -571.50292638
        interior  6,84  1739.02723728 4188.02978167 -879.38397943
        interior  6,75  1586.14191821 4355.31596961 -1026.45766477
        interior  6,121  1417.59757475 4551.73799225 -1177.88542168

    fragment  -0.5773503000 -0.5773503000 0.5773503000 2 36
        endpoint  7,131  808.83843123 1931.60046560 996.32087673 -2
        endpoint  2,99  -4529.88860489 4561.06411079 -2819.90933499 -2
        interior  6,93  996.37685420 2131.21939966 640.49338427
        interior  6,118  1032.94610189 2169.53926520 588.33293277
        interior  6,67  1278.77482596 2435.78563876 257.59942014
        interior  6,10  1480.76599267 2639.94253308 26.46928924
        interior  6,14  1656.52546081 2809.67513063 -108.40111414
        interior  6,88  1899.50835455 3034.31328776 -259.94157529
        interior  6,39  2106.90694937 3235.86977002 -352.44192780
        interior  6,80  2361.17538800 3464.23250306 -406.64289455
        interior  6,78  2671.67990271 3708.99293906 -393.79310606
        interior  6,17  2800.27957907 3826.70778191 -324.44662418
        interior  6,38  2937.12869125 3920.86935316 -216.46235973
        interior  6,13  2999.97026251 3979.28603422 -108.18418950
        interior  6,11  3053.52858279 3997.29641541 54.29628656
        interior  6,45  3028.37156810 3974.47325157 279.62702663
        interior  6,124  2967.52105330 3884.90572532 445.22903394
        interior  6,91  2860.79505198 3786.23209613 599.35823881
        interior  6,32  2633.81768208 3554.75863354 784.22998215
        interior  6,25  2470.34411615 3316.17025843 845.36315349
        interior  6,65  2361.34643011 3145.68479605 799.87736122
        interior  6,60  2310.47870189 3022.35897649 730.80410281
        interior  6,49  2290.61877855 2940.31950474 664.84143732
        interior  6,5  2266.87530317 2845.04079778 545.23735890
        interior  6,42  2284.05633463 2727.47917091 322.93670807
        interior  6,9  2327.46568686 2659.57176599 71.09064522
        interior  6,55  2420.20613996 2616.43530401 -225.58847446
        interior  6,2  2534.92074927 2649.27131939 -505.70720110
        interior  6,96  2637.02896649 2683.74056605 -696.94707026
        interior  6,125  2875.25343370 2806.35557153 -1040.26721325
        interior  6,107  3034.01924951 2902.02942520 -1247.70653673
        interior  6,115  3135.33096221 2977.20933278 -1371.61577980
        interior  6,92  3350.57983658 3151.50832113 -1632.61906714
        interior  6,94  3538.91430829 3324.74885589 -1829.70567986
        interior  6,126  3698.49586250 3476.30138564 -2000.44066573
        interior  6,72  3976.62878051 3733.88116372 -2304.79598899
        interior  6,70  4255.21212127 4043.08906529 -2547.02076451
        interior  6,77  4424.96132424 4254.33951925 -2673.36260481

    fragment  0.5773503000 -0.5773503000 -0.5773503000 2 15
        endpoint  6,57  2600.47337926 4501.10981060 866.31124683 3
        endpoint  2,84  -4416.34860583 2619.62984716 -756.95072655 -2
        interior  6,74  2857.95367413 4228.23094962 563.33059835
        interior  6,103  3067.96770194 4047.03669810 430.77976831
        interior  6,86  3400.62607989 3803.70401730 320.89603580
        interior  6,8  3712.47341006 3573.63173187 287.43036335
        interior  6,34  3763.35855378 3364.70444733 271.03365566
        interior  6,7  3799.60956500 3211.08292161 302.77615145
        interior  6,4  3762.39452745 3118.17869515 390.52948572
        interior  6,40  3715.87211583 2976.64414135 457.87645061
        interior  6,128  3683.36621305 2905.01196662 550.53782478
        interior  6,53  3775.51086326 3151.80801729 369.08772103
        interior  6,22  3811.91795059 3204.13734342 314.89556568
        interior  6,52  4170.43959592 3186.72493118 61.19428479
        interior  6,43  4220.50671865 3188.95606390 23.37218157
        interior  6,117  4395.80809066 2981.76945686 -390.49094782
        interior  6,122  4559.57411114 2813.15613816 -605.57316114

    fragment  0.5773503000 -0.5773503000 -0.5773503000 2 4
        endpoint  7,91  1013.00894862 3699.40071232 4532.27505381 -2
        endpoint  4,83  146.64158685 -4369.34419418 -3995.69122997 -2
        interior  6,120  767.95448463 3956.69854139 -4408.01576617
        interior  6,6  632.41173617 4135.19107087 -4300.31567787
        interior  6,27  490.49908160 4324.40265202 -4188.70803778
        interior  6,16  312.84305791 4580.27981588 -4074.32173825

    fragment  -0.5773503000 -0.5773503000 -0.5773503000 2 11
        endpoint  7,128  3695.17412469 -980.55732188 998.82420506 -2
        endpoint  2,40  -4478.64241683 355.64549919 129.62853553 -2
        interior  6,73  3699.55344128 -949.12262871 764.44460940
        interior  6,35  3708.25934020 -889.85639767 599.27777512
        interior  6,26  3744.79505032 -827.31284045 457.61798780
        interior  6,111  3781.89503067 -738.98863433 328.39544109
        interior  6,63  3835.63075530 -665.39543908 228.85958695
        interior  6,12  3894.20415246 -559.89239336 133.19416484
        interior  6,108  3999.24043290 -425.37776099 38.87141845
        interior  6,58  4078.69428664 -288.72438701 -11.32757991
        interior  6,109  4290.18030583 -61.65414595 -39.13034258
        interior  6,18  4419.15333121 72.28096391 -21.53126461
        interior  6,62  4543.07605766 189.62515819 19.12610975

    fragment  0.5773503000 -0.5773503000 -0.5773503000 2 4
        endpoint  2,49  -4460.42330032 1258.54706774 33.85599705 -2
        endpoint  7,51  3552.30295291 1485.24946724 1029.40126199 -2
        interior  6,90  4484.14812558 1186.00915574 241.80228542
        interior  6,15  4253.75299214 1221.88604690 436.95670417
        interior  6,23  4015.21354123 1262.34821027 615.83982335
        interior  6,33  3731.82471656 1372.79294405 869.51674041

    fragment  0.5773503000 -0.5773503000 -0.5773503000 2 13
        endpoint  2,14  -4572.33317005 523.02185601 36.11344670 -2
        endpoint  7,84  3538.40841949 2401.58085457 1011.61235033 -2
        interior  6,48  4350.58018754 714.52007585 308.07028909
        interior  6,87  4214.56283637 890.36703331 430.59501294
        interior  6,119  4074.80951955 1075.39104304 554.87993683
        interior  6,82  3997.78603400 1240.51713528 615.54984326
        interior  6,37  3846.30346841 1616.52055668 712.90248083
        interior  6,99  3693.19656252 1978.00452542 797.49023900
        interior  6,59  3611.77160335 2277.19996853 835.19088186
        interior  6,20  3568.76601331 2539.38816378 798.48175741
        interior  6,21  3613.48561078 2758.71210659 699.27167919
        interior  6,47  3671.25718218 2830.69086407 600.91483221
        interior  6,46  3697.05212765 2677.30233073 682.46581277
        interior  6,19  3661.57437674 2548.18470963 789.50494791
        interior  6,28  3593.47428659 2459.39794293 897.04775068

    fragment  0.5773503000 -0.5773503000 0.5773503000 2 7
        endpoint  7,77  2720.45534962 4492.94722721 1009.99456898 -3
        endpoint  7,127  3578.12470133 3046.62308809 1032.90062026 -2
        interior  6,61  2693.70332982 4449.23995607 852.22682740
        interior  6,85  2740.22529443 4273.00143132 738.34369309
        interior  6,24  2854.92045690 4044.46685039 671.23366475
        interior  6,66  2955.35824789 3861.87227174 666.64517695
        interior  6,97  3037.10941182 3716.53495594 693.26265628
        interior  6,132  3254.08429196 3429.76592194 800.71437233
        interior  6,69  3399.04481026 3251.85778501 894.45883779

    fragment  -0.5773503000 -0.5773503000 -0.5773503000 2 12
        endpoint  5,40  1838.82348972 -4442.43908188 -966.88814134 -2
        endpoint  2,93  -660.89392475 2090.27072532 -3151.20981509 -2
        interior  6,113  1607.68441208 4411.67356365 -1033.67994926
        interior  6,81  1397.76173878 4161.71416055 -1132.68697315
        interior  6,29  1270.98688900 4021.28711152 -1205.17766323
        interior  6,101  1121.10132230 3838.01528257 -1301.64480471
        interior  6,130  971.21575560 3654.74345361 -1398.11194619
        interior  6,114  738.72144364 3382.89499780 -1571.72705711
        interior  6,51  488.26560685 3097.34934363 -1783.25369008
        interior  6,44  217.75436978 2835.81666319 -2064.09523228
        interior  6,79  40.11683869 2680.18345411 -2267.81856572
        interior  6,71  -130.76609609 2533.90543511 -2469.64804614
        interior  6,76  -252.77290135 2426.71411809 -2615.27888183
        interior  6,64  -419.22327374 2290.68722180 -2828.25088473

    fragment  -0.5773503000 0.5773503000 -0.5773503000 2 2
        endpoint  4,9  -322.33293162 -1296.61084663 -3053.50545857 -2
        endpoint  0,77  -660.92071689 -815.33984943 -2839.09784428 -2
        interior  6,31  -453.12226768 -1069.94845307 -3003.89661396
        interior  6,112  -535.91309977 -955.70809389 -2945.19613549

    fragment  0.5773503000 0.5773503000 0.5773503000 2 6
        endpoint  2,67  -583.13593825 2115.90990256 -4217.74952458 -2
        endpoint  2,42  -577.46085972 3489.97214240 -4429.50087993 -2
        interior  6,131  -471.03095645 2336.09073261 -4181.56671840
        interior  6,110  -356.12193742 2637.77682471 -4166.90228488
        interior  6,36  -311.22922037 2895.61343433 -4194.68225401
        interior  6,100  -316.01560193 3057.80086875 -4234.33363259
        interior  6,98  -355.51961124 3226.21441080 -4292.23773874
        interior  6,68  -414.96840914 3330.18122480 -4344.34665052

    fragment  0.0000000000 0.0000000000 1.1547006000 2 0
        endpoint  6,57  2600.47337926 4501.10981060 866.31124683 3
        endpoint  7,77  2720.45534962 4492.94722721 1009.99456898 -3

    fragment  -0.5773503000 0.5773503000 -0.5773503000 2 0
        endpoint  6,57  2600.47337926 4501.10981060 866.31124683 3
        endpoint  5,115  2389.35103693 -4434.93565618 655.51765099 -2

    fragment  0.5773503000 0.5773503000 0.5773503000 2 1
        endpoint  5,57  3953.75486383 -1139.00938962 -65.80123214 -2
        endpoint  5,132  3599.96443906 -1209.41308229 -435.97929055 -2
        interior  6,83  3770.38951055 -1099.32868509 -278.48457327

    fragment  0.5773503000 -0.5773503000 0.5773503000 2 1
        endpoint  4,88  -342.55398213 -1145.29685435 -1590.86643663 -2
        endpoint  1,21  -649.85531986 -847.47108108 -1910.86700925 -2
        interior  6,95  -499.73393889 -985.90238530 -1742.73803263

    fragment  -0.5773503000 -0.5773503000 0.5773503000 2 14
        endpoint  1,5  -626.22360769 -426.79864759 2149.24376138 -2
        endpoint  7,117  1022.52554577 2204.60305822 3290.38213151 4
        interior  7,133  -493.53120800 -236.68252926 2062.02323628
        interior  7,126  -340.63661193 -13.19325267 1964.56805328
        interior  7,105  -105.34163141 332.07370908 1849.20060650
        interior  7,48  10.06864531 493.42974648 1828.39379096
        interior  7,59  185.82801832 773.63030946 1801.54716444
        interior  7,94  387.82172418 1079.50522307 1832.16222833
        interior  7,15  654.64342440 1453.06382934 1947.10885353
        interior  7,49  708.96147721 1571.59642134 2043.78027759
        interior  7,11  852.03348152 1890.51341126 2361.79849971
        interior  7,26  905.68103567 1999.34371479 2494.08116284
        interior  7,38  970.56867598 2072.33734713 2647.48229206
        interior  7,0  1008.92653385 2176.37698707 2895.99431257
        interior  7,28  969.81785890 2234.66421311 3080.25249064
        interior  7,24  984.11799145 2214.68014309 3237.16565698

    fragment  -0.5773503000 0.5773503000 -0.5773503000 2 14
        endpoint  3,63  -4463.02360309 3688.27564616 1931.22523667 -2
        endpoint  3,65  -4487.12871333 3248.50974720 3801.53124497 -2
        interior  7,78  4487.66389031 3845.25376738 1930.56784917
        interior  7,47  4330.10426487 3929.70919438 1956.51710673
        interior  7,1  3967.53877281 4100.26969355 2002.26966862
        interior  7,9  3776.11981933 4220.77282784 2086.72705707
        interior  7,6  3672.98530996 4284.75718032 2179.38561108
        interior  7,20  3564.94234643 4330.38310560 2316.29745559
        interior  7,5  3524.93927955 4367.70593846 2425.93916841
        interior  7,35  3527.00414221 4402.50875575 2527.92554077
        interior  7,4  3581.12728776 4362.94355835 2867.75365459
        interior  7,23  3638.26227815 4307.77844185 3034.95536042
        interior  7,121  3799.02711858 4138.14371991 3325.62497831
        interior  7,87  4010.13446723 3927.55403405 3572.68674420
        interior  7,45  4177.02021036 3763.51817947 3672.64568314
        interior  7,8  4350.37240817 3593.81518537 3768.57085066

    fragment  -0.5773503000 0.5773503000 0.5773503000 2 17
        endpoint  6,120  767.95448463 3956.69854139 -4408.01576617 -2
        endpoint  6,28  3593.47428659 2459.39794293 897.04775068 -2
        interior  7,91  1013.00894862 3699.40071232 4532.27505381
        interior  7,86  1189.31698274 3499.60913488 4361.24819341
        interior  7,124  1395.59078952 3258.69337079 4170.73340793
        interior  7,44  1626.90931843 3005.10348023 3946.39932859
        interior  7,2  1887.17550610 2786.82959759 3672.44548313
        interior  7,89  1978.73485128 2711.27290521 3573.20481433
        interior  7,54  2125.20288123 2607.68765770 3401.05124786
        interior  7,108  2313.46585017 2482.10589463 3175.98193044
        interior  7,69  2532.46493143 2339.91550808 2895.34955295
        interior  7,17  2733.15661876 2227.18428980 2581.98600523
        interior  7,52  2917.78392473 2148.91655956 2258.27364630
        interior  7,55  3028.65502227 2141.12924880 2067.00475782
        interior  7,50  3106.35474529 2154.58777885 1879.73291762
        interior  7,61  3246.41040856 2247.24911609 1600.15590604
        interior  7,80  3368.67619305 2308.12540674 1439.15584856
        interior  7,103  3450.67397366 2345.06740277 1282.05575534
        interior  7,84  3538.40841949 2401.58085457 1011.61235033

    fragment  0.5773503000 0.5773503000 0.5773503000 2 10
        endpoint  6,73  3699.55344128 -949.12262871 764.44460940 -2
        endpoint  3,100  -4370.60215077 61.32629581 3339.79930866 -2
        interior  7,128  3695.17412469 -980.55732188 998.82420506
        interior  7,60  3696.49461501 -982.25955993 1211.16007814
        interior  7,110  3717.64593915 -981.20415819 1396.90433632
        interior  7,19  3751.47134332 -947.37146573 1635.73544820
        interior  7,3  3796.54548253 -915.90918040 1819.58264148
        interior  7,76  3868.82997045 -832.76699827 2082.60623590
        interior  7,119  4017.33237770 -702.34041213 2425.16924452
        interior  7,46  4200.33443190 -547.58502632 2756.92237545
        interior  7,129  4354.64702244 -409.39429328 2974.85959194
        interior  7,112  4502.18096827 -269.95956586 3157.25187801

    fragment  0.5773503000 0.5773503000 -0.5773503000 2 33
        endpoint  7,117  1022.52554577 2204.60305822 3290.38213151 4
        endpoint  6,104  -457.91444309 -1.84078616 -4585.96297626 -2
        interior  7,33  1127.02072599 2396.45918675 3286.99309997
        interior  7,123  1304.37916259 2653.87889489 3180.72338356
        interior  7,62  1591.33024790 2968.79561904 2932.30166946
        interior  7,64  1771.10390710 3106.56188749 2704.07589669
        interior  7,14  1951.31620081 3193.07831797 2429.96610587
        interior  7,71  2134.95933521 3200.97999686 2030.61301746
        interior  7,29  2249.69736197 3166.67236528 1972.54312319
        interior  7,36  2333.17674721 3122.99679034 1853.91789963
        interior  7,37  2418.20530790 3056.32983356 1754.24636915
        interior  7,7  2476.19518436 2974.09700156 1653.99508656
        interior  7,95  2536.11089319 2872.31074651 1575.87848759
        interior  7,99  2581.13988121 2728.93134854 1481.91414936
        interior  7,106  2591.12389409 2589.44244124 1403.79009270
        interior  7,104  2597.18282621 2384.34987021 1335.68717654
        interior  7,16  2556.00105656 2117.29249833 1278.48764991
        interior  7,81  2432.21082074 1795.04506238 1270.64196569
        interior  7,22  2243.55450851 1472.52631399 1326.24527918
        interior  7,125  2109.74608299 1231.20011410 1452.44990890
        interior  7,40  1865.26266808 864.57962455 1662.80339444
        interior  7,122  1746.09529697 701.66756364 1768.32148724
        interior  7,111  1575.14760790 478.61073807 1921.53105536
        interior  7,53  1342.65202465 218.16451777 2143.84065231
        interior  7,12  1130.59875160 26.33149844 2364.19662044
        interior  7,120  966.50105281 -101.94204199 2541.56484871
        interior  7,130  667.15712162 -297.93838613 2870.27531062
        interior  7,107  439.46128997 -422.92627625 3129.21259750
        interior  7,98  296.06805043 -478.36392699 3270.57755407
        interior  7,41  159.50685300 -526.36555876 3503.18707524
        interior  7,42  3.78982862 -513.88080738 3786.80626027
        interior  7,67  -134.71235305 -443.27666941 4033.33421395
        interior  7,97  -228.84671238 -366.24466107 4179.31010044
        interior  7,18  -310.95196324 -267.15391820 4339.42958310
        interior  7,39  -396.67425245 -124.23331793 4498.03750741

    fragment  0.5773503000 -0.5773503000 0.5773503000 2 7
        endpoint  6,69  3399.04481026 3251.85778501 894.45883779 -2
        endpoint  3,108  -4472.49236209 2277.81453918 2660.06422707 -2
        interior  7,127  3578.12470133 3046.62308809 1032.90062026
        interior  7,58  3829.07622189 2787.31531722 1271.69259228
        interior  7,10  4010.50628630 2627.85034690 1485.84211734
        interior  7,79  4151.63569796 2517.68631537 1674.98326560
        interior  7,27  4360.98054810 2371.32826397 1986.37369741
        interior  7,90  4434.98877760 2338.38938235 2103.03857917
        interior  7,96  4573.10608993 2289.93380666 2348.83534661

    fragment  -0.5773503000 -0.5773503000 0.5773503000 2 11
        endpoint  7,117  1022.52554577 2204.60305822 3290.38213151 4
        endpoint  6,93  996.37685420 2131.21939966 640.49338427 -2
        interior  7,34  863.30461770 1821.36051462 3157.50789773
        interior  7,13  814.40308061 1722.21420858 3041.86208072
        interior  7,30  770.43741595 1666.17954468 2926.17792489
        interior  7,65  663.47594826 1605.45128996 2632.16902770
        interior  7,43  645.86992730 1584.76245302 2476.92649705
        interior  7,85  599.52953719 1575.80972353 2274.58049442
        interior  7,56  572.33908139 1554.44931697 2129.44434163
        interior  7,100  560.91891874 1585.31112598 1889.40609143
        interior  7,115  589.13935673 1626.39414857 1676.49328929
        interior  7,21  688.20241365 1780.95234258 1305.44027615
        interior  7,131  808.83843123 1931.60046560 996.32087673

    fragment  -0.5773503000 0.5773503000 0.5773503000 2 13
        endpoint  5,120  2226.34519872 -4546.62307623 2601.84175018 -2
        endpoint  6,33  3731.82471656 1372.79294405 869.51674041 -2
        interior  7,75  2214.87942460 4439.95076249 2576.96514273
        interior  7,63  2224.04643312 4275.98398980 2566.96826804
        interior  7,74  2228.85455772 4002.79846926 2513.62983959
        interior  7,88  2280.79419072 3724.59775346 2471.29379940
        interior  7,93  2318.06144654 3535.60541415 2416.19930380
        interior  7,101  2366.92237473 3372.85490491 2370.55495341
        interior  7,73  2526.55958524 2972.72375724 2171.19059161
        interior  7,102  2663.48197133 2636.31618533 1971.91549681
        interior  7,116  2846.38383897 2266.63751744 1757.04284000
        interior  7,57  3013.74280403 1993.32059248 1557.99423820
        interior  7,114  3143.16707064 1817.00953467 1414.63919559
        interior  7,25  3382.92217869 1594.13521478 1181.09334851
        interior  7,51  3552.30295291 1485.24946724 1029.40126199

    fragment  0.5773503000 -0.5773503000 0.5773503000 2 5
        endpoint  6,54  2872.02784092 3668.12545869 767.13963348 -2
        endpoint  5,9  2877.02373041 -4564.98053253 1668.70205109 -2
        interior  7,72  2945.27289851 3754.04312864 988.55450121
        interior  7,32  2983.70774002 3871.89947509 1209.79065481
        interior  7,118  2979.31764613 4001.45013834 1432.33749856
        interior  7,92  2977.01319140 4095.31071469 1527.78099618
        interior  7,109  2939.81193074 4384.17874692 1666.55116833

    fragment  0.5773503000 0.5773503000 -0.5773503000 2 5
        endpoint  6,129  -23.15868189 1526.54779253 -4459.58924191 -2
        endpoint  7,117  1022.52554577 2204.60305822 3290.38213151 4
        interior  7,132  156.73954173 1745.00490963 4565.84146486
        interior  7,83  308.67212569 1914.00774029 4429.47424535
        interior  7,66  534.77331799 2096.12752180 4163.27448798
        interior  7,82  765.88195758 2222.55492023 3811.84132408
        interior  7,113  866.59741847 2241.12102105 3626.73046009

    fragment  0.5773503000 -0.5773503000 0.5773503000 2 0
        endpoint  7,77  2720.45534962 4492.94722721 1009.99456898 3
        endpoint  6,61  2693.70332982 4449.23995607 852.22682740 -2

    fragment  0.0000000000 0.0000000000 -1.1547006000 2 0
        endpoint  7,77  2720.45534962 4492.94722721 1009.99456898 3
        endpoint  6,57  2600.47337926 4501.10981060 866.31124683 -3

    fragment  -0.5773503000 0.5773503000 0.5773503000 2 0
        endpoint  7,77  2720.45534962 4492.94722721 1009.99456898 3
        endpoint  5,133  2579.24213490 -4533.61838318 1155.22266106 -2

