fragments version 0 30

    fragment  -0.5773503000 0.5773503000 0.5773503000 2 13
        endpoint  1,0  -2583.82550211 331.45048343 -2473.66433299 -2
        endpoint  6,44  -784.05468998 -1219.63005114 -4221.34963942 -2
        interior  0,14  -2450.02086337 218.03813841 -2622.94480045
        interior  0,12  -2236.28797355 70.93094286 -2878.73524277
        interior  0,20  -2101.14941517 9.84032643 -3041.76955027
        interior  0,6  -1934.34581834 -25.18909903 -3227.76319336
        interior  0,3  -1867.47351983 -27.17282015 -3351.33518817
        interior  0,124  -1794.55103384 -35.27070053 -3369.65820624
        interior  0,0  -1721.25922864 -94.66202205 -3378.40192146
        interior  0,18  -1614.98637036 -185.18071510 -3424.89131140
        interior  0,7  -1314.96924018 -450.36323925 -3636.42595097
        interior  0,8  -1115.92852729 -650.92283629 -3835.21530414
        interior  0,11  -1014.32033231 -785.98545583 -4031.56838829
        interior  0,127  -1002.93708137 -834.11016628 -4145.77901584
        interior  0,25  -943.69479749 -975.16760226 -4154.08644274

    fragment  -0.5773503000 0.5773503000 -0.5773503000 2 2
        endpoint  1,25  -1324.99617891 11.18987967 -2371.28740677 -2
        endpoint  2,19  -1922.89716463 613.74345777 -2964.14038124 -2
        interior  0,1  -1599.36270472 251.00102174 -2671.82719249
        interior  0,9  -1752.54469825 415.97102321 -2815.51592053

    fragment  -0.5773503000 -0.5773503000 0.5773503000 2 11
        endpoint  1,1  -2379.25562427 -1236.56337979 -2558.06028606 -2
        endpoint  7,7  -621.23896407 529.94852734 4475.65500697 -2
        interior  0,13  -2345.97303788 -1133.50913757 -2561.83374602
        interior  0,15  -2300.23436390 -1035.65045320 -2792.68231581
        interior  0,5  -2180.33998266 -882.81321258 -3007.34970839
        interior  0,17  -1966.06924076 -683.47626840 -3260.24786108
        interior  0,4  -1793.69791614 -492.50344091 -3392.72649568
        interior  0,19  -1682.37046011 -417.77003215 -3425.57577303
        interior  0,21  -1538.94767256 -315.86589980 -3668.65293347
        interior  0,10  -1356.62771450 -191.30174471 -3902.39942829
        interior  0,2  -1194.83885025 -43.64024250 -4112.76648632
        interior  0,22  -1039.45787658 110.66905834 -4297.82976681
        interior  0,16  -894.85792614 254.02531809 -4459.01308469

    fragment  -0.5773503000 0.5773503000 0.5773503000 2 1
        endpoint  2,10  -2797.77674258 535.56964024 -2247.63877566 -2
        endpoint  0,14  -2450.02086337 218.03813841 -2622.94480045 -2
        interior  1,0  -2583.82550211 331.45048343 -2473.66433299

    fragment  -0.5773503000 -0.5773503000 0.5773503000 2 17
        endpoint  4,0  4506.83383465 -3682.98022541 -521.64041284 -2
        endpoint  0,13  -2345.97303788 -1133.50913757 -2561.83374602 -2
        interior  1,19  -4477.39631504 -3461.52409543 -661.72565957
        interior  1,12  -4302.15875264 -3244.35802653 -725.73577446
        interior  1,16  -4235.40896825 -3119.84187225 -726.77761517
        interior  1,14  -4155.42509562 -3047.15321430 -668.78348945
        interior  1,15  -4080.86827317 -3083.00804256 -857.67675312
        interior  1,5  -3933.87175649 -3005.89189916 -1076.36581347
        interior  1,22  -3767.67123410 -2887.90505960 -1235.80022250
        interior  1,4  -3607.10762170 -2768.35770487 -1390.61464533
        interior  1,10  -3452.72058578 -2596.13957273 -1547.55613519
        interior  1,23  -3280.08244245 -2354.36712616 -1730.34943741
        interior  1,8  -3090.98050850 -2078.28489348 -1832.77080518
        interior  1,17  -2996.32193790 -1920.38667256 -1825.88468197
        interior  1,13  -3011.17946946 -1844.51870491 -1840.25517334
        interior  1,6  -2994.78284766 -1849.00919259 -1937.59048312
        interior  1,26  -2815.44635513 -1767.70902627 -2200.14861856
        interior  1,7  -2570.08488656 -1523.43187840 -2444.61950101
        interior  1,1  -2379.25562427 -1236.56337979 -2558.06028606

    fragment  0.5773503000 0.5773503000 0.5773503000 2 3
        endpoint  6,7  4533.85465335 -174.05381466 533.39667145 -2
        endpoint  3,26  -4339.80027802 505.33634671 783.47472241 -2
        interior  1,9  -4438.33418034 121.62589552 697.09515094
        interior  1,18  -4360.12462379 311.95025983 768.04174368
        interior  1,2  -4320.17383912 438.78308350 768.64381742

    fragment  0.5773503000 -0.5773503000 0.5773503000 2 4
        endpoint  0,1  -1599.36270472 251.00102174 -2671.82719249 -2
        endpoint  6,40  -771.74160530 -639.41999947 -1672.21021606 -2
        interior  1,25  -1324.99617891 11.18987967 -2371.28740677
        interior  1,11  -1192.57751181 -91.99673628 -2188.59930739
        interior  1,21  -1064.10758533 -192.31272399 -1895.46786891
        interior  1,3  -972.83432518 -349.84894650 -1865.74338837

    fragment  -0.5773503000 -0.5773503000 -0.5773503000 2 2
        endpoint  3,28  -4160.01214442 567.84674660 1172.24555845 -2
        endpoint  3,26  -4339.80027802 505.33634671 783.47472241 -2
        interior  1,20  -4241.85226288 500.75920055 1015.54375054
        interior  1,24  -4310.24595007 479.45607443 858.04700659

    fragment  0.5773503000 -0.5773503000 -0.5773503000 2 13
        endpoint  1,0  -2583.82550211 331.45048343 -2473.66433299 -2
        endpoint  3,8  -4544.89782603 2524.73407573 -465.93201489 -2
        interior  2,10  -2797.77674258 535.56964024 -2247.63877566
        interior  2,22  -2962.74745926 714.60638561 -2096.57230337
        interior  2,14  -3204.97373477 1020.04345393 -1899.96071619
        interior  2,2  -3298.84696818 1168.37514035 -1827.98310598
        interior  2,7  -3395.19578612 1373.67908356 -1755.10290076
        interior  2,5  -3436.35961106 1572.66665771 -1743.83301217
        interior  2,4  -3447.71826976 1579.47659592 -1618.59358716
        interior  2,20  -3527.59256007 1625.59981824 -1461.66052369
        interior  2,6  -3568.74064157 1667.38142055 -1390.04273925
        interior  2,9  -3760.74707596 1887.16285646 -1127.19092356
        interior  2,8  -3935.80747061 2055.98350310 -969.90850171
        interior  2,11  -4095.88508539 2186.21975342 -886.25309872
        interior  2,0  -4298.21381908 2301.31764162 -703.26792787

    fragment  0.5773503000 -0.5773503000 0.5773503000 2 9
        endpoint  3,13  -3405.47259740 2129.99391936 4492.45213204 -2
        endpoint  0,9  -1752.54469825 415.97102321 -2815.51592053 -2
        interior  2,1  -3156.99659000 1878.19509286 -4393.67385775
        interior  2,13  -3017.98250984 1737.57895879 -4232.77463302
        interior  2,16  -2867.55878256 1585.74798940 -4053.85474462
        interior  2,12  -2712.72152663 1421.98785052 -3871.52958663
        interior  2,21  -2544.75338601 1254.18864194 -3686.21092059
        interior  2,17  -2368.19420152 1087.88233513 -3449.14986545
        interior  2,3  -2213.20557200 966.90239822 -3231.80400401
        interior  2,15  -2160.29705331 926.93994669 -3103.79736219
        interior  2,19  -1922.89716463 613.74345777 -2964.14038124

    fragment  0.5773503000 -0.5773503000 0.5773503000 2 6
        endpoint  7,20  4509.03146132 3377.41384730 3349.13200517 -2
        endpoint  2,1  -3156.99659000 1878.19509286 -4393.67385775 -2
        interior  3,0  -4523.64635623 3237.98602209 3466.13778722
        interior  3,17  -4341.06039244 3059.73184787 3620.01782169
        interior  3,2  -4162.12905326 2884.32640092 3772.08865405
        interior  3,1  -3902.64396502 2627.70406831 3997.40365731
        interior  3,15  -3632.16995534 2358.77919216 4252.30226613
        interior  3,13  -3405.47259740 2129.99391936 4492.45213204

    fragment  -0.5773503000 -0.5773503000 -0.5773503000 2 22
        endpoint  7,6  -794.51778950 4029.97975193 4301.10062384 -2
        endpoint  1,20  -4241.85226288 500.75920055 1015.54375054 -2
        interior  3,10  -898.73415644 3922.58452673 4295.55470510
        interior  3,22  -1082.63169602 3740.52309576 4168.52817351
        interior  3,11  -1161.75450651 3648.29225370 4017.14850212
        interior  3,14  -1183.00398867 3574.54109361 3982.36247418
        interior  3,6  -1385.23610840 3261.47606398 3827.18900041
        interior  3,30  -1624.97771510 2972.02174477 3597.70116051
        interior  3,23  -1785.69075451 2837.09970523 3430.80607624
        interior  3,29  -1962.42470331 2715.90882537 3240.59713318
        interior  3,12  -2069.35463725 2668.13116371 3093.54726342
        interior  3,7  -2142.47327508 2668.42485191 3035.00469691
        interior  3,27  -2220.05496962 2588.27960599 3029.03367887
        interior  3,24  -2389.91341141 2440.05706617 2945.54160153
        interior  3,9  -2659.37606226 2206.54905540 2739.27714407
        interior  3,5  -2819.35890228 2050.17351090 2585.54624383
        interior  3,4  -3045.73075170 1796.47749707 2314.30522940
        interior  3,25  -3144.66966491 1665.07468555 2126.21613276
        interior  3,19  -3162.18963375 1634.77290220 2033.93066881
        interior  3,3  -3283.01891501 1450.87882413 2008.30861104
        interior  3,20  -3530.73082841 1195.16991157 1873.42722173
        interior  3,21  -3762.66600739 951.05976323 1685.26063953
        interior  3,31  -4007.83390340 719.07752203 1397.89316640
        interior  3,28  -4160.01214442 567.84674660 1172.24555845

    fragment  0.5773503000 -0.5773503000 -0.5773503000 2 1
        endpoint  2,0  -4298.21381908 2301.31764162 -703.26792787 -2
        endpoint  6,43  4414.53241622 2822.84579480 -224.82070337 -2
        interior  3,8  -4544.89782603 2524.73407573 -465.93201489

    fragment  -0.5773503000 -0.5773503000 -0.5773503000 2 1
        endpoint  1,24  -4310.24595007 479.45607443 858.04700659 -2
        endpoint  1,2  -4320.17383912 438.78308350 768.64381742 -2
        interior  3,26  -4339.80027802 505.33634671 783.47472241

    fragment  0.5773503000 0.5773503000 -0.5773503000 2 5
        endpoint  1,19  -4477.39631504 -3461.52409543 -661.72565957 -2
        endpoint  6,36  3422.06173696 4469.96874431 712.98858607 -2
        interior  4,0  4506.83383465 -3682.98022541 -521.64041284
        interior  4,25  4308.40477889 -3875.70465218 -330.42402863
        interior  4,35  4122.40588610 -4058.37187563 -164.51717333
        interior  4,29  3865.77455437 -4319.66332357 130.95050606
        interior  4,22  3648.95064427 -4508.07416572 387.25698111

    fragment  0.5773503000 0.5773503000 0.5773503000 2 18
        endpoint  6,6  28.50519535 4537.91511874 -3876.14070673 -2
        endpoint  6,13  3285.76726000 -1366.28677980 -773.52684106 -2
        interior  4,8  295.66614813 -4379.21164688 -3602.72497746
        interior  4,19  537.76402663 -4096.20846397 -3387.15607669
        interior  4,13  773.07318339 -3771.56568261 -3235.54968404
        interior  4,16  851.65444063 -3615.20040013 -3202.24701902
        interior  4,7  896.68909383 -3446.55723009 -3191.79594941
        interior  4,24  891.07323212 -3372.13172605 -3035.49975505
        interior  4,34  982.23129653 -3256.64859700 -2803.01128627
        interior  4,1  1189.92998385 -3047.35461182 -2509.19740425
        interior  4,39  1397.63307858 -2838.75291301 -2308.41295854
        interior  4,27  1597.14100764 -2640.23482565 -2165.72672648
        interior  4,31  1847.27207813 -2408.77036210 -2053.76256802
        interior  4,28  1988.44539642 -2353.47639348 -2018.49846905
        interior  4,6  2156.23948320 -2272.98031955 -1779.76029584
        interior  4,40  2352.33465056 -2101.94774741 -1561.81734322
        interior  4,21  2578.53235949 -1811.84581946 -1390.00278323
        interior  4,11  2648.00959990 -1731.20290499 -1386.04476252
        interior  4,4  2772.30053176 -1711.89817227 -1263.93766094
        interior  4,17  2997.19366972 -1590.49317601 -1061.06432198

    fragment  0.5773503000 -0.5773503000 0.5773503000 2 12
        endpoint  6,30  -116.95783919 -1313.11481732 -1062.03880659 -2
        endpoint  5,1  1848.59373396 -3166.29719717 738.01095686 -2
        interior  4,10  110.75161199 -1555.46449994 -889.57186761
        interior  4,15  358.96032101 -1818.11949056 -659.69279182
        interior  4,3  521.58700243 -1967.03369353 -472.16950160
        interior  4,36  689.33026706 -2106.04935228 -231.23168183
        interior  4,18  800.56305428 -2157.73974522 -49.97328026
        interior  4,9  877.02793613 -2151.12770057 68.79935762
        interior  4,20  931.99365048 -2126.40179241 112.05940953
        interior  4,30  1046.65690033 -2219.26372691 78.65734665
        interior  4,5  1137.37179518 -2351.59452828 90.99423199
        interior  4,23  1307.10494609 -2593.26666509 202.55528861
        interior  4,12  1528.10130428 -2866.34788036 410.87070127
        interior  4,2  1715.48974047 -3037.96281814 601.86991809

    fragment  -0.5773503000 0.5773503000 0.5773503000 2 1
        endpoint  6,42  -570.97022768 -1499.15144677 -4382.07757652 -2
        endpoint  5,21  -240.40951133 -1861.27670706 4514.50619846 -2
        interior  4,14  -390.67145082 -1699.98477096 -4527.10277990

    fragment  0.5773503000 -0.5773503000 -0.5773503000 2 17
        endpoint  7,30  2363.30971140 4538.58860525 1787.65832746 -2
        endpoint  4,14  -390.67145082 -1699.98477096 -4527.10277990 -2
        interior  5,7  2169.53257904 -4504.24234174 1992.02980789
        interior  5,2  2015.82178447 -4373.29132286 2148.97428356
        interior  5,17  1821.09304716 -4162.13663825 2343.63456222
        interior  5,14  1663.22469425 -3987.11200083 2497.17143905
        interior  5,25  1511.82859772 -3807.65813849 2640.28376530
        interior  5,9  1339.36555196 -3625.32965787 2809.49913455
        interior  5,26  1159.00928371 -3417.64760341 2989.61382695
        interior  5,6  918.16047990 -3088.58102471 3193.16644565
        interior  5,5  686.76224880 -2742.46019183 3352.68615947
        interior  5,15  610.56970993 -2592.80086532 3418.19930590
        interior  5,22  547.74122726 -2493.25248188 3442.20559761
        interior  5,20  522.33945271 -2427.45254651 3543.69060599
        interior  5,23  447.34581722 -2400.11087368 3653.91307801
        interior  5,0  303.02068650 -2312.15585144 3871.22168879
        interior  5,24  113.19487995 -2178.52310446 4100.57864300
        interior  5,27  -89.28807298 -2003.07820938 4348.60225718
        interior  5,21  -240.40951133 -1861.27670706 4514.50619846

    fragment  -0.5773503000 0.5773503000 -0.5773503000 2 10
        endpoint  7,32  3269.82948272 4475.71085321 2216.07074272 -2
        endpoint  4,2  1715.48974047 -3037.96281814 601.86991809 -2
        interior  5,10  3062.25938831 -4478.33991477 2030.10416692
        interior  5,3  2816.22157248 -4170.97883273 1837.47631966
        interior  5,19  2730.72204286 -4063.48956618 1796.24006959
        interior  5,11  2610.87520697 -3888.33617996 1759.93225150
        interior  5,12  2584.45296670 -3756.16282504 1757.15359821
        interior  5,4  2566.17727431 -3737.17119928 1613.11602118
        interior  5,16  2515.29494273 -3707.50110123 1500.41020433
        interior  5,18  2323.09078189 -3579.65218831 1237.96792032
        interior  5,13  2115.30432277 -3414.82327034 1001.22705551
        interior  5,1  1848.59373396 -3166.29719717 738.01095686

    fragment  0.5773503000 0.5773503000 0.5773503000 2 10
        endpoint  4,17  2997.19366972 -1590.49317601 -1061.06432198 -2
        endpoint  1,9  -4438.33418034 121.62589552 697.09515094 -2
        interior  6,13  3285.76726000 -1366.28677980 -773.52684106
        interior  6,14  3500.86925303 -1093.91096907 -556.81968546
        interior  6,31  3635.95308320 -818.78844669 -397.43870780
        interior  6,11  3661.96860329 -679.41013448 -382.16501649
        interior  6,35  3717.90054803 -695.41351113 -368.29807540
        interior  6,32  3805.86675426 -698.11243206 -241.94281879
        interior  6,0  3967.16764012 -645.12643902 -70.21374330
        interior  6,33  4204.82436516 -494.92865843 200.39848050
        interior  6,2  4368.90752012 -354.42373848 372.22654448
        interior  6,7  4533.85465335 -174.05381466 533.39667145

    fragment  0.5773503000 -0.5773503000 -0.5773503000 2 15
        endpoint  3,8  -4544.89782603 2524.73407573 -465.93201489 -2
        endpoint  7,30  2363.30971140 4538.58860525 1787.65832746 -2
        interior  6,43  4414.53241622 2822.84579480 -224.82070337
        interior  6,21  4372.76585456 2901.20381731 -194.80026854
        interior  6,27  4319.53525179 2992.52429591 -199.19051794
        interior  6,28  4208.70036759 3066.78286069 86.31085479
        interior  6,17  4093.59417154 3156.49975856 256.68221092
        interior  6,3  3865.21187264 3369.91013565 536.50488055
        interior  6,38  3691.74716337 3544.15504642 707.32863793
        interior  6,37  3467.37217120 3779.13120650 899.77734799
        interior  6,12  3177.89600838 4096.66373114 1105.73965036
        interior  6,29  3051.07099398 4269.66156454 1170.35971128
        interior  6,15  2972.44905308 4366.18457490 1189.47661885
        interior  6,8  2834.06247699 4464.42155494 1155.52136241
        interior  6,20  2779.46231105 4426.41645382 1244.02294793
        interior  6,34  2707.26276880 4413.13633794 1330.90758633
        interior  6,10  2575.08157737 4438.27839876 1530.63338879

    fragment  -0.5773503000 -0.5773503000 -0.5773503000 2 4
        endpoint  4,8  295.66614813 -4379.21164688 -3602.72497746 -2
        endpoint  7,1  -698.60466228 4017.23268907 4413.83677051 -2
        interior  6,6  28.50519535 4537.91511874 -3876.14070673
        interior  6,41  -158.81934678 4365.43846868 -4081.41021810
        interior  6,4  -334.03349035 4223.83079564 -4272.79634563
        interior  6,22  -515.09735884 4093.98929636 -4508.54833168

    fragment  0.5773503000 0.5773503000 -0.5773503000 2 6
        endpoint  4,22  3648.95064427 -4508.07416572 387.25698111 -2
        endpoint  7,26  2257.27366471 3233.58042694 1794.59692708 -2
        interior  6,36  3422.06173696 4469.96874431 712.98858607
        interior  6,26  3220.59669334 4335.61965606 1018.12459033
        interior  6,19  3103.92805851 4204.33145218 1084.27773638
        interior  6,5  2987.38317557 4019.93835244 1157.80612339
        interior  6,39  2723.64837249 3706.45944752 1343.39106898
        interior  6,16  2442.15215794 3409.74637573 1588.83426180

    fragment  0.5773503000 -0.5773503000 0.5773503000 2 6
        endpoint  1,3  -972.83432518 -349.84894650 -1865.74338837 -2
        endpoint  4,10  110.75161199 -1555.46449994 -889.57186761 -2
        interior  6,40  -771.74160530 -639.41999947 -1672.21021606
        interior  6,9  -591.10538670 -813.08675043 -1491.20188809
        interior  6,23  -372.34619586 -943.30130583 -1263.66720482
        interior  6,18  -349.09016973 -954.69672628 -1197.03574540
        interior  6,25  -269.75946952 -1121.25790818 -1154.37625080
        interior  6,30  -116.95783919 -1313.11481732 -1062.03880659

    fragment  -0.5773503000 0.5773503000 0.5773503000 2 2
        endpoint  0,25  -943.69479749 -975.16760226 -4154.08644274 -2
        endpoint  4,14  -390.67145082 -1699.98477096 -4527.10277990 -2
        interior  6,44  -784.05468998 -1219.63005114 -4221.34963942
        interior  6,42  -570.97022768 -1499.15144677 -4382.07757652

    fragment  0.5773503000 0.5773503000 -0.5773503000 2 22
        endpoint  6,16  2442.15215794 3409.74637573 1588.83426180 -2
        endpoint  0,16  -894.85792614 254.02531809 -4459.01308469 -2
        interior  7,26  2257.27366471 3233.58042694 1794.59692708
        interior  7,34  2123.49240035 3122.11289008 1967.14689474
        interior  7,12  1966.73766095 2999.94251137 2183.01908537
        interior  7,9  1834.72516484 2941.25077277 2351.91410887
        interior  7,13  1712.96094276 2854.38855885 2406.40255035
        interior  7,33  1601.46057316 2744.22459353 2517.86009670
        interior  7,8  1514.52699465 2627.99996566 2665.03846266
        interior  7,14  1489.56592944 2582.05803101 2751.30708957
        interior  7,15  1369.20509235 2336.33477793 2860.88660329
        interior  7,29  1288.25158767 2212.17275824 2945.31392312
        interior  7,36  1122.00976887 2006.26844259 3098.30711477
        interior  7,22  972.62776912 1837.77815150 3241.76638344
        interior  7,27  685.78836128 1610.32960760 3546.53080887
        interior  7,25  501.52724071 1507.42253478 3731.02749657
        interior  7,3  373.74697008 1468.02211182 3875.53660190
        interior  7,16  329.52826372 1450.25096260 4006.92466044
        interior  7,19  291.26590789 1467.66261410 4055.92283632
        interior  7,24  189.09830108 1417.23613622 4036.90354272
        interior  7,28  -8.88309185 1258.00146799 4057.30490363
        interior  7,31  -154.02393936 1071.01951376 4120.87181228
        interior  7,0  -379.02172146 786.58452103 4291.96028607
        interior  7,7  -621.23896407 529.94852734 4475.65500697

    fragment  -0.5773503000 -0.5773503000 -0.5773503000 2 2
        endpoint  6,22  -515.09735884 4093.98929636 -4508.54833168 -2
        endpoint  3,10  -898.73415644 3922.58452673 4295.55470510 -2
        interior  7,1  -698.60466228 4017.23268907 4413.83677051
        interior  7,6  -794.51778950 4029.97975193 4301.10062384

    fragment  0.5773503000 -0.5773503000 0.5773503000 2 10
        endpoint  5,10  3062.25938831 -4478.33991477 2030.10416692 -2
        endpoint  3,0  -4523.64635623 3237.98602209 3466.13778722 -2
        interior  7,32  3269.82948272 4475.71085321 2216.07074272
        interior  7,4  3462.22691521 4297.94298226 2431.92009210
        interior  7,17  3696.49221752 4126.26432086 2722.31024662
        interior  7,21  3802.04530613 4061.08786164 2909.69348661
        interior  7,18  3858.63222606 4056.10863378 3025.14003694
        interior  7,23  3894.98900743 4079.22606666 3073.73386281
        interior  7,11  3956.96299321 4015.32096596 3045.71294230
        interior  7,35  4086.27041925 3841.99779802 3068.09640144
        interior  7,5  4263.28761769 3624.74667039 3176.09117823
        interior  7,20  4509.03146132 3377.41384730 3349.13200517

    fragment  0.5773503000 -0.5773503000 -0.5773503000 2 1
        endpoint  6,10  2575.08157737 4438.27839876 1530.63338879 -2
        endpoint  5,7  2169.53257904 -4504.24234174 1992.02980789 -2
        interior  7,30  2363.30971140 4538.58860525 1787.65832746

