fragments version 0 104

    fragment  -0.5773503000 -0.5773503000 0.5773503000 2 18
        endpoint  1,20  -3522.85179888 -3331.72681128 -2450.15306616 -2
        endpoint  2,6  -1427.06587843 -208.40800108 -3515.63310509 -2
        interior  0,54  -3464.80060967 -3294.55609134 -2677.11323977
        interior  0,13  -3368.57312630 -3244.47897184 -2934.31192365
        interior  0,90  -3189.41794282 -3098.66288013 -3339.96846662
        interior  0,2  -2961.14046138 -2910.25124568 -3699.65804517
        interior  0,45  -2753.09223327 -2709.48735632 -3959.98337766
        interior  0,92  -2511.69801927 -2461.77926096 -4155.81482316
        interior  0,59  -2389.33046728 -2329.65627009 -4241.16044487
        interior  0,79  -2176.94120856 -2090.64892311 -4370.71992986
        interior  0,30  -2073.86379728 -1977.47245448 -4419.13762088
        interior  0,76  -1797.03404645 -1673.63123685 -4512.88980998
        interior  0,75  -1623.76622735 -1452.80504013 -4524.37401375
        interior  0,46  -1495.61523664 -1303.13942102 -4480.74877680
        interior  0,0  -1428.05938406 -1206.45662498 -4438.99672449
        interior  0,82  -1292.64600759 -1022.01508761 -4328.57821586
        interior  0,35  -1194.90450575 -900.18174527 -4227.94903923
        interior  0,34  -1207.39510270 -611.99281908 -4085.29454903
        interior  0,12  -1273.22552028 -373.75248790 -3859.54994158
        interior  0,8  -1362.93872949 -252.30291811 -3605.48140541

    fragment  0.5773503000 -0.5773503000 0.5773503000 2 7
        endpoint  1,82  -2039.68515615 -1225.79550350 4507.55300319 -2
        endpoint  4,88  -497.46139720 -2328.18842884 -2969.55336291 -2
        interior  0,4  -1865.77893409 -1382.06322049 -4487.60813452
        interior  0,81  -1670.03985691 -1538.88406326 -4280.94272894
        interior  0,1  -1420.30293308 -1761.63373993 -4030.28726194
        interior  0,74  -1231.18210668 -1924.84100111 -3829.56138002
        interior  0,95  -929.66234912 -2153.20282637 -3514.75334514
        interior  0,47  -861.01534638 -2200.47860535 -3432.78721905
        interior  0,9  -757.44025545 -2242.96475447 -3310.92749009

    fragment  0.5773503000 -0.5773503000 -0.5773503000 2 9
        endpoint  4,37  -621.72521004 -3283.29509306 -3570.94919480 -2
        endpoint  4,92  -640.73409468 -1414.51069701 -4482.05481364 -2
        interior  0,83  -714.86505834 -2952.86561007 -3612.80968829
        interior  0,48  -728.69269446 -2777.53044254 -3625.11616855
        interior  0,3  -758.34335719 -2645.68153129 -3655.71599997
        interior  0,86  -849.87774715 -2388.58457495 -3767.49118387
        interior  0,69  -847.10086260 -2192.83648866 -3841.92108664
        interior  0,93  -829.67563104 -1975.02090742 -3954.62498835
        interior  0,53  -827.00864563 -1836.69326499 -4072.09922699
        interior  0,7  -774.57491276 -1697.04958422 -4216.10556259
        interior  0,102  -672.28860734 -1506.31507676 -4381.20712986

    fragment  -0.5773503000 -0.5773503000 0.5773503000 2 20
        endpoint  2,61  -3766.93800487 4466.94659994 -2614.83723098 -2
        endpoint  1,18  -2301.32743565 -1121.23412623 -2454.80755499 -2
        interior  0,94  -3576.41792758 -4547.30867221 -2836.48195283
        interior  0,101  -3409.96472826 -4394.40129605 -3030.31403231
        interior  0,64  -3262.31324897 -4256.34260263 -3194.91339595
        interior  0,33  -3012.31897296 -3977.57720244 -3396.96644609
        interior  0,62  -2816.63549779 -3735.61714773 -3544.77605601
        interior  0,73  -2681.13639558 -3559.19281183 -3626.91832302
        interior  0,66  -2519.62414693 -3343.18637129 -3698.76308217
        interior  0,60  -2307.07504265 -3066.04319547 -3761.27910051
        interior  0,23  -2166.81324102 -2897.12883601 -3765.90570432
        interior  0,61  -2011.27617650 -2649.66324388 -3753.37703129
        interior  0,65  -1938.19797325 -2489.36909041 -3723.03033460
        interior  0,56  -1861.17580203 -2258.04300831 -3661.08903202
        interior  0,6  -1811.24092125 -2121.86733629 -3592.79603008
        interior  0,44  -1784.35103286 -1992.10294178 -3521.65096731
        interior  0,39  -1726.40136425 -1809.59369109 -3370.52520043
        interior  0,41  -1756.52335949 -1701.12393432 -3297.95837412
        interior  0,55  -1877.32553849 -1461.80028456 -3115.84875958
        interior  0,18  -2035.85934874 -1304.60858882 -2958.18129484
        interior  0,5  -2143.83766377 -1220.23139431 -2866.99768573
        interior  0,32  -2233.37797925 -1141.60749574 -2625.12800481

    fragment  0.5773503000 0.5773503000 -0.5773503000 2 12
        endpoint  1,13  -3128.19141315 -2127.42889419 -2226.45823876 -2
        endpoint  2,110  -4346.13202134 4517.37219718 -3245.17413382 -2
        interior  0,40  -3179.18751423 -2234.89638559 -2487.59727406
        interior  0,78  -3237.85847893 -2449.52774687 -2778.20541580
        interior  0,22  -3284.66032569 -2640.79755348 -2953.75525439
        interior  0,58  -3334.49540371 -2770.36858394 -3059.30630641
        interior  0,17  -3396.42613420 -2957.81521360 -3182.49519681
        interior  0,72  -3485.45986637 -3159.30689672 -3283.44083136
        interior  0,10  -3544.41935599 -3268.00414727 -3329.07727853
        interior  0,51  -3622.41921566 -3431.36839082 -3369.96870087
        interior  0,70  -3741.62148212 -3622.85531616 -3403.91241045
        interior  0,27  -3836.04093488 -3805.58366880 -3418.37541168
        interior  0,91  -4052.82842146 -4216.69274393 -3368.81155590
        interior  0,97  -4145.12716257 -4373.97594096 -3338.14508557

    fragment  -0.5773503000 -0.5773503000 0.5773503000 2 9
        endpoint  1,86  -3357.17586112 -2271.17050564 -2419.82350699 -2
        endpoint  1,2  -2977.06996343 -2776.57011724 4497.94660322 -2
        interior  0,15  -3409.65540121 -2367.83697058 -2523.21235971
        interior  0,28  -3445.96445443 -2485.64617274 -2672.63672169
        interior  0,16  -3479.90022696 -2587.96409099 -2854.25498738
        interior  0,11  -3484.96631490 -2671.95510028 -3020.91277835
        interior  0,21  -3472.43311380 -2766.45713830 -3421.19243057
        interior  0,68  -3425.94786614 -2814.40007917 -3712.87229581
        interior  0,38  -3343.05070625 -2841.96398852 -3954.90440168
        interior  0,29  -3271.78277393 -2838.35332122 -4159.30506135
        interior  0,84  -3207.76649952 -2839.79066164 -4297.78969985

    fragment  0.5773503000 -0.5773503000 -0.5773503000 2 13
        endpoint  2,80  -1162.45517485 -174.21195520 -4170.76743378 -2
        endpoint  1,63  -1377.66118245 -2471.87115918 -2106.05080492 -2
        interior  0,80  -948.03272743 -502.14373179 -4335.96037461
        interior  0,85  -816.64325587 -788.28463656 -4410.29758777
        interior  0,67  -695.35827829 -1198.72158398 -4447.39595677
        interior  0,20  -683.96885292 -1413.74482835 -4457.22339323
        interior  0,14  -693.78041559 -1571.29698467 -4354.06113239
        interior  0,71  -661.38863123 -1701.87335141 -4249.78756393
        interior  0,24  -677.48052522 -1815.48216718 -4117.96805816
        interior  0,31  -704.27277254 -1935.02039779 -3837.34953795
        interior  0,42  -800.89461020 -2116.52683810 -3474.89873999
        interior  0,57  -801.24558679 -2252.90211950 -3303.41159303
        interior  0,52  -858.08361396 -2348.46178502 -3084.59645432
        interior  0,37  -1013.36691337 -2428.87830971 -2734.55650549
        interior  0,98  -1122.24975006 -2457.84534662 -2508.47703107

    fragment  0.5773503000 -0.5773503000 -0.5773503000 2 1
        endpoint  4,20  -523.29937522 -4163.08851569 -2779.14328386 -2
        endpoint  1,100  -909.52202510 -3719.56539443 -2381.97456316 -2
        interior  0,19  -743.68204050 -3908.77479258 -2549.24598470

    fragment  0.5773503000 -0.5773503000 0.5773503000 2 6
        endpoint  1,12  -962.52046007 -473.98428362 -2372.15465328 -2
        endpoint  4,99  -581.82936457 -1039.03150405 -3316.89316814 -2
        interior  0,88  -965.57826532 -464.03710193 -2504.66364045
        interior  0,25  -940.81411260 -483.72942811 -2757.19849576
        interior  0,50  -904.95833671 -536.96186760 -2915.81680224
        interior  0,77  -853.44631613 -622.50307970 -3032.62248994
        interior  0,49  -747.11229775 -744.37415681 -3156.58936616
        interior  0,100  -679.11081663 -844.44139457 -3231.46780436

    fragment  -0.5773503000 -0.5773503000 0.5773503000 2 2
        endpoint  2,92  -744.73208692 -118.18801013 -4253.79849595 -2
        endpoint  6,44  -573.34245368 -531.75913159 -4572.56288263 -2
        interior  0,26  -707.87167038 -252.67457326 -4335.65620189
        interior  0,99  -652.46087630 -380.97484107 -4420.06691992

    fragment  0.5773503000 -0.5773503000 0.5773503000 2 3
        endpoint  1,34  -2869.19034477 -411.54133735 4418.68752697 -2
        endpoint  2,68  -2322.88441028 -226.83035615 -4045.32515510 -2
        interior  0,96  -2605.82237921 -418.01312367 -4447.32512883
        interior  0,89  -2529.48974079 -387.56769051 -4334.95832141
        interior  0,36  -2414.31174514 -317.95671641 -4166.84210891

    fragment  0.5773503000 0.5773503000 -0.5773503000 2 4
        endpoint  1,29  -2168.12829315 -804.80946898 -2250.82866268 -2
        endpoint  2,6  -1427.06587843 -208.40800108 -3515.63310509 -2
        interior  0,43  -1905.36971594 -547.11426071 -2534.64223464
        interior  0,104  -1779.64175224 -445.46503183 -2726.70092124
        interior  0,63  -1650.86861171 -343.19533309 -2927.71601766
        interior  0,87  -1520.04514911 -251.87459077 -3190.47376980

    fragment  -0.5773503000 -0.5773503000 0.5773503000 2 18
        endpoint  0,32  -2233.37797925 -1141.60749574 -2625.12800481 -2
        endpoint  0,54  -3464.80060967 -3294.55609134 -2677.11323977 -2
        interior  1,18  -2301.32743565 -1121.23412623 -2454.80755499
        interior  1,74  -2359.61704382 -1175.91839575 -2090.43527389
        interior  1,99  -2477.47534367 -1278.66825698 -1807.33916072
        interior  1,44  -2605.95200308 -1403.17494198 -1618.33584120
        interior  1,101  -2879.33122513 -1673.85342344 -1367.64027193
        interior  1,7  -3081.03360774 -1888.94616852 -1230.12490320
        interior  1,76  -3218.03266596 -2024.63473860 -1181.19505823
        interior  1,69  -3383.74858334 -2207.35055153 -1163.58493984
        interior  1,60  -3560.59521306 -2377.32948900 -1185.12342089
        interior  1,45  -3646.28864370 -2562.81319766 -1219.56737247
        interior  1,46  -3710.93726571 -2621.76248412 -1252.17251276
        interior  1,26  -3767.18031928 -2840.41643513 -1334.53153275
        interior  1,0  -3742.46355701 -3127.61734872 -1538.46508892
        interior  1,35  -3654.94921803 -3279.43535753 -1729.86672499
        interior  1,28  -3614.44376058 -3322.05904896 -1803.42956893
        interior  1,51  -3604.04558631 -3340.65757754 -2051.66447950
        interior  1,39  -3569.00319767 -3343.05630680 -2269.31848417
        interior  1,20  -3522.85179888 -3331.72681128 -2450.15306616

    fragment  0.5773503000 0.5773503000 -0.5773503000 2 12
        endpoint  7,119  -475.45309560 -617.48939003 1838.40586250 -2
        endpoint  0,84  -3207.76649952 -2839.79066164 -4297.78969985 -2
        interior  1,4  -656.98940324 -895.80867768 2014.10114053
        interior  1,90  -772.15178950 -1060.41307883 2126.85654968
        interior  1,1  -1022.06125169 -1360.03296812 2378.65909311
        interior  1,38  -1290.11472735 -1598.02936362 2643.23756734
        interior  1,57  -1443.91776715 -1744.65174070 2796.77747909
        interior  1,49  -1627.02010019 -1900.85175448 2982.20358569
        interior  1,78  -1821.65424712 -2056.96874963 3176.80155701
        interior  1,107  -2099.85226782 -2272.20258100 3461.49228279
        interior  1,50  -2364.36376519 -2453.10655729 3737.14099953
        interior  1,25  -2553.20714541 -2575.74150947 3945.22404349
        interior  1,56  -2780.43306048 -2692.00607315 4220.93272707
        interior  1,2  -2977.06996343 -2776.57011724 4497.94660322

    fragment  0.5773503000 0.5773503000 -0.5773503000 2 11
        endpoint  5,159  4537.32899190 -3025.13534047 133.71856683 -2
        endpoint  0,40  -3179.18751423 -2234.89638559 -2487.59727406 -2
        interior  1,3  -4476.06418754 -2856.06787706 -2.07062035
        interior  1,108  -4249.06460261 -2576.74831874 -201.63079137
        interior  1,36  -4104.36794773 -2413.45252296 -323.14409456
        interior  1,106  -3940.21789296 -2238.09096054 -473.29954444
        interior  1,68  -3730.72588680 -2011.82897378 -672.99026674
        interior  1,94  -3543.93415018 -1875.38444623 -900.98603181
        interior  1,72  -3311.04265864 -1830.33302953 -1302.51349154
        interior  1,23  -3186.82909542 -1919.76449274 -1579.33654965
        interior  1,16  -3120.99868697 -2009.57396886 -1832.85356837
        interior  1,19  -3098.57519597 -2081.88725880 -2053.27568180
        interior  1,13  -3128.19141315 -2127.42889419 -2226.45823876

    fragment  -0.5773503000 0.5773503000 0.5773503000 2 14
        endpoint  2,16  -3958.36554870 -183.01281299 696.66055267 -2
        endpoint  0,98  -1122.24975006 -2457.84534662 -2508.47703107 -2
        interior  1,83  -3831.10392732 -360.04706323 627.30817600
        interior  1,109  -3609.82741029 -634.17764866 496.58178197
        interior  1,8  -3516.85230314 -744.37274610 436.09343917
        interior  1,91  -3255.68343385 -1035.50262951 249.03131188
        interior  1,22  -3090.62874269 -1209.03859250 107.10691946
        interior  1,40  -2836.36583302 -1456.49368884 -165.33598751
        interior  1,98  -2671.97037687 -1611.32592501 -357.95979853
        interior  1,5  -2524.34186616 -1749.59518961 -533.42973940
        interior  1,97  -2278.03661223 -1974.92287880 -812.04885732
        interior  1,48  -2016.57449953 -2205.16295494 -1131.72192957
        interior  1,10  -1883.63331311 -2322.13056005 -1299.45292994
        interior  1,30  -1720.80017533 -2436.63588261 -1530.56872872
        interior  1,37  -1562.00911211 -2474.48312197 -1807.99296079
        interior  1,63  -1377.66118245 -2471.87115918 -2106.05080492

    fragment  -0.5773503000 0.5773503000 0.5773503000 2 13
        endpoint  2,98  -2318.27350371 -89.84200597 -2371.85381408 -2
        endpoint  0,19  -743.68204050 -3908.77479258 -2549.24598470 -2
        interior  1,79  -2374.73585547 -410.66130606 -2223.17337362
        interior  1,80  -2362.83262772 -652.10238088 -2048.65827359
        interior  1,55  -2231.92219648 -1015.63767383 -1825.00314948
        interior  1,61  -2092.73378035 -1375.40744602 -1712.65143964
        interior  1,59  -1984.95486049 -1638.59365426 -1666.46482023
        interior  1,41  -1900.95824722 -1849.37368056 -1654.27991899
        interior  1,17  -1822.31039937 -2091.56689678 -1655.15610212
        interior  1,84  -1746.06138852 -2326.61573634 -1655.90242494
        interior  1,89  -1598.48841878 -2731.51984205 -1713.62278958
        interior  1,87  -1568.84644964 -2791.09026996 -1733.73367045
        interior  1,6  -1339.49114210 -3160.29283169 -1943.17490611
        interior  1,15  -1098.03153063 -3482.15152171 -2186.54475819
        interior  1,100  -909.52202510 -3719.56539443 -2381.97456316

    fragment  -0.5773503000 -0.5773503000 0.5773503000 2 9
        endpoint  0,43  -1905.36971594 -547.11426071 -2534.64223464 -2
        endpoint  0,15  -3409.65540121 -2367.83697058 -2523.21235971 -2
        interior  1,29  -2168.12829315 -804.80946898 -2250.82866268
        interior  1,102  -2338.39427573 -999.98899644 -2152.71585043
        interior  1,9  -2527.81317793 -1237.77765662 -2097.08526171
        interior  1,105  -2659.76086616 -1400.75930852 -2094.59545547
        interior  1,64  -2846.55400675 -1634.46108949 -2105.50706409
        interior  1,47  -3058.87984733 -1773.62016363 -2123.14941906
        interior  1,53  -3120.13235650 -1958.05255313 -2144.90538943
        interior  1,11  -3255.96096039 -2159.87156937 -2290.14130673
        interior  1,86  -3357.17586112 -2271.17050564 -2419.82350699

    fragment  -0.5773503000 0.5773503000 -0.5773503000 2 6
        endpoint  0,88  -965.57826532 -464.03710193 -2504.66364045 -2
        endpoint  4,107  -568.40511543 -774.59023384 -1624.78722091 -2
        interior  1,12  -962.52046007 -473.98428362 -2372.15465328
        interior  1,21  -981.13696949 -514.44615091 -2241.08519111
        interior  1,54  -986.96294199 -518.52507600 -2121.04023320
        interior  1,27  -960.20878089 -492.16999878 -1991.36708283
        interior  1,66  -908.99680880 -496.56020625 -1827.23758034
        interior  1,67  -763.37221658 -563.86502392 -1690.91745855

    fragment  -0.5773503000 -0.5773503000 -0.5773503000 2 12
        endpoint  3,97  -2892.69891941 -10.59420728 2585.67990579 -2
        endpoint  5,149  4437.47227108 -2914.27206466 741.43867260 -2
        interior  1,73  -2940.24292614 -312.96911705 2539.05637430
        interior  1,31  -3015.90392628 -665.45456396 2444.04266962
        interior  1,58  -3142.36891761 -1058.85854350 2329.34015636
        interior  1,70  -3188.31485277 -1170.24336903 2286.56390649
        interior  1,96  -3313.27921869 -1430.10612692 2160.91644810
        interior  1,62  -3470.25794963 -1704.62432363 2013.80566700
        interior  1,104  -3636.88210724 -1939.03803215 1858.11837449
        interior  1,43  -3785.59625117 -2121.75970115 1711.82807182
        interior  1,103  -3961.36460650 -2287.32973349 1535.04799341
        interior  1,92  -4135.82504835 -2440.59200380 1361.48205753
        interior  1,65  -4369.99815999 -2639.40006580 1117.23215026
        interior  1,14  -4541.94545747 -2777.70966113 944.76750714

    fragment  0.5773503000 -0.5773503000 0.5773503000 2 5
        endpoint  3,5  -2800.49225183 54.53521630 3952.23336756 -2
        endpoint  0,4  -1865.77893409 -1382.06322049 -4487.60813452 -2
        interior  1,42  -2674.24106565 -245.20419356 3982.08382099
        interior  1,24  -2509.73256415 -562.30565342 4085.01366233
        interior  1,110  -2343.96189417 -833.76043198 4224.20747148
        interior  1,33  -2218.26103632 -1017.08271513 4335.49292247
        interior  1,82  -2039.68515615 -1225.79550350 4507.55300319

    fragment  -0.5773503000 0.5773503000 -0.5773503000 2 3
        endpoint  0,96  -2605.82237921 -418.01312367 -4447.32512883 -2
        endpoint  3,90  -3338.57231619 -192.47277160 3881.50948953 -2
        interior  1,34  -2869.19034477 -411.54133735 4418.68752697
        interior  1,81  -2969.02217689 -389.36536002 4303.23008888
        interior  1,32  -3099.45760394 -338.47587706 4152.81055205

    fragment  -0.5773503000 -0.5773503000 -0.5773503000 2 6
        endpoint  3,54  -2029.76063510 2475.29284211 4582.44392088 -2
        endpoint  3,119  -3189.22915983 833.31511014 4562.10757809 -2
        interior  2,0  -2166.79570905 2308.81321746 -4497.48786830
        interior  2,60  -2450.42940045 2011.63362538 -4383.78682309
        interior  2,79  -2465.18955141 1901.29507224 -4379.24818872
        interior  2,52  -2652.60646818 1609.96121640 -4363.65101891
        interior  2,58  -2790.15980676 1392.16856719 -4384.27512986
        interior  2,32  -2980.47817932 1110.97902008 -4468.81834587

    fragment  -0.5773503000 0.5773503000 0.5773503000 2 16
        endpoint  6,15  4506.31754691 948.93653274 179.80895655 -2
        endpoint  6,122  4441.71571609 2914.73622155 -886.17678188 -2
        interior  2,97  -4505.88526812 991.31246909 56.48091670
        interior  2,49  -4330.66358472 1119.15811203 -96.54337198
        interior  2,53  -4272.41415193 1268.21493296 -161.12483913
        interior  2,82  -4198.08898967 1404.50276445 -204.87978562
        interior  2,67  -4035.55679992 1284.78219911 -372.86182802
        interior  2,11  -3826.96943518 1273.17328004 -562.89497796
        interior  2,20  -3641.95373397 1321.31851766 -707.77325054
        interior  2,21  -3597.41397747 1397.71280505 -889.16118950
        interior  2,26  -3588.74888360 1533.40571410 -1014.37001546
        interior  2,13  -3631.21713548 1668.77187682 -1093.68176967
        interior  2,1  -3728.62973742 1820.52040138 -1151.59772278
        interior  2,66  -3802.60512585 1864.34065654 -1175.54187448
        interior  2,77  -3778.29852181 2011.66849871 -1154.75972349
        interior  2,100  -4046.99304042 2243.87931864 -1192.05208862
        interior  2,84  -4285.61179354 2471.37352795 -1149.79534399
        interior  2,22  -4533.39753644 2718.83650097 -1031.08970728

    fragment  0.5773503000 -0.5773503000 0.5773503000 0 24
        interior  2,31  -1453.21889533 198.96225922 -2957.06083248
        interior  2,12  -1630.80303363 349.47046675 -2891.14566315
        interior  2,81  -1753.10569300 413.32250205 -2863.91531777
        interior  2,102  -1821.68535122 558.85002329 -2844.18756323
        interior  2,59  -2019.72576203 799.88235449 -2899.63693502
        interior  2,15  -2118.16226994 902.49354578 -2950.87642565
        interior  2,115  -2321.45060140 1126.22645629 -3120.02321957
        interior  2,95  -2602.03975161 1406.92320829 -3381.63088138
        interior  2,42  -2745.30703624 1533.04058045 -3582.93057874
        interior  2,19  -2905.86350357 1632.83655503 -3980.08486557
        interior  2,3  -2997.73967287 1588.36315004 -4136.03263923
        interior  2,18  -3029.56656035 1544.40042326 -4263.58318784
        interior  2,29  -3059.13493740 1462.89315476 -4388.69946227
        interior  2,28  -3037.21358534 1323.29147502 -4520.56399080
        interior  2,64  -2943.89996077 1066.72826070 -4584.84011334
        interior  2,90  -2772.28816874 790.71133651 -4477.98058644
        interior  2,48  -2536.27834815 386.89675941 -4359.22821010
        interior  2,23  -2350.55771187 125.27679786 -4221.69519021
        interior  2,71  -2104.30127595 -122.64242191 -3976.21912916
        interior  2,88  -1938.64081051 -217.25851654 -3763.33242053
        interior  2,106  -1801.36082604 -225.39328391 -3538.26995727
        interior  2,62  -1650.82555571 -186.63617708 -3258.81529709
        interior  2,43  -1536.68167374 -100.89419905 -3122.86126108
        interior  2,2  -1486.04313000 -1.53751641 -3023.37077251

    fragment  0.5773503000 -0.5773503000 -0.5773503000 2 17
        endpoint  6,12  4567.06846587 2295.17253692 -395.96167985 -2
        endpoint  6,123  4443.97398282 276.65135207 316.98015778 -2
        interior  2,75  -4415.27450753 2294.20186922 -616.05427295
        interior  2,7  -4248.56015931 2213.32857724 -886.27991650
        interior  2,25  -3994.70647091 2076.23006390 -1144.02535496
        interior  2,5  -3796.40277451 1888.86062550 -1344.27602417
        interior  2,4  -3505.70130583 1621.29439023 -1560.56672161
        interior  2,9  -3395.11329139 1477.02163634 -1567.41236437
        interior  2,104  -3387.42289861 1258.97492117 -1646.33962936
        interior  2,33  -3327.38865709 926.67251111 -1664.86704686
        interior  2,27  -3323.87774353 733.01958537 -1615.84814282
        interior  2,34  -3348.39908189 532.27582872 -1516.16821000
        interior  2,47  -3422.28834324 360.57592393 -1387.73033574
        interior  2,57  -3526.65952946 213.82185582 -1198.77727517
        interior  2,69  -3681.09266516 103.69035503 -981.79981185
        interior  2,54  -3840.76416714 42.49985685 -751.17529952
        interior  2,94  -4053.17678675 27.29859060 -489.56788750
        interior  2,40  -4252.58245419 61.43130493 -236.04585490
        interior  2,112  -4417.16258739 121.76199045 -31.33207507

    fragment  -0.5773503000 -0.5773503000 0.5773503000 2 1
        endpoint  0,8  -1362.93872949 -252.30291811 -3605.48140541 -2
        endpoint  0,87  -1520.04514911 -251.87459077 -3190.47376980 -2
        interior  2,6  -1427.06587843 -208.40800108 -3515.63310509

    fragment  0.5773503000 -0.5773503000 0.5773503000 2 8
        endpoint  0,36  -2414.31174514 -317.95671641 -4166.84210891 -2
        endpoint  3,113  -2958.35630996 938.26960332 4419.91791682 -2
        interior  2,68  -2322.88441028 -226.83035615 -4045.32515510
        interior  2,65  -2293.90210242 -138.32111647 -3976.05018351
        interior  2,63  -2293.33013483 -2.05014850 -3940.89933442
        interior  2,45  -2321.53691456 198.01312662 -3957.07906558
        interior  2,8  -2368.31625333 342.34213760 -3997.22393808
        interior  2,38  -2474.97985213 545.55981830 -4111.91819136
        interior  2,108  -2644.80139809 720.92786296 -4269.19290694
        interior  2,46  -2893.26783390 944.88509955 -4565.00262199

    fragment  -0.5773503000 0.5773503000 0.5773503000 2 10
        endpoint  0,80  -948.03272743 -502.14373179 -4335.96037461 -2
        endpoint  1,79  -2374.73585547 -410.66130606 -2223.17337362 -2
        interior  2,80  -1162.45517485 -174.21195520 -4170.76743378
        interior  2,72  -1381.18267356 71.63206168 -3960.52732179
        interior  2,114  -1562.84818887 203.76988586 -3760.06352369
        interior  2,86  -1772.61202028 311.48167727 -3505.35777344
        interior  2,105  -1961.65989483 352.21606436 -3264.07190631
        interior  2,73  -2213.40642546 324.30989118 -2926.67623858
        interior  2,39  -2253.54964726 279.80240873 -2797.89417007
        interior  2,55  -2289.90768141 157.31409710 -2560.92348206
        interior  2,10  -2302.01220662 38.26327179 -2449.64034560
        interior  2,98  -2318.27350371 -89.84200597 -2371.85381408

    fragment  0.5773503000 0.5773503000 -0.5773503000 2 5
        endpoint  0,94  -3576.41792758 -4547.30867221 -2836.48195283 -2
        endpoint  6,142  4565.52667396 4001.70745310 -1063.01822888 -2
        interior  2,61  -3766.93800487 4466.94659994 -2614.83723098
        interior  2,14  -3991.26053538 4308.45638135 -2314.73631717
        interior  2,109  -4111.04969842 4223.24362140 -2130.16764622
        interior  2,101  -4324.02776967 4091.39641882 -1745.84805027
        interior  2,51  -4441.49984336 4014.87407066 -1448.63781478

    fragment  -0.5773503000 0.5773503000 0.5773503000 2 4
        endpoint  3,20  -4539.96849520 972.85818008 901.31204032 -2
        endpoint  1,83  -3831.10392732 -360.04706323 627.30817600 -2
        interior  2,41  -4365.71196879 543.83578302 864.56385743
        interior  2,87  -4255.81532874 325.22398551 833.96226740
        interior  2,56  -4165.38628244 136.71275150 793.27302349
        interior  2,16  -3958.36554870 -183.01281299 696.66055267

    fragment  0.5773503000 0.5773503000 0.5773503000 2 6
        endpoint  3,55  -1559.90786720 1546.16649328 4575.79561260 -2
        endpoint  6,71  -600.41686842 1879.78503820 -2728.29662422 -2
        interior  2,17  -1483.32674328 1482.80662431 -4396.31089109
        interior  2,83  -1366.43458276 1449.85944339 -4041.89402032
        interior  2,93  -1242.47965500 1492.46770893 -3698.86510831
        interior  2,107  -1090.06292589 1565.28240314 -3414.95143914
        interior  2,116  -867.25502044 1691.56868596 -3082.10506080
        interior  2,111  -743.70337617 1773.55273148 -2912.17242826

    fragment  -0.5773503000 -0.5773503000 -0.5773503000 2 7
        endpoint  6,27  4380.72134748 105.30317363 -363.31388924 -2
        endpoint  3,22  -3363.84745177 1465.79917798 1258.46628663 -2
        interior  2,36  -4524.08137075 438.82778449 -218.70623052
        interior  2,24  -4287.47634727 700.41101204 -52.72385320
        interior  2,35  -4143.39770562 841.26033665 103.19727461
        interior  2,103  -3995.02590389 986.19661504 270.47474121
        interior  2,89  -3861.31497954 1108.98957210 428.64406241
        interior  2,78  -3728.25657389 1216.11874135 614.13504507
        interior  2,96  -3560.51435667 1340.40510127 868.16205683

    fragment  0.5773503000 0.5773503000 -0.5773503000 2 5
        endpoint  0,26  -707.87167038 -252.67457326 -4335.65620189 -2
        endpoint  6,50  -624.63626825 866.70613580 -3936.48340780 -2
        interior  2,92  -744.73208692 -118.18801013 -4253.79849595
        interior  2,50  -791.12194192 129.93059373 -4148.41143352
        interior  2,76  -815.97124847 280.41912918 -4099.72959273
        interior  2,30  -754.83148658 540.19888122 -4007.44942422
        interior  2,44  -674.72436722 737.72361524 -3955.75646005

    fragment  0.5773503000 0.5773503000 0.5773503000 2 2
        endpoint  3,126  -1227.57714539 1010.07827914 4547.17241439 -2
        endpoint  6,118  -616.70941827 1669.31432293 -4037.08649873 -2
        interior  2,37  -942.53565596 1269.89756232 -4357.93171759
        interior  2,91  -742.69109899 1491.67724568 -4146.78062493

    fragment  0.5773503000 0.5773503000 -0.5773503000 2 1
        endpoint  0,97  -4145.12716257 -4373.97594096 -3338.14508557 -2
        endpoint  6,7  4539.44614392 4176.75028806 -3076.00202165 -2
        interior  2,110  -4346.13202134 4517.37219718 -3245.17413382

    fragment  -0.5773503000 -0.5773503000 -0.5773503000 2 15
        endpoint  2,17  -1483.32674328 1482.80662431 -4396.31089109 -2
        endpoint  7,42  -640.76362700 3876.73092080 4549.40090878 -2
        interior  3,55  -1559.90786720 1546.16649328 4575.79561260
        interior  3,68  -1604.19744444 1603.09026912 4402.21340564
        interior  3,60  -1691.08652625 1722.96496214 4177.62009186
        interior  3,81  -1773.29971869 1848.71682993 4027.69690225
        interior  3,70  -1820.60800758 1992.67069418 3872.30351774
        interior  3,9  -1865.83297298 2218.33807637 3719.21373141
        interior  3,32  -1840.96561198 2429.89253825 3614.93734101
        interior  3,0  -1813.59701870 2547.93151912 3576.00684862
        interior  3,41  -1704.51439731 2760.87473238 3529.01458289
        interior  3,110  -1677.89203165 2832.26786590 3525.82977511
        interior  3,122  -1444.58562732 3088.21771772 3558.09492791
        interior  3,57  -1284.19455034 3261.28137071 3616.44300650
        interior  3,44  -1049.45410130 3506.72563116 3795.67552632
        interior  3,125  -921.10632275 3625.01965364 3978.86713409
        interior  3,63  -792.00945382 3743.15639802 4167.41948736

    fragment  -0.5773503000 -0.5773503000 -0.5773503000 2 36
        endpoint  2,37  -942.53565596 1269.89756232 -4357.93171759 -2
        endpoint  2,0  -2166.79570905 2308.81321746 -4497.48786830 -2
        interior  3,126  -1227.57714539 1010.07827914 4547.17241439
        interior  3,92  -1467.54772671 767.94655058 4304.37362827
        interior  3,35  -1628.62292253 603.18046776 4142.65484022
        interior  3,120  -1855.35765972 469.05571095 3882.73078978
        interior  3,50  -2119.76820328 370.68908933 3541.75900911
        interior  3,106  -2220.91429685 356.46513071 3374.19307198
        interior  3,94  -2320.30279778 358.26681429 3230.84492509
        interior  3,79  -2420.58197745 371.09591907 3052.92920068
        interior  3,52  -2523.33271676 409.76495596 2867.37829181
        interior  3,72  -2649.08549841 489.51707284 2658.18246161
        interior  3,37  -2729.66192456 573.76719450 2535.40283736
        interior  3,12  -2805.64969504 672.21253937 2435.04744759
        interior  3,34  -2895.51333392 789.87730136 2340.25520495
        interior  3,45  -2968.91241886 909.37201297 2295.08065304
        interior  3,30  -3029.56971702 1005.54491212 2283.33025550
        interior  3,23  -3091.91050774 1051.41667207 2216.35613542
        interior  3,10  -3181.46096644 1265.49896670 2072.81122164
        interior  3,29  -3187.56442413 1458.36102916 2021.78987058
        interior  3,73  -3208.53488343 1566.81162834 2035.25323065
        interior  3,49  -3180.59281857 1651.17413254 2013.42908079
        interior  3,118  -2902.06952552 1924.83478372 2002.32121760
        interior  3,64  -2718.26410908 2116.30902168 2039.85882119
        interior  3,66  -2445.65491356 2407.19577081 2182.49973241
        interior  3,4  -2257.99091004 2598.87699568 2338.61813434
        interior  3,95  -2053.21220685 2794.65282641 2599.95327243
        interior  3,124  -1947.76327114 2892.11754277 2783.60265462
        interior  3,107  -1804.52215901 3020.76567138 3104.65861018
        interior  3,27  -1716.65807332 3120.10357291 3469.41868859
        interior  3,3  -1667.04361320 3077.49217036 3624.78398004
        interior  3,33  -1681.00548909 2996.44388289 3905.89075742
        interior  3,26  -1706.20760507 2949.72706478 4031.69197755
        interior  3,6  -1731.29064650 2876.18320338 4159.97756076
        interior  3,17  -1787.43811721 2790.34025449 4293.05727226
        interior  3,1  -1833.40790673 2698.42167559 4389.55769445
        interior  3,48  -1921.22644445 2582.76402670 4492.34658763
        interior  3,54  -2029.76063510 2475.29284211 4582.44392088

    fragment  -0.5773503000 0.5773503000 -0.5773503000 2 5
        endpoint  1,42  -2674.24106565 -245.20419356 3982.08382099 -2
        endpoint  2,46  -2893.26783390 944.88509955 -4565.00262199 -2
        interior  3,5  -2800.49225183 54.53521630 3952.23336756
        interior  3,2  -2862.43021750 216.86060884 3978.41600730
        interior  3,8  -2950.48376860 555.13575917 4056.64751374
        interior  3,85  -2976.55449534 829.36872076 4233.28164580
        interior  3,113  -2958.35630996 938.26960332 4419.91791682

    fragment  0.5773503000 -0.5773503000 0.5773503000 2 34
        endpoint  7,4  4555.29408865 3873.07957900 1631.02166927 -2
        endpoint  1,32  -3099.45760394 -338.47587706 4152.81055205 -2
        interior  3,91  -4476.68524945 3669.83507698 1600.22260526
        interior  3,114  -4310.45316658 3437.35399990 1661.09141362
        interior  3,121  -4010.76894568 3192.29424943 1865.52768172
        interior  3,51  -3732.49492960 2934.36185280 2108.80356202
        interior  3,31  -3528.22699969 2742.82677815 2280.43679562
        interior  3,56  -3348.46229582 2543.01939964 2509.28825603
        interior  3,21  -3128.04823359 2280.25224824 2797.43691415
        interior  3,28  -3027.67156878 2155.74444018 2949.39944682
        interior  3,59  -2912.95328376 2098.56826195 3153.04967220
        interior  3,84  -2846.70846611 2099.06674756 3399.11595859
        interior  3,61  -2900.82534460 2065.12115339 3692.47088846
        interior  3,62  -2969.75149764 2054.36534059 3827.82563236
        interior  3,38  -3089.35485209 2050.93996609 3987.73979388
        interior  3,36  -3205.85525483 2070.45071943 4073.05611997
        interior  3,18  -3325.35501448 2148.32078524 4127.15600632
        interior  3,7  -3442.43970246 2240.65406983 4127.99682220
        interior  3,116  -3548.73842153 2313.22439843 4099.95361785
        interior  3,109  -3679.37970446 2507.44683407 3968.06905476
        interior  3,13  -3822.89856833 2677.94873854 3823.77688562
        interior  3,19  -4110.81257419 2768.96590714 3542.23718751
        interior  3,43  -4215.83827967 2732.78540420 3416.54542188
        interior  3,46  -4290.90561024 2655.00524742 3291.51590314
        interior  3,47  -4412.88532969 2394.51278180 3122.38179783
        interior  3,14  -4475.71203844 2115.22774721 3034.39846125
        interior  3,82  -4466.91327464 1931.75827836 2986.11112024
        interior  3,89  -4426.04360604 1629.68600710 2978.40791451
        interior  3,86  -4314.28137624 1293.30343846 3017.57310383
        interior  3,96  -4226.48172017 1061.26086299 3077.92424274
        interior  3,25  -4121.00991130 826.71331766 3166.84264440
        interior  3,105  -3975.12335693 576.08127435 3286.22468732
        interior  3,112  -3878.70229830 425.25000350 3368.46612325
        interior  3,123  -3681.21748184 151.58617959 3539.16324070
        interior  3,71  -3520.38882346 -44.04070934 3691.60785629
        interior  3,90  -3338.57231619 -192.47277160 3881.50948953

    fragment  0.5773503000 0.5773503000 0.5773503000 2 11
        endpoint  1,73  -2940.24292614 -312.96911705 2539.05637430 -2
        endpoint  2,96  -3560.51435667 1340.40510127 868.16205683 -2
        interior  3,97  -2892.69891941 -10.59420728 2585.67990579
        interior  3,78  -2864.77024261 208.42421780 2576.57736756
        interior  3,58  -2867.60366871 496.12871539 2547.73244945
        interior  3,15  -2893.42061515 736.62486399 2483.53301214
        interior  3,16  -2979.44647245 1037.04115169 2320.80476537
        interior  3,53  -3033.25128576 1215.65295618 2189.19197527
        interior  3,42  -3092.11050917 1333.21930982 2100.07779299
        interior  3,40  -3142.76937329 1425.98457869 1999.07835550
        interior  3,11  -3272.08782625 1528.26980343 1845.72315789
        interior  3,102  -3342.08145077 1484.26721837 1382.51787457
        interior  3,22  -3363.84745177 1465.79917798 1258.46628663

    fragment  -0.5773503000 0.5773503000 0.5773503000 2 1
        endpoint  6,137  4563.31996178 1147.51719608 871.21085181 -2
        endpoint  2,41  -4365.71196879 543.83578302 864.56385743 -2
        interior  3,20  -4539.96849520 972.85818008 901.31204032

    fragment  -0.5773503000 0.5773503000 -0.5773503000 2 14
        endpoint  7,45  4460.32847855 3476.72582503 4112.14734130 -2
        endpoint  7,79  4476.69725392 2047.75444667 1799.23162311 -2
        interior  3,111  -4530.28369657 3300.85424396 4125.17987992
        interior  3,65  -4213.86192642 2974.88382445 4077.44726204
        interior  3,77  -4206.81400046 2894.01690067 4066.83171031
        interior  3,98  -4152.49552972 2741.68988932 4003.01144164
        interior  3,24  -4106.67960957 2613.83894906 3911.39343788
        interior  3,39  -4097.01406826 2510.65030477 3817.44825708
        interior  3,93  -4088.46711264 2423.18092281 3699.35978681
        interior  3,76  -4102.63851996 2255.65881078 3445.41811808
        interior  3,101  -4119.32591725 2140.36184367 3289.71670714
        interior  3,69  -4134.27547369 2047.39668755 3118.50199486
        interior  3,108  -4177.10557296 1978.77879233 2951.76643605
        interior  3,115  -4251.45120186 1931.97486435 2688.11599436
        interior  3,75  -4373.55338193 1915.48089631 2405.06859448
        interior  3,83  -4541.42259417 1973.72465908 2059.31930270

    fragment  0.5773503000 0.5773503000 0.5773503000 2 13
        endpoint  7,112  4408.48702749 -442.45901542 3442.57272821 -2
        endpoint  2,32  -2980.47817932 1110.97902008 -4468.81834587 -2
        interior  3,128  -4560.62818249 -219.69788060 3564.06874028
        interior  3,117  -4346.02807265 20.00924128 3630.10547038
        interior  3,100  -4163.55261899 258.00725008 3599.04700051
        interior  3,74  -4037.79838164 432.37535221 3436.18296056
        interior  3,80  -4047.04923888 412.87226245 3205.87660842
        interior  3,67  -4077.13989684 288.48530597 3178.87083942
        interior  3,103  -4111.45043764 148.43626387 3356.31285245
        interior  3,87  -4063.22889639 120.20905056 3515.28743271
        interior  3,88  -3956.54736992 145.34347364 3720.54772486
        interior  3,99  -3761.74617901 269.04929800 3978.64021986
        interior  3,127  -3613.46832765 396.35730409 4158.78469362
        interior  3,104  -3469.42447745 521.59892218 4331.25441725
        interior  3,119  -3189.22915983 833.31511014 4562.10757809

    fragment  0.5773503000 0.5773503000 0.5773503000 2 16
        endpoint  5,108  1478.94477265 -2485.25309597 -1176.03375214 -2
        endpoint  5,136  1747.79697276 -4178.23521316 -908.50750428 -2
        interior  4,106  1850.71202110 -2282.57185072 -1285.09367781
        interior  4,39  2005.72345714 -2239.50161443 -1375.16976312
        interior  4,43  2060.95978434 -2176.98011533 -1495.71423264
        interior  4,27  2060.28349701 -2173.24240252 -1677.71170124
        interior  4,31  1970.41404615 -2288.83395385 -1968.60742522
        interior  4,41  1681.46598470 -2572.26756525 -2228.15866289
        interior  4,101  1461.33645420 -2842.06752443 -2493.54573832
        interior  4,28  1253.90357896 -3091.55776212 -2740.53812927
        interior  4,6  1090.27983012 -3416.66668485 -2786.23704088
        interior  4,53  1015.46362037 -3650.76253756 -2694.81937197
        interior  4,0  964.84875843 -3828.14489315 -2536.84177038
        interior  4,63  1042.13535352 -4043.21759651 -2287.70290645
        interior  4,45  1111.17549203 -4160.61011986 -2082.64068369
        interior  4,62  1255.38933099 -4241.90437213 -1750.48225718
        interior  4,51  1403.35181485 -4257.67512760 -1479.58153691
        interior  4,108  1539.37081753 -4241.34088650 -1220.88795650

    fragment  0.5773503000 0.5773503000 0.5773503000 2 28
        endpoint  5,105  2881.53872812 -1126.04695262 -1083.95546010 -2
        endpoint  5,31  1219.57024165 -2659.22783013 -1175.15807405 -2
        interior  4,110  2699.16430343 -1251.32478058 -1262.14896917
        interior  4,71  2472.11234997 -1450.22952606 -1493.40735759
        interior  4,49  2333.79198252 -1640.37337014 -1629.26370596
        interior  4,13  2198.96375866 -1934.54324472 -1759.76479917
        interior  4,103  2214.82794490 -2282.14522734 -1795.24922039
        interior  4,7  2205.60655239 -2116.59642042 -1870.29255554
        interior  4,5  2097.56422344 -2035.87447033 -2204.15310553
        interior  4,56  1906.98527788 -2042.90361255 -2566.14122447
        interior  4,61  1741.93219799 -2109.75558331 -2840.24528801
        interior  4,102  1564.16329394 -2232.81106884 -3090.77536944
        interior  4,23  1317.80045066 -2439.78244525 -3374.12448948
        interior  4,89  1113.09493626 -2680.05245857 -3543.86664115
        interior  4,85  981.18840710 -2862.07237209 -3616.01562069
        interior  4,58  824.61778189 -3087.19886239 -3689.48406877
        interior  4,36  728.92417455 -3270.57225775 -3703.95409321
        interior  4,69  619.84392612 -3515.40489655 -3677.21853255
        interior  4,52  517.80257463 -3821.77439676 -3549.10439138
        interior  4,24  437.85260535 -3831.90737050 -3489.85848371
        interior  4,34  339.58971124 -3902.40563465 -3399.00788381
        interior  4,1  271.63560543 -3972.15520567 -3271.47025005
        interior  4,10  255.34825331 -4000.16255333 -3137.35831596
        interior  4,30  195.85389221 -3942.07889557 -2935.76212737
        interior  4,54  151.81131918 -3834.35874858 -2563.54626963
        interior  4,38  176.19168475 -3719.18076773 -2264.97483800
        interior  4,55  292.78763738 -3540.32090728 -1929.70589365
        interior  4,75  468.95759970 -3329.59057034 -1610.39136552
        interior  4,22  634.40593196 -3159.11190040 -1426.31869922
        interior  4,93  872.74064918 -2940.49191036 -1271.52221299

    fragment  0.5773503000 0.5773503000 0.5773503000 2 10
        endpoint  5,99  2406.19458457 -2992.71129985 -1049.17732265 -2
        endpoint  5,81  2599.67762763 -3539.77018750 -1044.22858241 -2
        interior  4,40  2361.84504518 -2710.67103980 -1231.12394618
        interior  4,25  2323.82614618 -2526.82071788 -1417.61105415
        interior  4,19  2268.40881759 -2377.14976128 -1640.70330400
        interior  4,95  2181.97518211 -2326.58380868 -1827.38410807
        interior  4,14  2168.45049157 -2443.99504280 -1892.25186540
        interior  4,12  2138.01536321 -2726.96569224 -1919.26524588
        interior  4,2  2154.22962403 -2947.93408650 -1869.03884638
        interior  4,72  2222.92177521 -3134.69620282 -1823.35017289
        interior  4,67  2285.07834665 -3361.78273591 -1550.00037430
        interior  4,57  2348.06017741 -3449.29333059 -1384.50915728

    fragment  0.5773503000 -0.5773503000 0.5773503000 2 15
        endpoint  0,9  -757.44025545 -2242.96475447 -3310.92749009 -2
        endpoint  1,67  -763.37221658 -563.86502392 -1690.91745855 -2
        interior  4,88  -497.46139720 -2328.18842884 -2969.55336291
        interior  4,33  -366.77026938 -2370.15981816 -2782.56948323
        interior  4,87  -205.07039684 -2398.74101719 -2512.72241443
        interior  4,44  6.39269061 -2360.03199763 -2124.92185999
        interior  4,73  115.21983306 -2239.82971538 -1823.95536216
        interior  4,11  131.43932084 -2140.46494699 -1649.16455844
        interior  4,48  141.26391866 -2040.27110439 -1534.91009666
        interior  4,59  126.04502453 -1942.68592259 -1438.75414688
        interior  4,65  99.05466436 -1788.72780560 -1344.08075886
        interior  4,97  45.99510671 -1638.30649385 -1270.36492275
        interior  4,84  -1.66106479 -1479.14485502 -1242.42496748
        interior  4,104  -192.06560930 -1208.20923795 -1286.52560236
        interior  4,8  -344.47473717 -1015.39046849 -1365.30213372
        interior  4,3  -550.78870696 -811.72624623 -1568.03082599
        interior  4,107  -568.40511543 -774.59023384 -1624.78722091

    fragment  0.5773503000 -0.5773503000 0.5773503000 2 15
        endpoint  5,56  134.89897983 -1644.26802655 -1052.49156308 -2
        endpoint  6,75  1161.00709009 4458.27336140 -1523.08492977 -2
        interior  4,18  -19.29440277 -1707.48252136 -1243.17567054
        interior  4,105  -79.47438226 -1789.53609972 -1369.24165566
        interior  4,4  -122.72421901 -1954.43133491 -1556.24891309
        interior  4,46  -116.45152955 -2077.70056492 -1676.37189444
        interior  4,80  -55.05668856 -2257.00688568 -1828.43162197
        interior  4,77  -12.34557658 -2418.03068057 -1929.33814853
        interior  4,78  63.96040968 -2675.87378462 -2019.13968768
        interior  4,81  163.20308845 -2892.79190045 -2069.10313065
        interior  4,50  281.49722260 -3166.28180297 -2084.32995493
        interior  4,35  350.94662500 -3296.00411362 -2090.23053096
        interior  4,90  497.74320447 -3625.01484530 -2065.21085808
        interior  4,82  583.03044425 -3816.70878855 -2030.99617524
        interior  4,26  675.96225638 -3999.84319834 -1973.60994008
        interior  4,76  891.43803733 -4370.58104038 -1787.79467512
        interior  4,64  983.88141496 -4500.11302952 -1701.25133966

    fragment  0.5773503000 -0.5773503000 -0.5773503000 2 3
        endpoint  6,153  141.15998478 4542.92225524 -3424.50902141 -2
        endpoint  0,19  -743.68204050 -3908.77479258 -2549.24598470 -2
        interior  4,9  -83.87551777 -4495.44868679 -3199.04105792
        interior  4,91  -365.23282433 -4299.46492744 -2932.39371751
        interior  4,20  -523.29937522 -4163.08851569 -2779.14328386

    fragment  -0.5773503000 0.5773503000 -0.5773503000 2 15
        endpoint  5,104  1818.07026071 -3503.49158346 -1012.53205971 -2
        endpoint  0,100  -679.11081663 -844.44139457 -3231.46780436 -2
        interior  4,42  1698.72321369 -3461.10273150 -1301.46537490
        interior  4,79  1630.67918330 -3424.16158490 -1458.46840244
        interior  4,74  1456.44027442 -3328.12442060 -1772.67213873
        interior  4,98  1301.03808187 -3215.78244077 -2044.28586808
        interior  4,15  1045.78207357 -3039.52877079 -2427.02600152
        interior  4,29  910.01221194 -2934.43575057 -2613.14647900
        interior  4,32  731.89714309 -2772.62173497 -2822.84983473
        interior  4,94  443.77245343 -2469.34605385 -3074.98156323
        interior  4,17  323.15015126 -2333.25109043 -3173.11156770
        interior  4,16  192.34606658 -2167.34001862 -3255.43040624
        interior  4,68  -37.66616904 -1864.44964626 -3362.15119238
        interior  4,86  -188.21213580 -1670.55600897 -3387.77803830
        interior  4,60  -288.22507873 -1508.44787544 -3392.13878482
        interior  4,70  -517.57291507 -1172.64763147 -3358.56983820
        interior  4,99  -581.82936457 -1039.03150405 -3316.89316814

    fragment  0.5773503000 -0.5773503000 -0.5773503000 2 7
        endpoint  6,114  215.34513695 4318.62924121 -3784.38484275 -2
        endpoint  0,83  -714.86505834 -2952.86561007 -3612.80968829 -2
        interior  4,96  58.08576917 -4563.75823884 -3666.67680086
        interior  4,100  -45.83269235 -4371.51294006 -3610.67726423
        interior  4,21  -209.12513928 -4077.31079816 -3546.24550287
        interior  4,83  -272.40258139 -3976.27963597 -3541.36628010
        interior  4,66  -466.86765016 -3636.62930574 -3530.84450020
        interior  4,47  -535.79321107 -3461.83871609 -3543.27085696
        interior  4,37  -621.72521004 -3283.29509306 -3570.94919480

    fragment  -0.5773503000 0.5773503000 0.5773503000 2 1
        endpoint  5,22  -447.44424530 -1347.73215592 4447.75418890 -2
        endpoint  0,102  -672.28860734 -1506.31507676 -4381.20712986 -2
        interior  4,92  -640.73409468 -1414.51069701 -4482.05481364

    fragment  0.5773503000 0.5773503000 0.5773503000 2 16
        endpoint  4,57  2348.06017741 -3449.29333059 -1384.50915728 -2
        endpoint  1,14  -4541.94545747 -2777.70966113 944.76750714 -2
        interior  5,81  2599.67762763 -3539.77018750 -1044.22858241
        interior  5,86  2865.89275667 -3492.28185796 -740.97575282
        interior  5,171  3041.64484577 -3372.63351028 -543.05739053
        interior  5,110  3202.36942692 -3221.46967865 -381.04539805
        interior  5,102  3321.66018434 -2939.34604438 -302.50673834
        interior  5,39  3320.80040832 -2679.84664263 -350.12785861
        interior  5,73  3252.28242415 -2631.70395680 -473.90541311
        interior  5,60  3248.36725734 -2704.41788542 -505.85948171
        interior  5,65  3231.13279572 -2853.02355334 -507.29020079
        interior  5,75  3239.12973438 -2983.42636346 -465.74891602
        interior  5,33  3304.20914589 -3141.63859498 -385.81806493
        interior  5,121  3476.52880596 -3223.85279964 -234.83260735
        interior  5,21  3645.30056387 -3243.90641080 -70.28030403
        interior  5,0  3918.36355830 -3174.20792515 218.30001856
        interior  5,132  4244.39138984 -3030.12896233 543.65231694
        interior  5,149  4437.47227108 -2914.27206466 741.43867260

    fragment  0.5773503000 -0.5773503000 0.5773503000 0 9
        interior  5,38  746.97278678 -1968.38771301 -302.07611661
        interior  5,46  734.92900519 -2054.02498046 -382.65595372
        interior  5,32  813.81579327 -2308.99842875 -341.07895357
        interior  5,6  985.68175995 -2480.80434483 -170.52949302
        interior  5,42  1129.19830193 -2617.41024004 42.15264069
        interior  5,17  1161.91145898 -2588.29043563 223.85888725
        interior  5,34  1124.63578215 -2474.04564761 271.07311149
        interior  5,14  997.76105749 -2208.09673771 155.36917693
        interior  5,1  786.16229359 -1964.50425003 -171.81227271

    fragment  -0.5773503000 0.5773503000 0.5773503000 2 22
        endpoint  7,3  1532.25186886 4476.61541507 3459.49425596 -2
        endpoint  4,92  -640.73409468 -1414.51069701 -4482.05481364 -2
        interior  5,44  1584.96414837 -4576.80862312 3139.12671106
        interior  5,30  1612.74011364 -4484.26598575 3004.40651627
        interior  5,13  1681.86473123 -4297.54057314 2823.74611681
        interior  5,4  1750.10913694 -4133.86246628 2717.82458926
        interior  5,27  1772.41901558 -4011.45736875 2625.58830572
        interior  5,28  1768.11856323 -3905.78544249 2545.10371195
        interior  5,24  1731.05503085 -3787.23423533 2462.53368680
        interior  5,23  1689.93218113 -3659.81024900 2411.01653663
        interior  5,63  1644.14284317 -3615.60416929 2386.48206974
        interior  5,83  1610.77178405 -3384.36943493 2386.11449456
        interior  5,2  1556.79525706 -3087.66237158 2449.54156041
        interior  5,101  1474.47580984 -2851.18941585 2521.86348560
        interior  5,129  1416.85535408 -2738.03682405 2567.61833789
        interior  5,57  1341.64532039 -2604.54454547 2651.34828204
        interior  5,170  1149.67514812 -2337.60920807 2831.70759118
        interior  5,87  990.76500589 -2121.59101217 2996.77336072
        interior  5,8  816.88400473 -1915.26715979 3172.68374376
        interior  5,90  546.38236281 -1606.04838367 3438.77872221
        interior  5,66  361.57296891 -1479.49633059 3625.54204886
        interior  5,134  142.82653764 -1373.74786106 3842.59081806
        interior  5,106  -190.43928954 -1315.23684294 4196.18615710
        interior  5,22  -447.44424530 -1347.73215592 4447.75418890

    fragment  -0.5773503000 0.5773503000 -0.5773503000 0 6
        interior  5,11  2488.44773705 -3762.84891483 1610.05148001
        interior  5,12  2558.04845870 -3772.14874328 1665.67911440
        interior  5,16  2664.40354999 -3873.32461860 1655.47150939
        interior  5,18  2667.41343407 -3945.75990087 1582.48391994
        interior  5,29  2554.55652856 -3952.63186443 1454.81788397
        interior  5,3  2465.84464924 -3811.27189663 1485.47266168

    fragment  -0.5773503000 -0.5773503000 0.5773503000 2 7
        endpoint  7,67  -416.67586971 -727.37722960 4314.78543110 -2
        endpoint  7,111  747.86298370 -623.36738809 2626.29143012 -2
        interior  5,167  -302.15030437 -823.56933989 4090.88626905
        interior  5,5  -184.09927707 -875.55158515 3842.58124374
        interior  5,161  -108.34112014 -883.98725003 3675.45674810
        interior  5,148  -26.48226304 -896.01119158 3593.64719207
        interior  5,163  232.66276636 -861.48453772 3264.48749748
        interior  5,172  341.85752514 -831.52089950 3125.15970668
        interior  5,160  520.67353796 -754.40949014 2902.67340351

    fragment  0.5773503000 -0.5773503000 0.5773503000 2 13
        endpoint  7,90  3098.72604341 4388.81680220 1891.10202384 -2
        endpoint  6,111  2560.78268199 4505.54301558 816.08167312 -3
        interior  5,94  3066.72732346 -4555.23453755 1824.96733055
        interior  5,47  2975.17477704 -4335.15220778 1757.86654480
        interior  5,168  2809.66763443 -4064.89932576 1594.46215572
        interior  5,137  2642.36036477 -3870.25625899 1430.30953271
        interior  5,155  2408.82786672 -3723.76915424 1190.77416332
        interior  5,58  2147.11548474 -3676.94304288 907.41462925
        interior  5,20  2086.45891937 -3688.12100695 866.42382779
        interior  5,36  2053.25566609 -3699.57892125 682.96152661
        interior  5,19  2029.84441367 -3760.79361880 568.13388714
        interior  5,7  2042.47565384 -3832.11228942 481.01508363
        interior  5,55  2069.99400924 -3949.57284565 411.79529966
        interior  5,115  2156.29751195 -4226.29371911 411.99934134
        interior  5,88  2347.64860449 -4568.20883321 609.76243727

    fragment  0.5773503000 0.5773503000 0.5773503000 2 18
        endpoint  4,108  1539.37081753 -4241.34088650 -1220.88795650 -2
        endpoint  4,110  2699.16430343 -1251.32478058 -1262.14896917 -2
        interior  5,136  1747.79697276 -4178.23521316 -908.50750428
        interior  5,169  1956.77587562 -4069.94582106 -595.63422998
        interior  5,131  2076.25116232 -3996.21019465 -432.91236036
        interior  5,91  2299.88688914 -3819.98797520 -172.48207603
        interior  5,153  2575.29707789 -3490.59018221 62.76863324
        interior  5,135  2729.57510078 -3289.03374876 166.25521783
        interior  5,116  2943.35895150 -2964.53473152 274.00216284
        interior  5,98  3081.25612180 -2702.56739963 324.98804759
        interior  5,109  3183.18350539 -2501.99534781 326.27294665
        interior  5,125  3285.10341639 -2249.86859223 305.19873099
        interior  5,9  3349.06216188 -2041.48319001 255.85080664
        interior  5,53  3431.24208190 -1660.75450643 108.41109961
        interior  5,77  3427.04807054 -1375.54251912 -59.51614181
        interior  5,80  3443.90452907 -1225.65104301 -260.24341014
        interior  5,93  3373.97899012 -1080.12460490 -548.37240891
        interior  5,111  3345.18761179 -1057.29925031 -627.32606829
        interior  5,92  3160.54421820 -1034.80385344 -795.21275197
        interior  5,105  2881.53872812 -1126.04695262 -1083.95546010

    fragment  0.5773503000 0.5773503000 0.5773503000 0 20
        interior  5,50  2952.55623045 -1982.63969622 -1008.37073042
        interior  5,51  2938.65029704 -2211.79594146 -944.20211004
        interior  5,43  3035.42462810 -2404.91797178 -786.30875653
        interior  5,78  3215.97943716 -2483.51287326 -564.81855445
        interior  5,140  3393.62492569 -2462.55641751 -392.67018205
        interior  5,97  3573.46270693 -2362.24522559 -217.39440802
        interior  5,64  3774.61756274 -2179.81493724 -24.40404660
        interior  5,85  3972.11448135 -1988.38245814 174.02053236
        interior  5,107  4149.75248002 -1585.05587917 383.30252888
        interior  5,37  4212.01156778 -1421.33921736 372.95787399
        interior  5,45  4260.28019872 -1096.25912868 220.47875879
        interior  5,143  4121.54067515 -969.04881727 102.19942969
        interior  5,150  3962.19755932 -905.67813171 -86.50957983
        interior  5,152  3872.07702198 -900.20249539 -158.74792832
        interior  5,79  3798.19669710 -924.92183017 -293.25839504
        interior  5,145  3747.68652770 -965.63340694 -378.46690416
        interior  5,157  3566.46696661 -1101.33542672 -547.90294299
        interior  5,166  3409.30355427 -1230.64732447 -697.69451006
        interior  5,74  3186.05823044 -1521.52620426 -940.01266664
        interior  5,10  2982.00250727 -1810.16458281 -1009.49648465

    fragment  -0.5773503000 0.5773503000 -0.5773503000 2 16
        endpoint  4,18  -19.29440277 -1707.48252136 -1243.17567054 -2
        endpoint  4,42  1698.72321369 -3461.10273150 -1301.46537490 -2
        interior  5,56  134.89897983 -1644.26802655 -1052.49156308
        interior  5,138  264.14284654 -1858.44753780 -658.79271866
        interior  5,100  443.70658332 -2065.70242207 -407.78236308
        interior  5,126  759.94087033 -2350.70610277 -169.32151533
        interior  5,133  974.09786528 -2535.07837439 -41.70945423
        interior  5,52  1208.93407774 -2751.28698275 118.44813259
        interior  5,62  1503.49817995 -2953.93084383 145.89122441
        interior  5,72  1634.70576833 -3068.35859084 99.96129423
        interior  5,61  1716.39342159 -3156.78952714 33.34445241
        interior  5,41  1787.95774851 -3218.78624969 -45.18174762
        interior  5,84  1855.76361041 -3306.76136949 -179.70810313
        interior  5,89  1885.51061625 -3367.57489351 -310.98957092
        interior  5,103  1915.85837593 -3411.49091143 -490.73299791
        interior  5,114  1919.51255879 -3444.97201343 -626.77549161
        interior  5,15  1885.93501841 -3484.59661523 -805.12697922
        interior  5,104  1818.07026071 -3503.49158346 -1012.53205971

    fragment  -0.5773503000 0.5773503000 -0.5773503000 2 3
        endpoint  7,5  3334.67165387 4558.84509394 2235.18283079 -2
        endpoint  7,121  3401.70910507 4534.20967084 3027.30932391 -2
        interior  5,175  3322.76864353 -4566.26355915 2327.01675908
        interior  5,164  3327.67006519 -4555.87411292 2640.46273915
        interior  5,25  3353.54989166 -4582.80140368 2822.39068436

    fragment  -0.5773503000 0.5773503000 0.5773503000 2 11
        endpoint  7,77  2695.88855924 4499.68592277 973.66308973 -3
        endpoint  7,63  1963.72728359 4534.67291522 2827.73244394 -2
        interior  5,117  2410.65945463 -4416.74450459 1040.36734312
        interior  5,130  2223.47593278 -4226.31566051 1252.92960190
        interior  5,54  2068.85361219 -4048.56845958 1553.91883060
        interior  5,26  2023.42167144 -3975.39162411 1715.91683721
        interior  5,48  1958.13905273 -3815.77877014 2125.92631686
        interior  5,59  1927.58133926 -3822.69864534 2345.69797509
        interior  5,82  1923.64640532 -3907.21333778 2566.24064022
        interior  5,112  1925.30436382 -4023.42874312 2694.29000558
        interior  5,95  1943.91058027 -4188.27388525 2798.66940511
        interior  5,120  1981.60517023 -4302.58952865 2846.49777146
        interior  5,147  1960.64609387 -4480.21014509 2831.92534510

    fragment  0.5773503000 0.5773503000 0.5773503000 2 2
        endpoint  4,93  872.74064918 -2940.49191036 -1271.52221299 -2
        endpoint  4,106  1850.71202110 -2282.57185072 -1285.09367781 -2
        interior  5,31  1219.57024165 -2659.22783013 -1175.15807405
        interior  5,108  1478.94477265 -2485.25309597 -1176.03375214

    fragment  -0.5773503000 -0.5773503000 -0.5773503000 2 9
        endpoint  4,40  2361.84504518 -2710.67103980 -1231.12394618 -2
        endpoint  6,112  1628.16145165 4267.80073227 -682.23257130 -2
        interior  5,99  2406.19458457 -2992.71129985 -1049.17732265
        interior  5,35  2410.25611369 -3148.45404562 -955.98311410
        interior  5,49  2426.35565663 -3334.14647805 -873.00356886
        interior  5,119  2421.15485756 -3473.93754158 -803.61537203
        interior  5,124  2342.81852901 -3719.54634450 -692.23471353
        interior  5,113  2281.98750087 -3916.46432359 -635.18282123
        interior  5,40  2201.29042857 -4089.48548683 -587.94281409
        interior  5,128  2059.72230883 -4317.85018670 -563.51660443
        interior  5,70  1875.05703371 -4554.47541045 -588.60068677

    fragment  0.5773503000 0.5773503000 0.5773503000 2 15
        endpoint  6,108  3739.88714087 -684.83649541 -221.16323236 -2
        endpoint  7,60  4124.96549294 -708.99287670 3095.79111964 -2
        interior  5,173  3656.42373444 -797.82152861 -106.70542997
        interior  5,158  3551.42021066 -969.98872455 97.08992946
        interior  5,156  3514.16526627 -1058.45678682 226.80217636
        interior  5,151  3475.57753075 -1123.45749036 367.31967263
        interior  5,144  3460.86399010 -1188.44679723 526.07775248
        interior  5,142  3443.11124337 -1233.42859491 749.25909136
        interior  5,118  3429.06486967 -1250.64384748 946.28707463
        interior  5,68  3435.16726986 -1264.58439451 1118.03781227
        interior  5,141  3445.00205006 -1254.96368219 1335.39310775
        interior  5,71  3467.19233444 -1246.10410298 1494.44363167
        interior  5,146  3494.27378970 -1208.55985605 1714.87047753
        interior  5,154  3566.71649960 -1159.20772874 2009.05988035
        interior  5,76  3732.07072151 -1048.56535858 2425.99955091
        interior  5,165  3884.00645509 -932.42744767 2718.87651859
        interior  5,67  4007.99551122 -817.55916586 2914.20121002

    fragment  -0.5773503000 -0.5773503000 0.5773503000 2 8
        endpoint  1,3  -4476.06418754 -2856.06787706 -2.07062035 -2
        endpoint  6,54  4282.62439775 4430.41786216 -137.14725264 -2
        interior  5,159  4537.32899190 -3025.13534047 133.71856683
        interior  5,162  4407.78289783 -3179.55957370 257.72947067
        interior  5,122  4335.61066185 -3276.28897677 293.64780908
        interior  5,139  4245.39145645 -3438.68217759 321.53289977
        interior  5,127  4129.89863575 -3724.30259891 308.82875087
        interior  5,69  4078.02564211 -3969.76625522 245.86633678
        interior  5,123  4054.09479047 -4200.98074830 118.17880849
        interior  5,96  4212.00123293 -4581.17176630 -26.06331721

    fragment  -0.5773503000 -0.5773503000 -0.5773503000 2 13
        endpoint  5,70  1875.05703371 -4554.47541045 -588.60068677 -2
        endpoint  2,111  -743.70337617 1773.55273148 -2912.17242826 -2
        interior  6,112  1628.16145165 4267.80073227 -682.23257130
        interior  6,130  1496.64030265 4083.87556731 -745.08498518
        interior  6,73  1295.44916116 3799.50214246 -860.63907452
        interior  6,33  1052.00522769 3499.89928887 -1022.30822989
        interior  6,149  810.26897078 3223.84159549 -1187.36574419
        interior  6,35  695.78553916 3099.24306355 -1275.00413341
        interior  6,51  459.32541517 2853.12956288 -1472.22676175
        interior  6,95  271.22339477 2669.09450594 -1681.84009981
        interior  6,150  -1.08847655 2410.71052590 -1988.80107901
        interior  6,0  -139.92313963 2280.27310549 -2152.06553194
        interior  6,79  -278.75780271 2149.83568507 -2315.32998487
        interior  6,104  -384.96238671 2055.79196841 -2444.57247687
        interior  6,71  -600.41686842 1879.78503820 -2728.29662422

    fragment  -0.5773503000 0.5773503000 -0.5773503000 2 9
        endpoint  7,83  3071.14044791 3468.49463007 966.17390089 -2
        endpoint  4,64  983.88141496 -4500.11302952 -1701.25133966 -2
        interior  6,56  3002.78641827 3437.00847185 769.35850705
        interior  6,89  2819.01997247 3384.58398843 362.27339815
        interior  6,1  2618.58499876 3397.54840723 40.94928060
        interior  6,116  2494.57940334 3420.68402394 -130.09487402
        interior  6,16  2238.60890693 3526.60833747 -430.91140533
        interior  6,25  1946.08872369 3689.48765536 -737.67395860
        interior  6,84  1646.57745174 3910.03685743 -1031.72903755
        interior  6,139  1373.14039995 4211.84136619 -1307.14488558
        interior  6,75  1161.00709009 4458.27336140 -1523.08492977

    fragment  -0.5773503000 -0.5773503000 0.5773503000 2 19
        endpoint  7,143  2171.30421149 2955.99509653 992.09232787 -2
        endpoint  2,110  -4346.13202134 4517.37219718 -3245.17413382 -2
        interior  6,29  2095.95965170 2745.24779332 859.76346987
        interior  6,5  2057.51081075 2633.83777384 752.83496724
        interior  6,42  2051.20876973 2491.82355742 552.26776784
        interior  6,9  2064.44521424 2391.73147752 327.44747625
        interior  6,55  2121.30307144 2313.15934160 67.17556486
        interior  6,2  2171.14931836 2282.93771248 -144.61354166
        interior  6,96  2227.37756935 2257.88358864 -302.86645726
        interior  6,125  2444.43479210 2283.39614833 -687.79081600
        interior  6,115  2659.46686976 2374.97916708 -1034.86736974
        interior  6,32  2819.00929247 2487.30664616 -1276.35781058
        interior  6,94  3057.54653698 2691.74256774 -1619.47926014
        interior  6,151  3250.92623267 2858.20098933 -1867.63480273
        interior  6,126  3381.69568539 2977.86034858 -2023.81968405
        interior  6,18  3550.14043147 3133.60585225 -2209.81797877
        interior  6,121  3693.10048544 3268.92651686 -2363.90561828
        interior  6,72  3908.87186277 3475.81374790 -2598.18586555
        interior  6,76  4068.55648101 3648.57496158 -2733.65604162
        interior  6,145  4337.30612338 3957.55542749 -2935.54505782
        interior  6,7  4539.44614392 4176.75028806 -3076.00202165

    fragment  0.5773503000 -0.5773503000 -0.5773503000 2 5
        endpoint  7,27  1096.12426929 4307.89172033 4526.98367092 -2
        endpoint  4,9  -83.87551777 -4495.44868679 -3199.04105792 -2
        interior  6,93  868.57380555 4326.43126298 -4322.48623499
        interior  6,124  781.05620594 4341.29494771 -4186.33143103
        interior  6,3  510.11327798 4403.00013898 -3846.53170593
        interior  6,144  404.52972425 4432.38543910 -3713.55242098
        interior  6,153  141.15998478 4542.92225524 -3424.50902141

    fragment  -0.5773503000 0.5773503000 0.5773503000 2 10
        endpoint  2,75  -4415.27450753 2294.20186922 -616.05427295 -2
        endpoint  3,20  -4539.96849520 972.85818008 901.31204032 -2
        interior  6,12  4567.06846587 2295.17253692 -395.96167985
        interior  6,148  4541.94915412 2281.67038359 -288.34488181
        interior  6,90  4486.56251512 2207.72970579 -108.83843553
        interior  6,61  4495.91685308 2108.51227422 13.77540230
        interior  6,113  4535.43078047 2011.07784721 99.38294737
        interior  6,152  4559.27129583 1868.57388741 192.46598909
        interior  6,92  4490.29005056 1819.83768503 361.08188491
        interior  6,4  4452.08833435 1687.81727076 601.80532177
        interior  6,147  4467.22234518 1491.42164995 780.14086832
        interior  6,137  4563.31996178 1147.51719608 871.21085181

    fragment  -0.5773503000 -0.5773503000 0.5773503000 2 7
        endpoint  7,18  468.79206543 2293.16205957 4491.29430447 -2
        endpoint  2,44  -674.72436722 737.72361524 -3955.75646005 -2
        interior  6,19  322.70288708 2176.86291277 -4512.25168700
        interior  6,65  146.20673344 1983.43115330 -4347.42058425
        interior  6,6  8.92783927 1822.32417376 -4231.33993861
        interior  6,28  -145.63357220 1636.00874715 -4105.08000856
        interior  6,97  -413.41465243 1264.50660557 -3958.07182471
        interior  6,129  -537.01296148 1032.40459602 -3924.30735973
        interior  6,50  -624.63626825 866.70613580 -3936.48340780

    fragment  -0.5773503000 0.5773503000 0.5773503000 2 14
        endpoint  2,22  -4533.39753644 2718.83650097 -1031.08970728 -2
        endpoint  6,111  2560.78268199 4505.54301558 816.08167312 3
        interior  6,122  4441.71571609 2914.73622155 -886.17678188
        interior  6,143  4267.67522183 3091.40214894 -657.00367251
        interior  6,117  4082.80658180 3279.98182628 -288.43958574
        interior  6,52  4030.15364579 3344.16915626 -67.12544850
        interior  6,43  4025.43640080 3383.43377672 216.35746663
        interior  6,105  3935.24589899 3304.87089388 257.85349628
        interior  6,22  3877.36186535 3146.87667326 248.71663377
        interior  6,34  3919.77467752 3209.87789272 114.11102558
        interior  6,8  3930.50857332 3354.68970058 67.82334471
        interior  6,86  3672.68111396 3526.81392805 33.89393054
        interior  6,103  3304.97043700 3781.94394315 118.05705812
        interior  6,133  2941.15940262 4084.73439221 277.33686168
        interior  6,74  2723.02934607 4290.64141647 439.97007358
        interior  6,141  2571.85031875 4470.38141203 700.75341384

    fragment  -0.5773503000 -0.5773503000 0.5773503000 2 20
        endpoint  7,136  551.33133341 1712.86979552 935.67584360 -2
        endpoint  7,69  2673.00912346 3663.12289494 887.46749705 -2
        interior  6,67  741.80718837 1910.84544590 586.10493137
        interior  6,127  935.59799961 2127.49467047 293.42856330
        interior  6,64  1156.14501613 2353.41852380 7.17840223
        interior  6,10  1364.37972086 2562.86315452 -216.09548550
        interior  6,85  1608.71304137 2802.09361962 -396.75199945
        interior  6,101  1888.72686891 3060.49510325 -567.15604865
        interior  6,14  2145.91121564 3310.10421963 -681.28373556
        interior  6,88  2323.29723623 3461.39757276 -714.82315816
        interior  6,39  2434.00078105 3566.06041042 -713.56225190
        interior  6,80  2624.07284401 3729.62528869 -684.65130414
        interior  6,78  2876.95009002 3915.20389965 -604.21803613
        interior  6,17  2992.03723260 4018.81005449 -517.32233244
        interior  6,38  3114.46334979 4098.83162104 -395.04827021
        interior  6,13  3173.28459733 4152.93704250 -280.79877395
        interior  6,11  3230.16652810 4174.58503297 -120.74413823
        interior  6,45  3224.69955592 4171.43036055 84.14531046
        interior  6,20  3205.84395163 4126.39254039 218.93423190
        interior  6,91  3121.83042403 4060.09883661 411.93167509
        interior  6,41  2969.04140116 3949.86481597 586.32508215
        interior  6,81  2818.93186059 3838.59447220 756.15587300

    fragment  0.5773503000 -0.5773503000 -0.5773503000 2 5
        endpoint  2,97  -4505.88526812 991.31246909 56.48091670 -2
        endpoint  7,25  3527.47816566 1189.80956047 1023.24663607 -2
        interior  6,15  4506.31754691 948.93653274 179.80895655
        interior  6,69  4231.20342593 974.69165667 386.74546601
        interior  6,53  4062.95536861 1001.11262860 529.02809353
        interior  6,102  3723.29408258 1055.30107490 780.35445867
        interior  6,49  3633.55978393 1086.96071990 851.84019735

    fragment  0.5773503000 -0.5773503000 -0.5773503000 2 5
        endpoint  7,76  3453.64704098 2654.24430163 914.71943372 -2
        endpoint  7,103  3721.46697273 2073.14157358 1011.05409518 -2
        interior  6,21  3546.00647286 2770.24470693 779.98380539
        interior  6,47  3680.66647794 2779.88742649 613.76252930
        interior  6,46  3776.32607065 2596.06273435 603.06037375
        interior  6,140  3793.89184268 2413.44345796 657.12187388
        interior  6,70  3743.55689925 2195.39896086 806.49489365

    fragment  0.5773503000 -0.5773503000 0.5773503000 2 10
        endpoint  7,77  2695.88855924 4499.68592277 973.66308973 -3
        endpoint  7,58  3864.96153590 2516.14562970 1006.67694813 -2
        interior  6,31  2596.38833611 4548.36920327 757.04524291
        interior  6,135  2574.62103409 4480.02235579 623.48060170
        interior  6,24  2686.80821908 4209.07724831 497.60408688
        interior  6,66  2772.40465732 4025.97282082 459.99463445
        interior  6,138  2907.36844575 3773.67702577 451.42996242
        interior  6,132  3044.36054800 3542.97809610 442.81144163
        interior  6,134  3151.82026539 3361.99567635 460.26880742
        interior  6,23  3296.95355138 3145.30321566 534.93651443
        interior  6,119  3521.95580080 2877.76026383 691.17497157
        interior  6,87  3685.38664241 2699.50631745 836.28309658

    fragment  -0.5773503000 0.5773503000 0.5773503000 2 5
        endpoint  4,96  58.08576917 -4563.75823884 -3666.67680086 -2
        endpoint  7,140  1188.86726440 3089.02451103 4508.46751806 -2
        interior  6,114  215.34513695 4318.62924121 -3784.38484275
        interior  6,120  392.10119964 4045.04641329 -3924.64179197
        interior  6,26  564.23828604 3829.88140160 -4070.90704342
        interior  6,37  762.52374627 3586.26246853 -4254.70603196
        interior  6,30  953.61818673 3366.84303372 -4439.40124169

    fragment  -0.5773503000 -0.5773503000 -0.5773503000 2 5
        endpoint  5,173  3656.42373444 -797.82152861 -106.70542997 -2
        endpoint  2,36  -4524.08137075 438.82778449 -218.70623052 -2
        interior  6,108  3739.88714087 -684.83649541 -221.16323236
        interior  6,58  3800.32184267 -567.15169751 -291.84767986
        interior  6,109  3988.86516405 -362.03179370 -365.40175501
        interior  6,62  4130.52243821 -221.52453019 -401.31954454
        interior  6,27  4380.72134748 105.30317363 -363.31388924

    fragment  0.5773503000 0.5773503000 0.5773503000 2 13
        endpoint  2,91  -742.69109899 1491.67724568 -4146.78062493 -2
        endpoint  7,42  -640.76362700 3876.73092080 4549.40090878 -2
        interior  6,118  -616.70941827 1669.31432293 -4037.08649873
        interior  6,77  -400.18081073 2050.41618115 -3890.15069789
        interior  6,136  -300.36060702 2251.15105918 -3858.98662738
        interior  6,83  -214.60191938 2471.35592701 -3840.71802978
        interior  6,131  -149.25500543 2649.06132374 -3853.66043182
        interior  6,110  -85.77218308 2904.53963241 -3894.15286369
        interior  6,36  -75.73452402 3127.83736248 -3957.49462367
        interior  6,100  -99.77958033 3273.70437823 -4017.36662732
        interior  6,98  -158.11393638 3423.25835841 -4094.19348989
        interior  6,68  -227.31123384 3518.88725698 -4155.98965766
        interior  6,106  -387.43585025 3679.93245652 -4239.36675739
        interior  6,82  -475.60681800 3783.71183908 -4352.56650871
        interior  6,128  -576.41944010 3850.60727196 -4467.33313700

    fragment  -0.5773503000 -0.5773503000 0.5773503000 2 6
        endpoint  5,96  4212.00123293 -4581.17176630 -26.06331721 -2
        endpoint  2,51  -4441.49984336 4014.87407066 -1448.63781478 -2
        interior  6,54  4282.62439775 4430.41786216 -137.14725264
        interior  6,57  4360.53879549 4283.62137193 -272.69616243
        interior  6,99  4360.65807281 4215.76972805 -406.99592069
        interior  6,40  4421.87599003 4110.11156560 -645.65750932
        interior  6,146  4450.37273927 4060.51436915 -786.32348586
        interior  6,142  4565.52667396 4001.70745310 -1063.01822888

    fragment  -0.5773503000 -0.5773503000 0.5773503000 2 1
        endpoint  0,99  -652.46087630 -380.97484107 -4420.06691992 -2
        endpoint  7,97  -499.19431026 -638.97612946 4449.32813871 -2
        interior  6,44  -573.34245368 -531.75913159 -4572.56288263

    fragment  -0.5773503000 0.5773503000 0.5773503000 2 3
        endpoint  7,51  3847.95264184 1012.77269470 884.14644727 -2
        endpoint  2,112  -4417.16258739 121.76199045 -31.33207507 -2
        interior  6,59  4031.12612142 688.94292197 728.92060239
        interior  6,48  4250.99231784 419.31557294 526.38372073
        interior  6,123  4443.97398282 276.65135207 316.98015778

    fragment  0.0000000000 0.0000000000 1.1547006000 2 0
        endpoint  6,111  2560.78268199 4505.54301558 816.08167312 3
        endpoint  7,77  2695.88855924 4499.68592277 973.66308973 -3

    fragment  -0.5773503000 0.5773503000 -0.5773503000 2 0
        endpoint  6,111  2560.78268199 4505.54301558 816.08167312 3
        endpoint  5,88  2347.64860449 -4568.20883321 609.76243727 -2

    fragment  -0.5773503000 -0.5773503000 0.5773503000 2 33
        endpoint  1,4  -656.98940324 -895.80867768 2014.10114053 -2
        endpoint  6,67  741.80718837 1910.84544590 586.10493137 -2
        interior  7,119  -475.45309560 -617.48939003 1838.40586250
        interior  7,152  -265.96469062 -295.09827343 1654.19765435
        interior  7,33  -93.39372098 -10.57853272 1531.52091316
        interior  7,141  60.84220703 260.37896802 1462.54209354
        interior  7,126  194.68832118 503.36127020 1411.03987093
        interior  7,105  341.90259964 775.53750964 1396.25742116
        interior  7,48  419.87621446 899.41800997 1411.39642968
        interior  7,59  537.59276061 1123.41228054 1445.30377446
        interior  7,94  682.03873481 1372.81400518 1533.90920289
        interior  7,15  872.65726155 1668.06357656 1717.63821939
        interior  7,49  920.98145826 1780.45789273 1822.16503550
        interior  7,11  1058.06517359 2095.90823421 2152.59363854
        interior  7,26  1097.91540498 2191.88567012 2301.75557033
        interior  7,38  1156.91665032 2259.31930263 2461.21116152
        interior  7,0  1186.89612371 2355.03998470 2717.80325614
        interior  7,28  1122.94261419 2388.00794911 2927.26476796
        interior  7,24  1059.77940062 2291.16221849 3160.70451998
        interior  7,128  992.99430825 2192.17815850 3286.42244907
        interior  7,31  915.64723396 2096.68757147 3395.28925946
        interior  7,124  791.45379777 1881.33831724 3401.35480113
        interior  7,34  686.72009263 1645.65145428 3336.08883250
        interior  7,13  636.26207678 1543.84445107 3220.22080824
        interior  7,30  594.60112997 1490.02074347 3101.14906787
        interior  7,65  487.46672841 1428.82019078 2808.57585436
        interior  7,43  459.36501307 1397.83222841 2662.86724041
        interior  7,85  413.34517409 1388.94923373 2460.54959109
        interior  7,56  394.89435839 1376.60394965 2304.89355569
        interior  7,100  362.74265859 1386.54361758 2085.18541722
        interior  7,115  355.84938924 1393.37258472 1901.84866121
        interior  7,21  373.31265929 1471.95642952 1581.86437566
        interior  7,131  414.89225920 1541.41906153 1345.13967582
        interior  7,86  487.40437756 1624.29293365 1117.76238671
        interior  7,136  551.33133341 1712.86979552 935.67584360

    fragment  -0.5773503000 0.5773503000 -0.5773503000 2 8
        endpoint  3,91  -4476.68524945 3669.83507698 1600.22260526 -2
        endpoint  5,175  3322.76864353 -4566.26355915 2327.01675908 -2
        interior  7,4  4555.29408865 3873.07957900 1631.02166927
        interior  7,78  4275.90458074 4058.74949842 1713.16493709
        interior  7,47  4142.42613195 4118.79875075 1765.61970233
        interior  7,1  3808.57536615 4259.81982173 1842.21009827
        interior  7,9  3625.34569483 4373.61812094 1928.18258693
        interior  7,6  3513.36134905 4444.72757419 2019.55723981
        interior  7,20  3390.62656161 4505.47834054 2141.13055592
        interior  7,5  3334.67165387 4558.84509394 2235.18283079

    fragment  0.5773503000 0.5773503000 -0.5773503000 2 35
        endpoint  6,19  322.70288708 2176.86291277 -4512.25168700 -2
        endpoint  5,160  520.67353796 -754.40949014 2902.67340351 -2
        interior  7,18  468.79206543 2293.16205957 4491.29430447
        interior  7,127  632.00563043 2416.44375263 4295.54419343
        interior  7,134  861.33386455 2568.84470466 3972.54071855
        interior  7,66  1012.09470821 2635.74348405 3748.17220203
        interior  7,123  1179.41027695 2650.72234891 3439.27244893
        interior  7,150  1216.40452714 2719.88876006 3457.29348395
        interior  7,19  1308.98503163 2835.91612988 3408.53859770
        interior  7,35  1494.57258620 3053.36731429 3253.27869731
        interior  7,62  1661.51047422 3230.17693351 3100.69379318
        interior  7,157  1845.41506363 3383.12434768 2876.30339565
        interior  7,64  2087.29183355 3498.24164081 2468.95353414
        interior  7,14  2246.83202943 3511.91657923 2160.05907829
        interior  7,71  2382.92279026 3449.67562497 1783.41565622
        interior  7,29  2482.76307686 3400.49073263 1738.56866210
        interior  7,36  2553.19982700 3344.62561813 1633.88055842
        interior  7,37  2629.20577398 3268.32869147 1542.82497722
        interior  7,7  2682.19556935 3180.67940217 1447.72929782
        interior  7,95  2741.04410378 3077.66911853 1370.37896357
        interior  7,99  2790.86804889 2938.93730210 1271.54831120
        interior  7,106  2808.57513089 2806.21347246 1185.53912584
        interior  7,104  2828.57299694 2613.71586300 1102.83806757
        interior  7,16  2811.35089855 2369.83492442 1020.83367077
        interior  7,81  2736.62748815 2094.85776798 961.77021958
        interior  7,22  2628.23790177 1856.51962785 940.80812407
        interior  7,125  2596.79487738 1702.15485454 961.13501165
        interior  7,144  2429.42807998 1313.78799344 1059.95813297
        interior  7,70  2302.35396059 1071.74379482 1140.34605415
        interior  7,122  2126.88769326 792.54415295 1266.45480099
        interior  7,151  1936.00499257 529.29380257 1417.76873692
        interior  7,129  1762.15171094 313.91462248 1562.80357771
        interior  7,41  1585.92871257 98.98908741 1722.47728928
        interior  7,53  1411.14010623 -94.57897274 1891.76675750
        interior  7,2  1122.82757848 -330.20901100 2198.43122195
        interior  7,12  892.90152059 -517.83722732 2459.59256903
        interior  7,111  747.86298370 -623.36738809 2626.29143012

    fragment  0.5773503000 -0.5773503000 -0.5773503000 2 5
        endpoint  5,44  1584.96414837 -4576.80862312 3139.12671106 -2
        endpoint  6,93  868.57380555 4326.43126298 -4322.48623499 -2
        interior  7,3  1532.25186886 4476.61541507 3459.49425596
        interior  7,153  1488.40472846 4417.09902796 3646.12221192
        interior  7,113  1348.04229244 4342.80957409 4030.20098850
        interior  7,40  1210.38532261 4316.28132873 4325.23677130
        interior  7,27  1096.12426929 4307.89172033 4526.98367092

    fragment  0.5773503000 -0.5773503000 0.5773503000 2 6
        endpoint  3,111  -4530.28369657 3300.85424396 4125.17987992 -2
        endpoint  5,25  3353.54989166 -4582.80140368 2822.39068436 -2
        interior  7,45  4460.32847855 3476.72582503 4112.14734130
        interior  7,39  4205.78643841 3738.83499094 4014.29842432
        interior  7,87  3907.28637870 4032.16809792 3814.45929827
        interior  7,8  3745.96078358 4193.95525228 3626.83705490
        interior  7,17  3565.64793323 4381.54206312 3358.25427069
        interior  7,121  3401.70910507 4534.20967084 3027.30932391

    fragment  -0.5773503000 0.5773503000 -0.5773503000 2 4
        endpoint  3,83  -4541.42259417 1973.72465908 2059.31930270 -2
        endpoint  6,87  3685.38664241 2699.50631745 836.28309658 -2
        interior  7,79  4476.69725392 2047.75444667 1799.23162311
        interior  7,10  4278.95947060 2171.44771072 1520.15681026
        interior  7,96  4033.36706355 2369.28137760 1211.56163817
        interior  7,58  3864.96153590 2516.14562970 1006.67694813

    fragment  0.5773503000 -0.5773503000 -0.5773503000 2 15
        endpoint  6,49  3633.55978393 1086.96071990 851.84019735 -2
        endpoint  5,147  1960.64609387 -4480.21014509 2831.92534510 -2
        interior  7,25  3527.47816566 1189.80956047 1023.24663607
        interior  7,57  3369.34746257 1350.66119152 1230.19634783
        interior  7,75  3227.16186211 1492.65020353 1395.08488481
        interior  7,133  3060.78391763 1659.48866378 1538.31224058
        interior  7,23  2902.31385773 1816.15334870 1653.26588243
        interior  7,114  2743.84379782 1972.81803363 1768.21952429
        interior  7,139  2647.55562397 2093.45497936 1845.01549611
        interior  7,130  2501.31464237 2400.80312705 2040.41575895
        interior  7,116  2369.87569990 2716.35591754 2228.91734810
        interior  7,102  2240.24322090 3045.60726108 2393.19349927
        interior  7,73  2146.25460311 3343.90077149 2550.60027306
        interior  7,101  2040.86619540 3683.61384918 2696.04062271
        interior  7,88  1984.98007807 4013.69412483 2767.84413337
        interior  7,74  1956.15713827 4274.75231900 2787.18644772
        interior  7,63  1963.72728359 4534.67291522 2827.73244394

    fragment  0.5773503000 -0.5773503000 0.5773503000 2 7
        endpoint  6,56  3002.78641827 3437.00847185 769.35850705 -2
        endpoint  5,94  3066.72732346 -4555.23453755 1824.96733055 -2
        interior  7,83  3071.14044791 3468.49463007 966.17390089
        interior  7,72  3155.22323784 3541.68008109 1196.66025298
        interior  7,32  3200.17563001 3654.75852834 1426.26196122
        interior  7,118  3189.58861386 3790.46890788 1642.14410085
        interior  7,92  3184.21361364 3889.73684889 1736.74913309
        interior  7,109  3145.46786060 4179.23169119 1873.10258412
        interior  7,90  3098.72604341 4388.81680220 1891.10202384

    fragment  0.5773503000 0.5773503000 0.5773503000 2 1
        endpoint  6,128  -576.41944010 3850.60727196 -4467.33313700 -2
        endpoint  3,63  -792.00945382 3743.15639802 4167.41948736 -2
        interior  7,42  -640.76362700 3876.73092080 4549.40090878

    fragment  -0.5773503000 0.5773503000 0.5773503000 2 16
        endpoint  6,30  953.61818673 3366.84303372 -4439.40124169 -2
        endpoint  6,70  3743.55689925 2195.39896086 806.49489365 -2
        interior  7,140  1188.86726440 3089.02451103 4508.46751806
        interior  7,84  1356.42073933 2898.35820568 4353.27980289
        interior  7,44  1543.61789564 2695.71046127 4172.37399360
        interior  7,98  1767.03021743 2513.99428123 3930.06425994
        interior  7,82  1907.20421948 2410.95495305 3780.40744391
        interior  7,154  2079.71033332 2287.28962559 3596.16641177
        interior  7,137  2173.94023450 2210.03735491 3492.80319371
        interior  7,117  2464.48228357 2027.87503895 3152.16303518
        interior  7,54  2734.58534366 1893.43362192 2843.97286473
        interior  7,108  2932.09219998 1813.43119376 2589.24747161
        interior  7,135  3120.40161418 1765.78298639 2288.00619975
        interior  7,52  3307.08522477 1753.89392705 1874.43474428
        interior  7,50  3428.70597941 1831.30010053 1557.67436447
        interior  7,61  3562.83942009 1929.90079235 1283.83750821
        interior  7,80  3668.25625068 2007.03198590 1139.39620534
        interior  7,103  3721.46697273 2073.14157358 1011.05409518

    fragment  0.5773503000 0.5773503000 -0.5773503000 2 5
        endpoint  6,29  2095.95965170 2745.24779332 859.76346987 -2
        endpoint  6,81  2818.93186059 3838.59447220 756.15587300 -2
        interior  7,143  2171.30421149 2955.99509653 992.09232787
        interior  7,89  2269.50624316 3117.08239026 1050.31762674
        interior  7,142  2367.99504661 3291.07751746 1055.81233825
        interior  7,46  2520.33160212 3457.30238936 1014.00008659
        interior  7,69  2673.00912346 3663.12289494 887.46749705

    fragment  -0.5773503000 0.5773503000 0.5773503000 2 7
        endpoint  6,21  3546.00647286 2770.24470693 779.98380539 -2
        endpoint  6,59  4031.12612142 688.94292197 728.92060239 -2
        interior  7,76  3453.64704098 2654.24430163 914.71943372
        interior  7,132  3431.66950655 2453.01431262 1017.47107941
        interior  7,91  3426.67792371 2226.87009059 1069.71952683
        interior  7,146  3495.13813315 1925.24694118 1077.28370091
        interior  7,68  3630.29062238 1553.28453604 1000.61516104
        interior  7,107  3672.42026008 1432.28876580 971.19370099
        interior  7,51  3847.95264184 1012.77269470 884.14644727

    fragment  -0.5773503000 -0.5773503000 -0.5773503000 2 3
        endpoint  3,128  -4560.62818249 -219.69788060 3564.06874028 -2
        endpoint  5,67  4007.99551122 -817.55916586 2914.20121002 -2
        interior  7,112  4408.48702749 -442.45901542 3442.57272821
        interior  7,55  4270.02372171 -573.79121131 3276.24344811
        interior  7,60  4124.96549294 -708.99287670 3095.79111964

    fragment  -0.5773503000 -0.5773503000 0.5773503000 2 2
        endpoint  6,44  -573.34245368 -531.75913159 -4572.56288263 -2
        endpoint  5,167  -302.15030437 -823.56933989 4090.88626905 -2
        interior  7,97  -499.19431026 -638.97612946 4449.32813871
        interior  7,67  -416.67586971 -727.37722960 4314.78543110

    fragment  0.5773503000 -0.5773503000 0.5773503000 2 0
        endpoint  7,77  2695.88855924 4499.68592277 973.66308973 3
        endpoint  6,31  2596.38833611 4548.36920327 757.04524291 -2

    fragment  0.0000000000 0.0000000000 -1.1547006000 2 0
        endpoint  7,77  2695.88855924 4499.68592277 973.66308973 3
        endpoint  6,111  2560.78268199 4505.54301558 816.08167312 -3

    fragment  -0.5773503000 0.5773503000 0.5773503000 2 0
        endpoint  7,77  2695.88855924 4499.68592277 973.66308973 3
        endpoint  5,117  2410.65945463 -4416.74450459 1040.36734312 -2

