NODES:
-69.000000 84.000000 4.000000 2
-68.000000 85.000000 2.000000 2
84.000000 -69.000000 4.000000 2
85.000000 -68.000000 2.000000 2
-3.966081 19.327290 3.638787 2
-0.267623 16.270100 2.997525 2
0.000000 13.000000 0.000000 3
0.000000 0.000000 13.000000 3
3.000000 13.000000 3.000000 3
13.000000 13.000000 13.000000 3
10.181070 0.000000 2.818928 3
13.000000 3.000000 3.000000 3
-67.849620 81.574060 5.275556 2
2.011143 12.918580 4.070279 2
-67.010640 83.667600 2.343028 2
3.130793 9.869207 0.000000 2
6.164875 5.324576 1.510549 2
2.611213 12.362740 1.973952 2
4.518838 12.498000 4.016833 2
10.299910 6.717279 4.017185 2
13.000090 1.349817 4.650092 2
82.048550 -68.321080 5.272517 2
16.283340 -0.464138 3.180796 2
83.847340 -67.166660 2.319322 2
75.265890 -59.981380 3.715484 2
77.553340 -61.948180 3.394847 2
-1.165296 13.998390 6.166907 2
-26.003270 35.586460 9.416807 2
-23.809030 33.426110 9.382921 2
-65.700460 78.283030 6.417434 2
-23.652200 37.664400 4.987797 2
-21.450910 35.509900 4.941017 2
73.334170 -62.303070 7.968903 2
76.119770 -64.506650 7.386881 2
6.771436 10.844250 4.615684 2
33.351100 -23.561350 9.210258 2
35.462810 -25.747970 9.285162 2
8.120429 2.933554 1.946017 2
35.571020 -21.483990 4.912973 2
37.725040 -23.689170 4.964132 2
-64.068650 80.096050 2.972598 2
-14.946270 24.905300 9.040968 2
-12.660560 22.797580 8.862980 2
-12.574300 27.029920 4.544380 2
-10.347000 24.977870 4.369128 2
23.026830 -12.374820 8.347989 2
24.985490 -14.592950 8.607465 2
25.020360 -10.333900 4.313533 2
27.091550 -12.586510 4.494953 2
-32.555740 42.106080 9.449666 2
-30.367160 39.918510 9.448656 2
-49.766500 59.712340 9.054166 2
-47.643620 57.483480 9.160133 2
-30.228630 44.175180 5.053451 2
-28.045860 42.003700 5.042160 2
-47.572170 61.778560 4.793609 2
-45.425590 59.554850 4.870748 2
39.811180 -30.194320 9.383138 2
41.982070 -32.392370 9.410302 2
57.351510 -47.642640 9.291133 2
59.557740 -49.777680 9.219949 2
42.057910 -28.083560 5.025651 2
44.230470 -30.270300 5.039834 2
59.581920 -45.443370 4.861450 2
61.805330 -47.587970 4.782637 2
-7.053962 17.944840 8.109121 2
-3.919068 15.606330 7.312743 2
-8.053893 22.908090 4.145806 2
18.335380 -6.715294 7.379917 2
20.973310 -9.969300 7.995991 2
18.278850 -2.738776 3.459928 2
-43.377660 53.068560 9.309102 2
-41.195520 50.835210 9.360312 2
-34.698980 44.257190 9.441788 2
-41.100900 55.124130 4.976767 2
-38.921160 52.910160 5.010995 2
-32.406730 46.351010 5.055723 2
50.707730 -41.117970 9.410242 2
52.909510 -43.293430 9.383923 2
44.155110 -34.580880 9.425772 2
52.958700 -38.961910 5.003210 2
55.163360 -41.132430 4.969068 2
46.407300 -32.451750 5.044449 2
-17.173560 27.004110 9.169452 2
-21.610460 31.276910 9.333554 2
-14.799850 29.116070 4.683780 2
-19.223040 33.346250 4.876793 2
27.016050 -16.831830 8.815784 2
31.206730 -21.316700 9.109976 2
29.179380 -14.819480 4.640103 2
33.417280 -19.261510 4.844233 2
-28.182540 37.744500 9.438041 2
-51.863590 61.941910 8.921678 2
-59.886060 70.892400 7.993664 2
-57.964720 68.664830 8.299889 2
-25.845060 39.824310 5.020743 2
-49.703350 64.007590 4.695760 2
-58.032780 73.041450 3.991336 2
-55.991540 70.765470 4.226062 2
37.629950 -27.972150 9.342199 2
61.803760 -51.928760 9.125008 2
68.591040 -58.219020 8.627980 2
70.903560 -60.253330 8.349779 2
39.889630 -25.890600 5.000979 2
64.015420 -49.699120 4.683700 2
70.755040 -55.969960 4.214915 2
73.005200 -57.992280 3.987078 2
1.660134 14.595980 2.743888 2
15.019950 -2.208582 6.188637 2
-36.856240 46.431360 9.424887 2
-39.023160 48.624950 9.398216 2
-34.592200 48.542720 5.049477 2
-36.755620 50.720890 5.034730 2
46.329980 -36.760640 9.430663 2
48.509850 -38.935420 9.425578 2
48.580670 -34.620720 5.040052 2
50.767610 -36.794100 5.026492 2
-19.379990 29.116210 9.263780 2
-17.015530 31.222780 4.792754 2
29.080160 -19.059930 8.979773 2
31.294340 -17.049420 4.755077 2
-55.968460 66.416170 8.552289 2
-53.935910 64.179530 8.756383 2
-53.922630 68.505170 4.417461 2
-51.826190 66.254210 4.571988 2
66.321010 -56.159710 8.838693 2
64.054600 -54.055540 9.000934 2
68.508550 -53.912320 4.403761 2
66.255410 -51.814230 4.558822 2
-10.160430 20.563570 8.596863 2
20.274350 -5.013414 3.739060 2
22.946780 -8.036062 4.089281 2
-45.500580 55.256490 9.244086 2
-43.268330 57.337560 4.930767 2
55.121500 -45.466560 9.345064 2
57.371860 -43.294380 4.922514 2
-61.732650 73.110520 7.622127 2
-63.585660 75.439350 7.146298 2
-60.020790 75.309780 3.711019 2
-62.002660 77.626560 3.376095 2
79.212970 -66.696360 6.483388 2
80.012670 -64.014400 3.001730 2

#Left arm:
STRIP= 1 1 (12,21,109,69,70,46,47,88,120,89,36,37,100,58,59,80,114,115,78,79,135,60,61,101,127,126,102,103,33,34,141,22,3) (12,23,71,131,132,48,49,90,121,91,39,40,104,62,63,83,116,117,81,82,136,64,65,105,129,128,106,107,25,26,142,24,4)

#Right arm
STRIP= 1 1 (9,14,27,67,66,130,43,42,84,118,85,29,28,92,51,50,74,110,111,73,72,133,53,52,93,123,122,95,94,137,138,30,13,1) (9,108,6,5,68,45,44,86,119,87,32,31,96,55,54,77,112,113,76,75,134,57,56,97,125,124,99,98,139,140,41,15,2)

#Face dislocation
DISLOC= 1 (12,20,35,19,9,18,16,17,38,11,12)

#SFT facets and dislocations
FAN= 0 1 (10,7,8)
FAN= 0 1 (8,11,38,17,16,7)
FAN= 0 1 (10,12,20,35,19,9)
FAN= 0 1 (10,12,11,8)
DISLOC= 3 (16,7,8,11)
DISLOC= 3 (12,10,7)
DISLOC= 3 (10,8)
