NODES:
85.000000 -68.000000 2.000000 2
-69.000000 84.000000 4.000000 2
-68.000000 85.000000 2.000000 2
84.000000 -69.000000 4.000000 2
-70.076320 81.331520 7.744794 2
-69.733020 78.107180 10.625830 2
0.000000 13.000000 0.000000 3
0.000000 0.000000 13.000000 3
3.000000 13.000000 3.000000 3
13.000000 13.000000 13.000000 3
3.030015 0.000000 9.969985 3
13.000000 3.000000 3.000000 3
3.155434 2.844566 13.000000 3
-34.582330 29.610330 23.972030 2 
-32.151130 27.322220 23.829190 2
2.081595 7.415484 9.502922 2
2.448906 10.383630 6.167460 2
1.798798 13.285750 3.915457 2
2.730097 1.153858 9.116046 2
2.432228 10.567770 0.000000 2
61.272100 -61.111670 18.839560 2
65.348430 -62.888700 16.540250 2
8.793347 8.326848 4.120194 2
6.418299 10.869660 4.287962 2
80.310450 -67.197220 5.886772 2
84.065630 -67.996710 2.931090 2
4.728857 12.179190 3.908044 2
-64.649890 74.657940 8.991953 2
-63.766300 72.115580 10.650720 2
-28.785070 24.367320 23.418230 2
-5.831502 11.086930 13.745340 2
-3.444437 10.779950 11.665120 2
5.311597 -19.875590 33.564000 2
7.312411 -22.130050 33.817650 2
-69.728500 83.292500 5.435995 2
-32.815190 22.286080 29.529110 2
-29.795820 19.097890 29.697940 2
-0.926863 11.150840 8.776393 2
-37.698860 32.725440 23.973430 2
-15.592390 3.924645 30.667740 2
-13.370480 1.469575 30.900910 2
-9.145340 12.136280 16.009920 2
-17.421110 16.240870 20.181110 2
-13.216280 13.945800 18.271380 2
4.005482 2.521165 11.515680 2
22.270810 -37.995670 34.724880 2
26.118440 -41.689690 34.571260 2
-0.201041 1.339372 17.861670 2
-0.993697 -0.802674 20.796370 2
17.238520 -28.266660 30.028150 2
20.380170 -31.497910 30.117730 2
2.108812 -16.219650 33.110840 2
68.105030 -69.845860 20.740820 2
72.392790 -71.157330 17.764540 2
4.265999 3.064095 11.669910 1
-0.618865 -3.719890 23.338760 2
0.756617 -7.172255 25.415640 2
-41.070970 31.270360 28.800620 2
-38.483800 28.388800 29.095000 2
-60.884760 57.709050 22.175710 2
-58.363280 53.656060 23.707230 2
-40.653400 35.878570 23.774840 2
-55.900040 56.077960 18.822070 2
-54.144490 53.294890 19.849600 2
28.786270 -44.128680 34.342410 2
54.493070 -63.224490 27.731420 2
59.220930 -65.863400 25.642480 2
26.479280 -37.365200 29.885920 2
29.440030 -40.017560 29.577530 2
40.203590 -48.613490 27.409910 2
43.475220 -50.920670 26.445450 2
-3.366097 -9.939364 32.305460 2
-1.491480 -12.089400 32.580880 2
12.874560 3.083627 2.958186 3
-21.595350 10.405390 30.189960 2
-18.715240 7.316329 30.398910 2
10.765480 3.041814 5.150898 4
-53.440300 46.505700 25.934600 2
-51.052170 43.313030 26.739140 2
-43.689570 34.270750 28.418820 2
-50.275490 47.683400 21.592100 2
-48.154990 44.850690 22.304300 2
-68.777790 74.422900 13.354880 2
41.837640 -54.805240 31.967600 2
45.433530 -57.386620 30.953100 2
31.936610 -46.896470 33.959850 2
37.728190 -46.777780 28.049590 2
32.319420 -42.475630 29.156200 2
10.575840 -25.734890 34.159050 2
-26.716810 15.850490 29.866320 2
1.958757 2.629821 14.411420 2
2.314902 7.961926 2.723172 2
76.799990 -66.462410 8.662424 2
-23.986560 12.955530 30.031030 2
2.910003 -10.936180 27.026180 2
5.235109 -14.301390 28.066280 2
13.836010 -24.607290 29.771280 2
-35.732010 25.398660 29.333350 2
-63.391480 62.116400 20.275080 2
-67.458470 70.730520 15.727940 2
11.986970 4.155613 3.142582 2
-57.537380 58.846980 17.690390 2
-62.750400 69.485250 12.265150 2
-61.627740 66.858170 13.769580 2
-5.496725 -7.489375 31.986100 2
-22.985770 19.866580 22.119930 2
-20.153600 17.947660 21.206760 2
63.646050 -68.027700 23.381650 2
79.758320 -71.773410 11.015090 2
82.289590 -70.992390 7.702795 2
23.455600 -34.524390 30.068790 2
2.208928 6.094697 10.696370 2
68.760560 -64.170940 14.410380 2
47.808670 -53.767090 24.958400 2
52.096190 -56.354620 23.258410 2
6.966215 3.000000 9.033784 4
3.010144 11.267580 4.722278 2
-46.174860 37.210170 27.964690 2
-48.640830 40.233670 27.407160 2
-43.448170 39.049080 23.399080 2
-45.894160 41.986790 22.907380 2
35.133430 -49.578590 33.445160 2
38.404630 -52.195690 32.791060 2
35.073780 -44.717040 28.643260 2
2.454712 4.586138 5.959151 2
-10.576700 -1.674452 31.251150 2
-8.046572 -4.561636 31.608210 2
10.494290 -20.831420 29.337130 2
7.789579 -17.596700 28.807120 2
-65.669560 66.617460 18.052100 2
-60.394000 64.227490 15.166510 2
-59.029450 61.553910 16.475540 2
76.387370 -71.839310 14.451940 2
58.433430 -59.736610 20.303080 2
-66.380360 80.235950 5.144407 2
-65.585210 77.637990 6.947227 2
1.037656 12.825060 5.137376 2
17.920560 -33.603370 34.682950 2
20.101620 -35.830840 34.729310 2
-55.879930 49.941440 24.938490 2
-52.270390 50.497200 20.773190 2
49.864510 -60.361900 29.497390 2
-67.260020 82.718980 3.541043 2
83.678220 -69.841650 5.163429 2
72.140250 -65.260900 12.120650 2
14.289900 -29.765270 34.475610 2
-26.308880 22.350460 22.959030 2
55.491570 -58.221400 21.729830 2

#left arm
INTERPOLATE_STRIP= 1 1 (4,144,110,109,133,54,53,108,67,66,142,85,84,123,122,86,65,47,46,139,138,146,89,34,33,52,73,72,105,127,126,41,40)(1,26,25,93,145,113,22,21,134,148,115,114,71,70,87,124,88,69,68,111,51,50,97,128,129,96,95,57,56,49,48,91,13)

#right arm
INTERPOLATE_STRIP= 1 1 (2,35,5,6,83,100,130,99,60,61,140,78,79,119,118,80,58,59,98,36,37,90,94,75,76,40)(3,143,135,136,28,29,103,104,131,132,102,63,64,141,81,82,121,120,62,39,14,15,30,147,106,107,43) 

#central region
INTERPOLATE_FAN= 0 1 (40,43,44,42,31,32,38) 
INTERPOLATE_DISLOC= 1 (43,44,42,31,32,38,137,18,9) 
FAN= 0 1 (40,38,13)
INTERPOLATE_FAN= 0 1 (38,137,18,9,117,17,16,112,13) 
FAN= 0 1 (40,43,107)
INTERPOLATE_DISLOC= 1 (9,117,17,16,112,13)


# dislocations and SFs for front facet
FAN= 0 1 (9,7,20)
DISLOC= 1 (9,20)
DISLOC= 3 (20,7)
DISLOC= 3 (10,12)
INTERPOLATE_FAN= 0 1 (10,9,27,24,23,101,74,12)
INTERPOLATE_DISLOC= 1 (9,27,24,23,101,74,12)

# dislocations and SFs for right facet
FAN= 3 1 (10,8,7)

# dislocations and SFTs for left facet
FAN= 0 1 (10,12,77,116,55,13)
DISLOC= 2 (116,55,13)
DISLOC= 4 (12,77,116)
INTERPOLATE_DISLOC= 1 (116,45,11)
INTERPOLATE_FAN= 0 1 (13,11,45,116)
DISLOC= 3 (11,8)
FAN= 0 1 (13,11,8)

# dislocations and SFs for the base
FAN= 0 1 (8,7,20,92,125,19,11)
DISLOC= 1 (20,92,125,19,11)

